gen,id,probability_maraud,position,successful_mating
0,0,0.01,0,3
0,1,0.01,300,10
0,2,0.01,600,16
0,3,0.01,900,5
0,4,0.01,1200,10
0,5,0.01,1500,10
1,0,0.014106998129205264,0,8
1,1,0.008412076504417798,300,10
1,2,0.01,600,9
1,3,0.01,900,11
1,4,0.008363825231563631,1200,7
1,5,0.01,1500,9
2,0,0.014106998129205264,0,9
2,1,0.008639214276886593,300,8
2,2,0.008998964604089823,600,7
2,3,0.005540769414351223,900,15
2,4,0.008363825231563631,1200,4
2,5,0.01,1500,11
3,0,0.014106998129205264,0,9
3,1,0.007878808191577118,300,9
3,2,0.008998964604089823,600,7
3,3,0.004123963016885784,900,12
3,4,0.008363825231563631,1200,10
3,5,0.01,1500,7
4,0,0.014106998129205264,0,7
4,1,0.0050484855632883935,300,9
4,2,0.008998964604089823,600,12
4,3,0.004123963016885784,900,14
4,4,0.004392807113130387,1200,5
4,5,0.01902481495016921,1500,7
5,0,0.01304636423446633,0,14
5,1,0.006824400565022456,300,3
5,2,0.008998964604089823,600,9
5,3,0.0034365554433284863,900,9
5,4,0.004392807113130387,1200,8
5,5,0.01902481495016921,1500,11
6,0,0.012560074918040893,0,14
6,1,0.006824400565022456,300,3
6,2,0.008998964604089823,600,10
6,3,0.00489478595425583,900,12
6,4,0.004392807113130387,1200,7
6,5,0.01902481495016921,1500,8
7,0,0.01340739772285671,0,9
7,1,0.006824400565022456,300,7
7,2,0.008998964604089823,600,9
7,3,0.004471714811269165,900,5
7,4,0.004392807113130387,1200,11
7,5,0.01902481495016921,1500,13
8,0,0.01340739772285671,0,9
8,1,0.008106663922772263,300,11
8,2,0.007495490911992258,600,6
8,3,0.004471714811269165,900,6
8,4,0.004392807113130387,1200,9
8,5,0.01721084955537643,1500,13
9,0,0.01340739772285671,0,14
9,1,0.008106663922772263,300,8
9,2,0.01241604944974343,600,5
9,3,0.004471714811269165,900,8
9,4,0.004392807113130387,1200,9
9,5,0.01721084955537643,1500,10
10,0,0.009865976204337787,0,13
10,1,0.009992678023045848,300,9
10,2,0.01241604944974343,600,9
10,3,0.004471714811269165,900,5
10,4,0.004392807113130387,1200,8
10,5,0.0126529242539058,1500,10
11,0,0.009865976204337787,0,11
11,1,0.010323763553738683,300,8
11,2,0.011114580263160076,600,7
11,3,0.003680271793025894,900,5
11,4,0.010938090189317982,1200,13
11,5,0.0126529242539058,1500,10
12,0,0.009865976204337787,0,8
12,1,0.012593725395900606,300,11
12,2,0.011114580263160076,600,10
12,3,0.0028227475937544423,900,11
12,4,0.010938090189317982,1200,5
12,5,0.0126529242539058,1500,9
13,0,0.008514403890987237,0,7
13,1,0.012593725395900606,300,5
13,2,0.016709158482309677,600,13
13,3,0.005175886021061765,900,14
13,4,0.010938090189317982,1200,10
13,5,0.0126529242539058,1500,5
14,0,0.008514403890987237,0,10
14,1,0.01832837711269465,300,12
14,2,0.016709158482309677,600,11
14,3,0.005175886021061765,900,3
14,4,0.011245425011230737,1200,11
14,5,0.020706237093711218,1500,7
15,0,0.008514403890987237,0,9
15,1,0.016755476507053262,300,10
15,2,0.016709158482309677,600,5
15,3,0.0037463547076960987,900,10
15,4,0.014853052637843828,1200,10
15,5,0.029485578836728758,1500,10
16,0,0.008514403890987237,0,10
16,1,0.016755476507053262,300,11
16,2,0.0059651542227849835,600,9
16,3,0.0037463547076960987,900,13
16,4,0.01277077799077427,1200,4
16,5,0.029485578836728758,1500,7
17,0,0.008514403890987237,0,9
17,1,0.018450500631421545,300,11
17,2,0.0059651542227849835,600,7
17,3,0.0017924727041219227,900,11
17,4,0.011182381781369443,1200,8
17,5,0.029485578836728758,1500,8
18,0,0.013105913412683402,0,10
18,1,0.018450500631421545,300,10
18,2,0.010481668602829149,600,8
18,3,0.0017924727041219227,900,8
18,4,0.011182381781369443,1200,9
18,5,0.029485578836728758,1500,9
19,0,0.013105913412683402,0,11
19,1,0.026292694761421327,300,10
19,2,0.010481668602829149,600,11
19,3,0.0017924727041219227,900,7
19,4,0.019929049109167075,1200,3
19,5,0.029485578836728758,1500,12
20,0,0.005413981077723691,0,6
20,1,0.026292694761421327,300,6
20,2,0.010847138073573338,600,13
20,3,0.0017924727041219227,900,9
20,4,0.027832023726499268,1200,8
20,5,0.029485578836728758,1500,12
21,0,0.008161257535155203,0,8
21,1,0.0504964570951526,300,8
21,2,0.010847138073573338,600,13
21,3,0.0019537178326106074,900,6
21,4,0.027832023726499268,1200,13
21,5,0.029485578836728758,1500,6
22,0,0.004942058171540514,0,5
22,1,0.0504964570951526,300,14
22,2,0.010847138073573338,600,13
22,3,0.0019537178326106074,900,7
22,4,0.027832023726499268,1200,8
22,5,0.059988192854453636,1500,7
23,0,0.004942058171540514,0,13
23,1,0.0504964570951526,300,6
23,2,0.007804529683860542,600,5
23,3,0.0019537178326106074,900,7
23,4,0.027832023726499268,1200,12
23,5,0.02225813016982225,1500,11
24,0,0.004942058171540514,0,7
24,1,0.04986810650412612,300,4
24,2,0.007804529683860542,600,16
24,3,0.002481294147830503,900,8
24,4,0.027832023726499268,1200,11
24,5,0.01406018404119125,1500,8
25,0,0.002041675140109377,0,13
25,1,0.047600764210995024,300,8
25,2,0.007804529683860542,600,8
25,3,0.002481294147830503,900,7
25,4,0.027832023726499268,1200,10
25,5,0.01406018404119125,1500,8
26,0,0.00253730240730201,0,6
26,1,0.047600764210995024,300,11
26,2,0.007804529683860542,600,9
26,3,0.006298864887739815,900,9
26,4,0.02414697753840071,1200,10
26,5,0.01406018404119125,1500,9
27,0,0.003206390341195991,0,6
27,1,0.03272007805343833,300,14
27,2,0.011225241856849434,600,7
27,3,0.006298864887739815,900,8
27,4,0.02414697753840071,1200,10
27,5,0.01406018404119125,1500,9
28,0,0.003206390341195991,0,14
28,1,0.027366722462881004,300,13
28,2,0.011225241856849434,600,6
28,3,0.0036869435355482267,900,4
28,4,0.02414697753840071,1200,8
28,5,0.017383368182994817,1500,9
29,0,0.004292212493512531,0,18
29,1,0.06380586747069636,300,11
29,2,0.011225241856849434,600,4
29,3,0.0028782444929506676,900,7
29,4,0.02414697753840071,1200,6
29,5,0.017383368182994817,1500,8
30,0,0.00802950051618707,0,4
30,1,0.06380586747069636,300,8
30,2,0.007179267421189265,600,4
30,3,0.0028782444929506676,900,13
30,4,0.02414697753840071,1200,13
30,5,0.017383368182994817,1500,12
31,0,0.005591710370429629,0,11
31,1,0.06380586747069636,300,11
31,2,0.007179267421189265,600,6
31,3,0.0028782444929506676,900,6
31,4,0.017716797507196316,1200,13
31,5,0.03505836722326996,1500,7
32,0,0.005591710370429629,0,10
32,1,0.08531060099475211,300,12
32,2,0.011082603837255114,600,11
32,3,0.0028782444929506676,900,9
32,4,0.017716797507196316,1200,5
32,5,0.03505836722326996,1500,7
33,0,0.010787992542897583,0,7
33,1,0.09452557202424873,300,13
33,2,0.011082603837255114,600,9
33,3,0.0028782444929506676,900,5
33,4,0.027418787069795114,1200,11
33,5,0.03505836722326996,1500,9
34,0,0.010787992542897583,0,5
34,1,0.09452557202424873,300,6
34,2,0.011082603837255114,600,9
34,3,0.005125402988630323,900,10
34,4,0.028942923519390974,1200,12
34,5,0.03505836722326996,1500,12
35,0,0.004733955100298694,0,8
35,1,0.09452557202424873,300,7
35,2,0.00938700386465467,600,7
35,3,0.005125402988630323,900,13
35,4,0.028942923519390974,1200,14
35,5,0.03505836722326996,1500,5
36,0,0.004733955100298694,0,13
36,1,0.09452557202424873,300,13
36,2,0.021872293462739972,600,6
36,3,0.005125402988630323,900,7
36,4,0.04331724049334461,1200,8
36,5,0.03505836722326996,1500,7
37,0,0.004733955100298694,0,7
37,1,0.07430231281684042,300,11
37,2,0.016178845946909676,600,12
37,3,0.005125402988630323,900,8
37,4,0.04331724049334461,1200,9
37,5,0.03505836722326996,1500,7
38,0,0.004733955100298694,0,8
38,1,0.07430231281684042,300,9
38,2,0.008711899114635834,600,7
38,3,0.004280239017378274,900,13
38,4,0.04331724049334461,1200,11
38,5,0.03505836722326996,1500,6
39,0,0.006923979686564338,0,10
39,1,0.07430231281684042,300,9
39,2,0.008711899114635834,600,9
39,3,0.003450642408844151,900,8
39,4,0.039501726796919864,1200,10
39,5,0.03505836722326996,1500,8
40,0,0.006923979686564338,0,9
40,1,0.07430231281684042,300,8
40,2,0.014533158591348011,600,6
40,3,0.003450642408844151,900,5
40,4,0.027197222564841327,1200,10
40,5,0.03505836722326996,1500,16
41,0,0.006923979686564338,0,13
41,1,0.09077921563983306,300,10
41,2,0.020638877469731493,600,7
41,3,0.003450642408844151,900,9
41,4,0.027197222564841327,1200,8
41,5,0.03505836722326996,1500,7
42,0,0.006923979686564338,0,6
42,1,0.09077921563983306,300,11
42,2,0.011878248003507716,600,8
42,3,0.003450642408844151,900,12
42,4,0.023656188456010783,1200,10
42,5,0.040012496125595806,1500,7
43,0,0.006923979686564338,0,9
43,1,0.08995573119172759,300,9
43,2,0.00934174290391288,600,8
43,3,0.003450642408844151,900,4
43,4,0.023656188456010783,1200,11
43,5,0.02456163657418684,1500,13
44,0,0.006923979686564338,0,6
44,1,0.09840780151167265,300,15
44,2,0.008268165920579827,600,7
44,3,0.002612758742002524,900,6
44,4,0.023656188456010783,1200,8
44,5,0.03412513596973681,1500,12
45,0,0.006923979686564338,0,4
45,1,0.09840780151167265,300,18
45,2,0.0026639627926568444,600,9
45,3,0.002612758742002524,900,8
45,4,0.023656188456010783,1200,7
45,5,0.05825285323662694,1500,8
46,0,0.006923979686564338,0,9
46,1,0.09840780151167265,300,6
46,2,0.0015859043141482107,600,10
46,3,0.002612758742002524,900,12
46,4,0.017880911486480904,1200,8
46,5,0.05825285323662694,1500,9
47,0,0.01282882640929743,0,6
47,1,0.09840780151167265,300,11
47,2,0.0015859043141482107,600,8
47,3,0.005905404333732739,900,9
47,4,0.017880911486480904,1200,5
47,5,0.05825285323662694,1500,15
48,0,0.01282882640929743,0,11
48,1,0.09840780151167265,300,11
48,2,0.0011764453667485431,600,6
48,3,0.005905404333732739,900,8
48,4,0.010407412344109818,1200,11
48,5,0.05825285323662694,1500,7
49,0,0.01282882640929743,0,6
49,1,0.09840780151167265,300,16
49,2,0.0011764453667485431,600,8
49,3,0.0017360139818076617,900,10
49,4,0.010407412344109818,1200,9
49,5,0.0762909399226287,1500,5
50,0,0.01304669020785534,0,7
50,1,0.1212047173788921,300,14
50,2,0.000883173487085073,600,9
50,3,0.0017360139818076617,900,2
50,4,0.010407412344109818,1200,7
50,5,0.06257051108942581,1500,15
51,0,0.019115169192919335,0,7
51,1,0.1212047173788921,300,7
51,2,0.000883173487085073,600,13
51,3,0.0017360139818076617,900,9
51,4,0.008321896901569053,1200,4
51,5,0.0851693191585457,1500,14
52,0,0.02190399121402571,0,9
52,1,0.1212047173788921,300,6
52,2,0.0004775836160323335,600,11
52,3,0.0017360139818076617,900,11
52,4,0.008321896901569053,1200,10
52,5,0.0851693191585457,1500,7
53,0,0.040412239777475545,0,12
53,1,0.1212047173788921,300,13
53,2,0.00036888456092101963,600,4
53,3,0.0017360139818076617,900,7
53,4,0.008321896901569053,1200,8
53,5,0.1549410793783276,1500,10
54,0,0.049433577564914837,0,6
54,1,0.12663152179284687,300,13
54,2,0.00036888456092101963,600,4
54,3,0.0018915792664986788,900,9
54,4,0.0037099698749201125,1200,9
54,5,0.1549410793783276,1500,13
55,0,0.07242329979691497,0,4
55,1,0.25280887979104716,300,11
55,2,0.00036888456092101963,600,11
55,3,0.0018915792664986788,900,8
55,4,0.0037099698749201125,1200,11
55,5,0.1549410793783276,1500,9
56,0,0.09969735921685333,0,7
56,1,0.25280887979104716,300,5
56,2,0.0002558281493562463,600,12
56,3,0.0018915792664986788,900,8
56,4,0.0037099698749201125,1200,11
56,5,0.1549410793783276,1500,10
57,0,0.0996579341545322,0,7
57,1,0.25280887979104716,300,13
57,2,0.0002558281493562463,600,10
57,3,0.0018915792664986788,900,9
57,4,0.004119958513629186,1200,7
57,5,0.14790609713574168,1500,8
58,0,0.0996579341545322,0,6
58,1,0.25280887979104716,300,17
58,2,9.712524010199429e-05,600,2
58,3,0.0018915792664986788,900,7
58,4,0.004119958513629186,1200,17
58,5,0.10032318855285913,1500,5
59,0,0.1325348716381907,0,3
59,1,0.25280887979104716,300,10
59,2,0.00010615756308770958,600,12
59,3,0.0018915792664986788,900,9
59,4,0.005044962908561078,1200,11
59,5,0.10032318855285913,1500,9
60,0,0.1325348716381907,0,15
60,1,0.25280887979104716,300,10
60,2,0.00011747655027081604,600,10
60,3,0.001619076808837355,900,2
60,4,0.0029967878199084873,1200,6
60,5,0.10032318855285913,1500,11
61,0,0.09273542454073373,0,3
61,1,0.25280887979104716,300,11
61,2,7.612753950444173e-05,600,9
61,3,0.001619076808837355,900,11
61,4,0.002896273083011318,1200,8
61,5,0.09803727037294609,1500,12
62,0,0.09273542454073373,0,6
62,1,0.25280887979104716,300,6
62,2,6.5204675960212e-05,600,12
62,3,0.001619076808837355,900,16
62,4,0.0016990246653877286,1200,9
62,5,0.11607469980701106,1500,5
63,0,0.09273542454073373,0,5
63,1,0.3613445189570587,300,10
63,2,6.5204675960212e-05,600,9
63,3,0.0029068060719666007,900,9
63,4,0.0016990246653877286,1200,17
63,5,0.11607469980701106,1500,4
64,0,0.09273542454073373,0,9
64,1,0.16920687070535934,300,11
64,2,6.5204675960212e-05,600,4
64,3,0.0020816067055655953,900,10
64,4,0.0016990246653877286,1200,14
64,5,0.11607469980701106,1500,6
65,0,0.09273542454073373,0,9
65,1,0.16920687070535934,300,10
65,2,6.5204675960212e-05,600,7
65,3,0.0023738818573245187,900,8
65,4,0.0016990246653877286,1200,10
65,5,0.23504249985305198,1500,10
66,0,0.09273542454073373,0,9
66,1,0.16920687070535934,300,11
66,2,5.021557510472378e-05,600,5
66,3,0.0023738818573245187,900,8
66,4,0.0016990246653877286,1200,10
66,5,0.19701671880026733,1500,11
67,0,0.09273542454073373,0,7
67,1,0.1935760675946988,300,12
67,2,5.021557510472378e-05,600,10
67,3,0.0018757046387186621,900,11
67,4,0.0015283946213863963,1200,6
67,5,0.19701671880026733,1500,8
68,0,0.09273542454073373,0,10
68,1,0.2507744828425843,300,8
68,2,5.362799263438323e-05,600,5
68,3,0.0018757046387186621,900,12
68,4,0.0015283946213863963,1200,10
68,5,0.19701671880026733,1500,9
69,0,0.1109850442720567,0,2
69,1,0.2507744828425843,300,10
69,2,5.362799263438323e-05,600,10
69,3,0.0017121780348411451,900,15
69,4,0.002243551194996694,1200,6
69,5,0.19701671880026733,1500,11
70,0,0.14043150622485834,0,10
70,1,0.2507744828425843,300,13
70,2,0.0001078990228477219,600,9
70,3,0.0017121780348411451,900,10
70,4,0.002243551194996694,1200,7
70,5,0.19701671880026733,1500,5
71,0,0.14043150622485834,0,8
71,1,0.2507744828425843,300,6
71,2,0.00013832431317800547,600,9
71,3,0.0019031046469012685,900,9
71,4,0.002243551194996694,1200,12
71,5,0.19701671880026733,1500,10
72,0,0.10763099992298199,0,5
72,1,0.2507744828425843,300,17
72,2,0.00010900018176310532,600,10
72,3,0.0019031046469012685,900,7
72,4,0.002243551194996694,1200,5
72,5,0.29450638458328066,1500,10
73,0,0.13006718479840676,0,10
73,1,0.19601529878250848,300,8
73,2,7.528613348406916e-05,600,8
73,3,0.0019031046469012685,900,11
73,4,0.002243551194996694,1200,5
73,5,0.2642659131347312,1500,12
74,0,0.17867146666443798,0,9
74,1,0.19601529878250848,300,9
74,2,5.5261935646903066e-05,600,11
74,3,0.0019031046469012685,900,5
74,4,0.002645528841288678,1200,10
74,5,0.2642659131347312,1500,9
75,0,0.17867146666443798,0,6
75,1,0.1447875196347786,300,12
75,2,3.678190048897664e-05,600,10
75,3,0.001315580667239932,900,6
75,4,0.002645528841288678,1200,13
75,5,0.26184766753863825,1500,7
76,0,0.17080976995003067,0,5
76,1,0.1447875196347786,300,15
76,2,3.678190048897664e-05,600,7
76,3,0.0006876012707985275,900,13
76,4,0.0038352500967302377,1200,7
76,5,0.26184766753863825,1500,7
77,0,0.17080976995003067,0,9
77,1,0.1447875196347786,300,13
77,2,4.6249665635866735e-05,600,8
77,3,0.0006001288163234709,900,8
77,4,0.0038352500967302377,1200,8
77,5,0.36805990356005214,1500,8
78,0,0.17080976995003067,0,3
78,1,0.1447875196347786,300,9
78,2,4.643362454611351e-05,600,13
78,3,0.0006001288163234709,900,8
78,4,0.0017123429352689096,1200,8
78,5,0.36805990356005214,1500,13
79,0,0.27304485800927963,0,8
79,1,0.0937932351190938,300,7
79,2,4.643362454611351e-05,600,13
79,3,0.00053540077136102,900,10
79,4,0.001783203673268417,1200,10
79,5,0.36805990356005214,1500,6
80,0,0.21537377845120464,0,10
80,1,0.12226632780318113,300,10
80,2,4.643362454611351e-05,600,9
80,3,0.00053540077136102,900,10
80,4,0.001783203673268417,1200,4
80,5,0.5238626812509624,1500,11
81,0,0.21537377845120464,0,9
81,1,0.2641272128791868,300,6
81,2,4.643362454611351e-05,600,10
81,3,0.00053540077136102,900,8
81,4,0.001783203673268417,1200,9
81,5,0.5814155668564263,1500,12
82,0,0.14135286356893523,0,3
82,1,0.3355633694067189,300,9
82,2,4.643362454611351e-05,600,15
82,3,0.000715874812227585,900,12
82,4,0.001783203673268417,1200,9
82,5,0.5814155668564263,1500,6
83,0,0.24353887100728075,0,9
83,1,0.3355633694067189,300,5
83,2,4.643362454611351e-05,600,10
83,3,0.0006592984753082322,900,8
83,4,0.0034342711064781857,1200,11
83,5,0.5814155668564263,1500,11
84,0,0.24353887100728075,0,1
84,1,0.3355633694067189,300,8
84,2,5.213109527842746e-05,600,18
84,3,0.0006592984753082322,900,7
84,4,0.004756791570356041,1200,11
84,5,0.7412552876822258,1500,9
85,0,0.20353001554200292,0,7
85,1,0.29153828363999507,300,10
85,2,5.213109527842746e-05,600,12
85,3,0.0006592984753082322,900,7
85,4,0.006507175691679301,1200,11
85,5,0.7412552876822258,1500,7
86,0,0.20353001554200292,0,6
86,1,0.27038232151632924,300,3
86,2,3.103541336754547e-05,600,14
86,3,0.0006592984753082322,900,12
86,4,0.006507175691679301,1200,6
86,5,0.6888066580826278,1500,13
87,0,0.20353001554200292,0,2
87,1,0.3805716942897313,300,13
87,2,3.103541336754547e-05,600,14
87,3,0.0006592984753082322,900,9
87,4,0.006507175691679301,1200,7
87,5,0.7536241757462873,1500,9
88,0,0.24808030745436335,0,5
88,1,0.3805716942897313,300,13
88,2,3.103541336754547e-05,600,12
88,3,0.0008078860659668875,900,8
88,4,0.006507175691679301,1200,3
88,5,0.7596005330775979,1500,13
89,0,0.24808030745436335,0,8
89,1,0.43284894226161325,300,6
89,2,2.4257607676079495e-05,600,10
89,3,0.0007574500905169659,900,7
89,4,0.006507175691679301,1200,6
89,5,0.7596005330775979,1500,17
90,0,0.24808030745436335,0,6
90,1,0.3433942944504808,300,7
90,2,2.4257607676079495e-05,600,13
90,3,0.0007574500905169659,900,12
90,4,0.006507175691679301,1200,9
90,5,0.6454381762821699,1500,7
91,0,0.24808030745436335,0,7
91,1,0.4762279649935929,300,7
91,2,2.4257607676079495e-05,600,12
91,3,0.0007055383862432491,900,11
91,4,0.006507175691679301,1200,5
91,5,0.7127479912164997,1500,12
92,0,0.16298145823260385,0,7
92,1,0.5549344911297914,300,6
92,2,2.4257607676079495e-05,600,9
92,3,0.0007055383862432491,900,6
92,4,0.006507175691679301,1200,9
92,5,0.7997212630099236,1500,17
93,0,0.22502794523606598,0,5
93,1,0.7380928229990462,300,9
93,2,2.4257607676079495e-05,600,7
93,3,0.0007055383862432491,900,3
93,4,0.006507175691679301,1200,17
93,5,0.7997212630099236,1500,13
94,0,0.22502794523606598,0,2
94,1,0.5246050428166736,300,12
94,2,2.4257607676079495e-05,600,7
94,3,0.0007055383862432491,900,9
94,4,0.0046076612104892535,1200,13
94,5,0.7997212630099236,1500,11
95,0,0.2457825669407708,0,3
95,1,0.5246050428166736,300,9
95,2,2.4257607676079495e-05,600,12
95,3,0.0007055383862432491,900,6
95,4,0.005628072279415982,1200,13
95,5,0.7951291484900663,1500,10
96,0,0.2457825669407708,0,7
96,1,0.5500111656727982,300,12
96,2,2.03526186553804e-05,600,10
96,3,0.0007055383862432491,900,6
96,4,0.005280557536359507,1200,9
96,5,0.7951291484900663,1500,10
97,0,0.2457825669407708,0,3
97,1,0.5500111656727982,300,11
97,2,2.03526186553804e-05,600,13
97,3,0.0014914382696513716,900,5
97,4,0.005280557536359507,1200,9
97,5,0.8600089340113773,1500,12
98,0,0.2457825669407708,0,1
98,1,0.4989164946419892,300,15
98,2,3.148638395460607e-05,600,12
98,3,0.0014914382696513716,900,11
98,4,0.005280557536359507,1200,5
98,5,0.8600089340113773,1500,10
99,0,0.2457825669407708,0,4
99,1,0.4989164946419892,300,8
99,2,3.148638395460607e-05,600,8
99,3,0.0014914382696513716,900,10
99,4,0.002993915737086617,1200,14
99,5,0.8600089340113773,1500,10
100,0,0.3830418568549147,0,17
100,1,0.46942218070314623,300,5
100,2,3.148638395460607e-05,600,8
100,3,0.0014914382696513716,900,10
100,4,0.0041649325070600585,1200,4
100,5,0.8600089340113773,1500,10
101,0,0.2999871715794203,0,6
101,1,0.5550103976861799,300,12
101,2,2.604099649495069e-05,600,9
101,3,0.0014914382696513716,900,9
101,4,0.0041649325070600585,1200,12
101,5,0.8600089340113773,1500,6
102,0,0.2999871715794203,0,6
102,1,0.5251665528860631,300,7
102,2,2.604099649495069e-05,600,9
102,3,0.0006222754529058384,900,14
102,4,0.0041649325070600585,1200,5
102,5,0.8739721244231745,1500,13
103,0,0.3541921103444704,0,3
103,1,0.5158195678364359,300,11
103,2,1.651961995060969e-05,600,9
103,3,0.0006222754529058384,900,7
103,4,0.0041649325070600585,1200,12
103,5,0.8739721244231745,1500,11
104,0,0.3541921103444704,0,4
104,1,0.5158195678364359,300,7
104,2,1.651961995060969e-05,600,8
104,3,0.0006222754529058384,900,13
104,4,0.015588530622007329,1200,11
104,5,0.8739721244231745,1500,9
105,0,0.299950958236113,0,7
105,1,0.3616907736677365,300,7
105,2,1.651961995060969e-05,600,10
105,3,0.0006222754529058384,900,9
105,4,0.015588530622007329,1200,6
105,5,0.885029305018274,1500,15
106,0,0.3251511031926693,0,3
106,1,0.5325002425024177,300,11
106,2,1.651961995060969e-05,600,14
106,3,0.0006222754529058384,900,5
106,4,0.015588530622007329,1200,6
106,5,0.8502532110975859,1500,14
107,0,0.25224569529434515,0,9
107,1,0.4782436420022507,300,6
107,2,1.651961995060969e-05,600,15
107,3,0.0006222754529058384,900,8
107,4,0.029913177776103646,1200,6
107,5,0.8320622873026037,1500,10
108,0,0.25224569529434515,0,6
108,1,0.38305502545782855,300,8
108,2,1.651961995060969e-05,600,14
108,3,0.0006222754529058384,900,7
108,4,0.029913177776103646,1200,12
108,5,0.8137064271380886,1500,7
109,0,0.25224569529434515,0,6
109,1,0.38704254095052487,300,7
109,2,2.7012217124717174e-05,600,10
109,3,0.0006222754529058384,900,9
109,4,0.029913177776103646,1200,10
109,5,0.8447895803508751,1500,12
110,0,0.22837067656936272,0,7
110,1,0.38704254095052487,300,9
110,2,2.7012217124717174e-05,600,7
110,3,0.00064599827605575,900,11
110,4,0.013176217652170776,1200,7
110,5,0.8447895803508751,1500,13
111,0,0.22837067656936272,0,3
111,1,0.38704254095052487,300,5
111,2,1.935303570517032e-05,600,18
111,3,0.00064599827605575,900,11
111,4,0.013176217652170776,1200,11
111,5,0.8817044022501535,1500,6
112,0,0.1836928830012195,0,7
112,1,0.4411518953987104,300,8
112,2,1.3496046083185302e-05,600,11
112,3,0.00064599827605575,900,6
112,4,0.013176217652170776,1200,8
112,5,0.8817044022501535,1500,14
113,0,0.1836928830012195,0,4
113,1,0.5300776896670438,300,9
113,2,1.3496046083185302e-05,600,10
113,3,0.00064599827605575,900,11
113,4,0.017210981354591297,1200,11
113,5,0.8852445318052408,1500,9
114,0,0.23219844770883022,0,9
114,1,0.5300776896670438,300,9
114,2,1.3496046083185302e-05,600,10
114,3,0.0005195299515185993,900,11
114,4,0.012725857734807368,1200,6
114,5,0.8852445318052408,1500,9
115,0,0.22895243396966747,0,8
115,1,0.5544515064045871,300,11
115,2,1.3496046083185302e-05,600,10
115,3,0.0005195299515185993,900,9
115,4,0.012725857734807368,1200,5
115,5,0.8852445318052408,1500,11
116,0,0.22895243396966747,0,5
116,1,0.5544515064045871,300,9
116,2,1.3496046083185302e-05,600,10
116,3,0.0005195299515185993,900,11
116,4,0.012725857734807368,1200,9
116,5,0.87829501500676,1500,9
117,0,0.22895243396966747,0,9
117,1,0.5790662940941983,300,4
117,2,1.3496046083185302e-05,600,12
117,3,0.0005239441621385435,900,11
117,4,0.04110938788614756,1200,5
117,5,0.8697400939389368,1500,13
118,0,0.09787771659759076,0,3
118,1,0.5790662940941983,300,12
118,2,1.2328589468843005e-05,600,13
118,3,0.0005239441621385435,900,10
118,4,0.04783568287446354,1200,9
118,5,0.8697400939389368,1500,7
119,0,0.09787771659759076,0,9
119,1,0.5790662940941983,300,17
119,2,1.2866314787538004e-05,600,8
119,3,0.0008923837790091569,900,10
119,4,0.04783568287446354,1200,4
119,5,0.8775659107738838,1500,6
120,0,0.09787771659759076,0,5
120,1,0.5790662940941983,300,12
120,2,4.505275714548203e-05,600,9
120,3,0.0008923837790091569,900,9
120,4,0.04783568287446354,1200,7
120,5,0.8775659107738838,1500,12
121,0,0.09787771659759076,0,11
121,1,0.5790662940941983,300,6
121,2,4.505275714548203e-05,600,9
121,3,0.0008923837790091569,900,10
121,4,0.0727140748376056,1200,6
121,5,0.8794147826028148,1500,12
122,0,0.12612932851893016,0,9
122,1,0.5790662940941983,300,4
122,2,4.505275714548203e-05,600,11
122,3,0.0008923837790091569,900,8
122,4,0.033198470782587294,1200,8
122,5,0.8794147826028148,1500,14
123,0,0.1005948197818519,0,10
123,1,0.5790662940941983,300,8
123,2,4.505275714548203e-05,600,11
123,3,0.0008923837790091569,900,10
123,4,0.033198470782587294,1200,10
123,5,0.7729996630003603,1500,5
124,0,0.1005948197818519,0,6
124,1,0.5790662940941983,300,11
124,2,4.505275714548203e-05,600,10
124,3,0.0017212402625110404,900,11
124,4,0.040833318856629545,1200,6
124,5,0.7729996630003603,1500,10
125,0,0.1817971817473749,0,5
125,1,0.5790662940941983,300,3
125,2,5.172057753664379e-05,600,11
125,3,0.0021170930298727796,900,13
125,4,0.040833318856629545,1200,11
125,5,0.7729996630003603,1500,11
126,0,0.1560228631416585,0,3
126,1,0.41854345641272095,300,7
126,2,5.172057753664379e-05,600,18
126,3,0.0021170930298727796,900,5
126,4,0.040833318856629545,1200,10
126,5,0.7880848803778397,1500,11
127,0,0.1560228631416585,0,5
127,1,0.41854345641272095,300,13
127,2,5.217664404653394e-05,600,14
127,3,0.0021170930298727796,900,6
127,4,0.04402595922332307,1200,8
127,5,0.865638545589945,1500,8
128,0,0.1769398735766965,0,6
128,1,0.41854345641272095,300,4
128,2,5.217664404653394e-05,600,13
128,3,0.0028399789264902417,900,17
128,4,0.022246377400802996,1200,7
128,5,0.8819725108740671,1500,7
129,0,0.34187498155439533,0,8
129,1,0.41854345641272095,300,11
129,2,5.217664404653394e-05,600,9
129,3,0.0028399789264902417,900,9
129,4,0.022246377400802996,1200,6
129,5,0.9476571229788959,1500,10
130,0,0.34187498155439533,0,10
130,1,0.41854345641272095,300,9
130,2,9.949273335231986e-05,600,14
130,3,0.004155376508023498,900,4
130,4,0.022246377400802996,1200,11
130,5,0.9707186831709355,1500,6
131,0,0.34187498155439533,0,11
131,1,0.3324764096588461,300,8
131,2,9.949273335231986e-05,600,13
131,3,0.009479646608226684,900,7
131,4,0.022246377400802996,1200,6
131,5,0.9636809598529794,1500,9
132,0,0.34187498155439533,0,8
132,1,0.3324764096588461,300,15
132,2,9.949273335231986e-05,600,11
132,3,0.022210149437671904,900,9
132,4,0.022246377400802996,1200,4
132,5,0.9752066092959977,1500,6
133,0,0.34187498155439533,0,9
133,1,0.3324764096588461,300,13
133,2,9.949273335231986e-05,600,10
133,3,0.022210149437671904,900,4
133,4,0.005594971890252816,1200,14
133,5,0.9752066092959977,1500,4
134,0,0.2866164601267717,0,8
134,1,0.3324764096588461,300,7
134,2,9.949273335231986e-05,600,17
134,3,0.022210149437671904,900,11
134,4,0.003637930381420728,1200,8
134,5,0.9712191034766352,1500,3
135,0,0.2866164601267717,0,7
135,1,0.5467772661868879,300,9
135,2,9.949273335231986e-05,600,9
135,3,0.022210149437671904,900,10
135,4,0.003637930381420728,1200,14
135,5,0.9712191034766352,1500,4
136,0,0.2866164601267717,0,8
136,1,0.5467772661868879,300,12
136,2,5.1945232063589006e-05,600,10
136,3,0.024813728957045717,900,9
136,4,0.003637930381420728,1200,8
136,5,0.9712191034766352,1500,6
137,0,0.23034224818043358,0,5
137,1,0.5467772661868879,300,5
137,2,0.00010502399928950561,600,20
137,3,0.024813728957045717,900,11
137,4,0.003637930381420728,1200,7
137,5,0.9712191034766352,1500,6
138,0,0.23034224818043358,0,7
138,1,0.5467772661868879,300,11
138,2,0.00010502399928950561,600,13
138,3,0.03411101908948169,900,7
138,4,0.006592163528713273,1200,12
138,5,0.9686809446817919,1500,4
139,0,0.23034224818043358,0,8
139,1,0.5292644948012689,300,7
139,2,0.00013556025634589306,600,14
139,3,0.03411101908948169,900,9
139,4,0.006592163528713273,1200,11
139,5,0.9633201300202027,1500,5
140,0,0.23034224818043358,0,4
140,1,0.4877461656090667,300,8
140,2,0.00013556025634589306,600,13
140,3,0.05370592373216796,900,9
140,4,0.006592163528713273,1200,12
140,5,0.9633201300202027,1500,8
141,0,0.23034224818043358,0,5
141,1,0.3796535977680516,300,6
141,2,0.00013172228232430285,600,12
141,3,0.05370592373216796,900,14
141,4,0.007457119609013558,1200,6
141,5,0.9633201300202027,1500,11
142,0,0.23034224818043358,0,8
142,1,0.3796535977680516,300,5
142,2,0.0001476460632560162,600,15
142,3,0.05370592373216796,900,9
142,4,0.010892025362889905,1200,9
142,5,0.9633201300202027,1500,8
143,0,0.23034224818043358,0,7
143,1,0.3848352754216984,300,3
143,2,0.000136060282448002,600,7
143,3,0.04619669426782974,900,13
143,4,0.02114345278729072,1200,16
143,5,0.9633201300202027,1500,6
144,0,0.23034224818043358,0,6
144,1,0.510658552742934,300,14
144,2,0.000136060282448002,600,10
144,3,0.04619669426782974,900,8
144,4,0.019006200277625188,1200,11
144,5,0.9633201300202027,1500,5
145,0,0.27585976306347554,0,7
145,1,0.5443694607233196,300,9
145,2,0.000136060282448002,600,10
145,3,0.04619669426782974,900,14
145,4,0.01764943630116074,1200,8
145,5,0.9633201300202027,1500,6
146,0,0.27585976306347554,0,9
146,1,0.37856188541265373,300,8
146,2,0.00010360845005170761,600,14
146,3,0.04730737151981559,900,14
146,4,0.01764943630116074,1200,6
146,5,0.9633201300202027,1500,3
147,0,0.27585976306347554,0,3
147,1,0.26096240478123855,300,7
147,2,0.00010360845005170761,600,20
147,3,0.04730737151981559,900,6
147,4,0.01764943630116074,1200,5
147,5,0.9265930022985754,1500,12
148,0,0.27585976306347554,0,10
148,1,0.23969473642315864,300,5
148,2,0.00010360845005170761,600,13
148,3,0.04730737151981559,900,10
148,4,0.01764943630116074,1200,6
148,5,0.9356612048020105,1500,9
149,0,0.27585976306347554,0,11
149,1,0.37574681358599726,300,11
149,2,0.00012292220349132503,600,15
149,3,0.04730737151981559,900,9
149,4,0.011794055286017348,1200,4
149,5,0.9356612048020105,1500,4
150,0,0.2667351311573194,0,7
150,1,0.37574681358599726,300,10
150,2,0.00012347973121807268,600,13
150,3,0.022433940534940223,900,8
150,4,0.017900353726370045,1200,8
150,5,0.9356612048020105,1500,7
151,0,0.2667351311573194,0,5
151,1,0.2907563753310175,300,13
151,2,0.00012347973121807268,600,15
151,3,0.022433940534940223,900,7
151,4,0.017900353726370045,1200,5
151,5,0.9388355064324204,1500,9
152,0,0.2667351311573194,0,10
152,1,0.2907563753310175,300,5
152,2,0.00010684063858743589,600,17
152,3,0.022433940534940223,900,10
152,4,0.01493925862721986,1200,5
152,5,0.9399348905004395,1500,6
153,0,0.2667351311573194,0,7
153,1,0.2907563753310175,300,7
153,2,3.100999004586441e-05,600,14
153,3,0.026820537359041174,900,9
153,4,0.01493925862721986,1200,4
153,5,0.9399348905004395,1500,13
154,0,0.2667351311573194,0,8
154,1,0.4381528004500094,300,6
154,2,3.7767562567595304e-05,600,17
154,3,0.03796744822248224,900,8
154,4,0.01493925862721986,1200,7
154,5,0.9399348905004395,1500,7
155,0,0.36755637023216714,0,4
155,1,0.4381528004500094,300,12
155,2,4.336160350965485e-05,600,16
155,3,0.04733860877919292,900,5
155,4,0.01493925862721986,1200,11
155,5,0.9399348905004395,1500,6
156,0,0.36755637023216714,0,6
156,1,0.36632184000070156,300,5
156,2,4.336160350965485e-05,600,19
156,3,0.04733860877919292,900,13
156,4,0.01581348750109029,1200,4
156,5,0.9742938544359924,1500,6
157,0,0.4394388735721745,0,11
157,1,0.36632184000070156,300,5
157,2,4.336160350965485e-05,600,11
157,3,0.09276911756468464,900,8
157,4,0.01581348750109029,1200,14
157,5,0.9742938544359924,1500,5
158,0,0.24599578028398236,0,7
158,1,0.3966957811378382,300,5
158,2,4.336160350965485e-05,600,22
158,3,0.07734020591747746,900,8
158,4,0.01581348750109029,1200,6
158,5,0.9742938544359924,1500,6
159,0,0.24599578028398236,0,4
159,1,0.3966957811378382,300,11
159,2,4.336160350965485e-05,600,12
159,3,0.05277094342047081,900,11
159,4,0.01581348750109029,1200,14
159,5,0.9794761221829855,1500,1
160,0,0.4045068441908739,0,15
160,1,0.3913368146256268,300,5
160,2,4.336160350965485e-05,600,13
160,3,0.05277094342047081,900,8
160,4,0.016095954133487404,1200,5
160,5,0.9794761221829855,1500,8
161,0,0.4045068441908739,0,13
161,1,0.3913368146256268,300,9
161,2,4.336160350965485e-05,600,14
161,3,0.05277094342047081,900,11
161,4,0.02603690817117802,1200,6
161,5,0.9873390012777022,1500,1
162,0,0.4500195959120745,0,10
162,1,0.3913368146256268,300,9
162,2,4.336160350965485e-05,600,12
162,3,0.043901443690843256,900,11
162,4,0.02603690817117802,1200,9
162,5,0.9873390012777022,1500,3
163,0,0.4500195959120745,0,4
163,1,0.3913368146256268,300,2
163,2,4.336160350965485e-05,600,19
163,3,0.04720538521786921,900,14
163,4,0.020923769535140687,1200,10
163,5,0.9873390012777022,1500,5
164,0,0.4500195959120745,0,10
164,1,0.31167382816449785,300,9
164,2,2.249921554435082e-05,600,16
164,3,0.04720538521786921,900,6
164,4,0.020923769535140687,1200,13
164,5,0.9919595605349352,1500,0
165,0,0.4500195959120745,0,10
165,1,0.35999990973134527,300,9
165,2,3.264305496129147e-05,600,12
165,3,0.04720538521786921,900,11
165,4,0.01727162243583768,1200,8
165,5,0.9919595605349352,1500,1
166,0,0.4500195959120745,0,11
166,1,0.31713619445591035,300,11
166,2,9.343618400140977e-06,600,7
166,3,0.04720538521786921,900,12
166,4,0.021230753693405807,1200,11
166,5,0.9919595605349352,1500,2
167,0,0.46016029270726516,0,4
167,1,0.2993450558161462,300,9
167,2,1.396202230321233e-05,600,13
167,3,0.04720538521786921,900,7
167,4,0.021230753693405807,1200,20
167,5,0.9894157287387348,1500,1
168,0,0.46016029270726516,0,9
168,1,0.2993450558161462,300,5
168,2,1.396202230321233e-05,600,14
168,3,0.04720538521786921,900,17
168,4,0.041670178594902546,1200,7
168,5,0.9894157287387348,1500,1
169,0,0.44104341872959013,0,4
169,1,0.2993450558161462,300,9
169,2,8.796917607712867e-06,600,7
169,3,0.04720538521786921,900,17
169,4,0.04679689641716206,1200,15
169,5,0.9916166221017204,1500,1
170,0,0.7236432244943857,0,7
170,1,0.2993450558161462,300,7
170,2,8.796917607712867e-06,600,7
170,3,0.06107445583290826,900,17
170,4,0.04679689641716206,1200,15
170,5,0.9903128116168308,1500,1
171,0,0.8230454839279719,0,13
171,1,0.2993450558161462,300,8
171,2,1.1113198329313588e-05,600,13
171,3,0.06107445583290826,900,9
171,4,0.054143588989933114,1200,9
171,5,0.9903128116168308,1500,2
172,0,0.8230454839279719,0,9
172,1,0.3013516285309815,300,7
172,2,1.1113198329313588e-05,600,14
172,3,0.06107445583290826,900,9
172,4,0.054143588989933114,1200,10
172,5,0.9924798947017983,1500,3
173,0,0.8230454839279719,0,11
173,1,0.3013516285309815,300,9
173,2,1.1113198329313588e-05,600,14
173,3,0.07070080114871122,900,8
173,4,0.054143588989933114,1200,11
173,5,0.9914953179875375,1500,0
174,0,0.8275627038380575,0,10
174,1,0.3013516285309815,300,11
174,2,1.1113198329313588e-05,600,14
174,3,0.07070080114871122,900,13
174,4,0.04515984333412446,1200,5
174,5,0.9914953179875375,1500,0
175,0,0.8275627038380575,0,12
175,1,0.23237832287261026,300,8
175,2,1.4716071802489797e-05,600,13
175,3,0.07070080114871122,900,12
175,4,0.04515984333412446,1200,8
175,5,0.9914953179875375,1500,1
176,0,0.8275627038380575,0,14
176,1,0.23237832287261026,300,9
176,2,1.4716071802489797e-05,600,8
176,3,0.12289347199700579,900,18
176,4,0.04515984333412446,1200,4
176,5,0.9914953179875375,1500,1
177,0,0.8275627038380575,0,9
177,1,0.2511520912151419,300,6
177,2,1.0578596722307049e-05,600,23
177,3,0.12289347199700579,900,6
177,4,0.04515984333412446,1200,9
177,5,0.9944658473482925,1500,0
178,0,0.8527560035362092,0,11
178,1,0.32056457717038006,300,8
178,2,1.0578596722307049e-05,600,14
178,3,0.0901471154702876,900,15
178,4,0.027461531331598066,1200,5
178,5,0.9944658473482925,1500,0
179,0,0.8527560035362092,0,8
179,1,0.2487209861868896,300,12
179,2,1.4407653598273627e-05,600,8
179,3,0.0901471154702876,900,14
179,4,0.02335348960808054,1200,9
179,5,0.9944658473482925,1500,3
180,0,0.8786620207773821,0,4
180,1,0.2487209861868896,300,10
180,2,1.3112049660781942e-05,600,14
180,3,0.09451451016660292,900,18
180,4,0.02335348960808054,1200,7
180,5,0.9944658473482925,1500,1
181,0,0.8786620207773821,0,10
181,1,0.08769610919280259,300,5
181,2,1.3112049660781942e-05,600,17
181,3,0.09451451016660292,900,17
181,4,0.02938381585935036,1200,3
181,5,0.9944658473482925,1500,1
182,0,0.8786620207773821,0,6
182,1,0.08769610919280259,300,8
182,2,1.3112049660781942e-05,600,14
182,3,0.07262836979691834,900,11
182,4,0.02938381585935036,1200,13
182,5,0.9942800303625147,1500,2
183,0,0.8978295327078025,0,8
183,1,0.09670869242820349,300,13
183,2,1.3112049660781942e-05,600,11
183,3,0.09140139126662787,900,13
183,4,0.02938381585935036,1200,7
183,5,0.9955913725610847,1500,2
184,0,0.9039294896931006,0,6
184,1,0.09670869242820349,300,4
184,2,1.2461192249458975e-05,600,13
184,3,0.06130535124093721,900,16
184,4,0.02938381585935036,1200,15
184,5,0.9943816832581872,1500,0
185,0,0.9039294896931006,0,11
185,1,0.08305106580543908,300,7
185,2,1.880988119689954e-05,600,11
185,3,0.06130535124093721,900,17
185,4,0.02938381585935036,1200,6
185,5,0.9933649913950581,1500,2
186,0,0.9039294896931006,0,12
186,1,0.07936510318394618,300,3
186,2,1.6078930431657346e-05,600,12
186,3,0.12124061042871351,900,12
186,4,0.02938381585935036,1200,12
186,5,0.9933649913950581,1500,2
187,0,0.9039294896931006,0,4
187,1,0.07936510318394618,300,15
187,2,1.6078930431657346e-05,600,14
187,3,0.12124061042871351,900,12
187,4,0.03892348227180228,1200,9
187,5,0.9939347370453205,1500,0
188,0,0.9039294896931006,0,6
188,1,0.13281720055860913,300,10
188,2,1.6078930431657346e-05,600,11
188,3,0.12124061042871351,900,16
188,4,0.03892348227180228,1200,8
188,5,0.9939347370453205,1500,1
189,0,0.8885363139110658,0,15
189,1,0.13281720055860913,300,8
189,2,1.6078930431657346e-05,600,8
189,3,0.12124061042871351,900,14
189,4,0.06329701523097445,1200,8
189,5,0.9939347370453205,1500,1
190,0,0.7282572610003214,0,5
190,1,0.13281720055860913,300,7
190,2,1.6078930431657346e-05,600,19
190,3,0.12124061042871351,900,11
190,4,0.06329701523097445,1200,11
190,5,0.9939860959567434,1500,0
191,0,0.7282572610003214,0,11
191,1,0.06979091796687102,300,10
191,2,1.545177920361887e-05,600,12
191,3,0.12124061042871351,900,9
191,4,0.05975032125815314,1200,10
191,5,0.9939860959567434,1500,1
192,0,0.8555258854723654,0,12
192,1,0.03148034747902867,300,5
192,2,1.545177920361887e-05,600,19
192,3,0.12124061042871351,900,9
192,4,0.05975032125815314,1200,7
192,5,0.9939860959567434,1500,2
193,0,0.9231108488173114,0,9
193,1,0.022923862016811857,300,15
193,2,1.459367049261736e-05,600,12
193,3,0.12124061042871351,900,8
193,4,0.05975032125815314,1200,8
193,5,0.9939860959567434,1500,0
194,0,0.9231108488173114,0,8
194,1,0.02033933377620636,300,4
194,2,1.459367049261736e-05,600,21
194,3,0.12124061042871351,900,14
194,4,0.05975032125815314,1200,7
194,5,0.9983228644758042,1500,0
195,0,0.9231108488173114,0,16
195,1,0.0064565849056612695,300,7
195,2,1.459367049261736e-05,600,11
195,3,0.1073905306214341,900,7
195,4,0.05975032125815314,1200,12
195,5,0.9982365320116582,1500,0
196,0,0.9231108488173114,0,10
196,1,0.004546607426713936,300,11
196,2,1.459367049261736e-05,600,9
196,3,0.2485023606940004,900,14
196,4,0.05975032125815314,1200,9
196,5,0.9974782581859616,1500,1
197,0,0.9226628581113713,0,10
197,1,0.004546607426713936,300,14
197,2,7.76492576786579e-06,600,11
197,3,0.2485023606940004,900,11
197,4,0.05975032125815314,1200,7
197,5,0.9975284802962416,1500,0
198,0,0.8362351138062427,0,16
198,1,0.004546607426713936,300,7
198,2,8.595906784603634e-06,600,16
198,3,0.2485023606940004,900,8
198,4,0.05975032125815314,1200,7
198,5,0.9975284802962416,1500,0
199,0,0.8243577153197106,0,5
199,1,0.004546607426713936,300,11
199,2,1.0089125569083988e-05,600,17
199,3,0.2485023606940004,900,9
199,4,0.01888011255866071,1200,12
199,5,0.9975284802962416,1500,0
200,0,0.6896081264913381,0,8
200,1,0.004576153787217724,300,13
200,2,1.0089125569083988e-05,600,21
200,3,0.2485023606940004,900,7
200,4,0.01888011255866071,1200,5
200,5,0.9975284802962416,1500,0
201,0,0.7121994206942984,0,9
201,1,0.004576153787217724,300,11
201,2,1.5622493417800552e-05,600,21
201,3,0.2485023606940004,900,7
201,4,0.01888011255866071,1200,5
201,5,0.9974468878839351,1500,1
202,0,0.7121994206942984,0,14
202,1,0.005737343515893917,300,3
202,2,1.5622493417800552e-05,600,20
202,3,0.2485023606940004,900,8
202,4,0.023927018904257198,1200,7
202,5,0.9974468878839351,1500,1
203,0,0.7121994206942984,0,9
203,1,0.0032859494425003365,300,10
203,2,1.5622493417800552e-05,600,14
203,3,0.2485023606940004,900,13
203,4,0.03336806709976035,1200,8
203,5,0.9973142411910767,1500,0
204,0,0.6915676334330885,0,10
204,1,0.0032616036382759643,300,6
204,2,1.5622493417800552e-05,600,19
204,3,0.2485023606940004,900,13
204,4,0.031905896461288996,1200,5
204,5,0.9979797348606415,1500,0
205,0,0.6915676334330885,0,11
205,1,0.0032616036382759643,300,4
205,2,9.537087466827098e-06,600,15
205,3,0.14210053166159783,900,17
205,4,0.031905896461288996,1200,7
205,5,0.9979797348606415,1500,0
206,0,0.6915676334330885,0,15
206,1,0.0032616036382759643,300,12
206,2,9.537087466827098e-06,600,8
206,3,0.1314996064384816,900,10
206,4,0.018395515871395807,1200,8
206,5,0.9988943297871709,1500,0
207,0,0.6915676334330885,0,12
207,1,0.0032962683684148596,300,9
207,2,9.537087466827098e-06,600,13
207,3,0.16221376252815442,900,13
207,4,0.03440068314859625,1200,5
207,5,0.9988943297871709,1500,0
208,0,0.6976514641589974,0,12
208,1,0.005304396744353713,300,11
208,2,9.537087466827098e-06,600,15
208,3,0.17822630317591404,900,8
208,4,0.03440068314859625,1200,7
208,5,0.9991119490374272,1500,0
209,0,0.6976514641589974,0,8
209,1,0.005304396744353713,300,9
209,2,9.537087466827098e-06,600,9
209,3,0.40334157857375985,900,20
209,4,0.03440068314859625,1200,8
209,5,0.999162033931629,1500,0
210,0,0.7462154165680893,0,14
210,1,0.005304396744353713,300,14
210,2,9.537087466827098e-06,600,7
210,3,0.39759188529430645,900,14
210,4,0.01994039044527881,1200,4
210,5,0.999162033931629,1500,1
211,0,0.7372014394093349,0,7
211,1,0.0031610247428975357,300,6
211,2,9.537087466827098e-06,600,18
211,3,0.34452245571454,900,15
211,4,0.021983108104815775,1200,8
211,5,0.999162033931629,1500,0
212,0,0.7372014394093349,0,13
212,1,0.0031610247428975357,300,9
212,2,1.142459516986477e-05,600,14
212,3,0.29936111227306555,900,17
212,4,0.0290358338502699,1200,1
212,5,0.999162033931629,1500,0
213,0,0.5824534466914136,0,7
213,1,0.0031610247428975357,300,7
213,2,1.142459516986477e-05,600,12
213,3,0.4234011343914816,900,13
213,4,0.03112774197262001,1200,15
213,5,0.999162033931629,1500,0
214,0,0.5824534466914136,0,14
214,1,0.0031610247428975357,300,8
214,2,1.0938605589910666e-05,600,6
214,3,0.4234011343914816,900,20
214,4,0.032840989294835,1200,6
214,5,0.999162033931629,1500,0
215,0,0.5824534466914136,0,9
215,1,0.0031610247428975357,300,16
215,2,1.0938605589910666e-05,600,12
215,3,0.49203534253744813,900,13
215,4,0.02321895710387576,1200,3
215,5,0.9990628456767388,1500,1
216,0,0.5577100307797993,0,23
216,1,0.0031610247428975357,300,6
216,2,1.0938605589910666e-05,600,8
216,3,0.4724937665076988,900,9
216,4,0.05018329139582094,1200,7
216,5,0.9989340659967613,1500,0
217,0,0.5184087406170648,0,12
217,1,0.0031610247428975357,300,8
217,2,1.0938605589910666e-05,600,13
217,3,0.5409333095037648,900,13
217,4,0.058610134628464934,1200,8
217,5,0.9992384993748771,1500,0
218,0,0.5184087406170648,0,11
218,1,0.004313553051185316,300,12
218,2,7.180093097697767e-06,600,7
218,3,0.5409333095037648,900,15
218,4,0.058610134628464934,1200,7
218,5,0.9982790577072805,1500,1
219,0,0.49743797349497504,0,13
219,1,0.004382433892268555,300,3
219,2,4.64181059401813e-06,600,14
219,3,0.5409333095037648,900,20
219,4,0.05945477533632449,1200,4
219,5,0.9982790577072805,1500,0
220,0,0.524132787045331,0,11
220,1,0.004629470983261921,300,9
220,2,4.64181059401813e-06,600,8
220,3,0.3982013910998048,900,14
220,4,0.05155817459861555,1200,10
220,5,0.9982790577072805,1500,2
221,0,0.49974077589287347,0,10
221,1,0.004629470983261921,300,7
221,2,4.64181059401813e-06,600,13
221,3,0.3982013910998048,900,10
221,4,0.05932996748069827,1200,13
221,5,0.99626282208622,1500,1
222,0,0.5704720417721412,0,8
222,1,0.004629470983261921,300,14
222,2,4.64181059401813e-06,600,11
222,3,0.3982013910998048,900,14
222,4,0.032641906312264775,1200,3
222,5,0.9964754657330351,1500,3
223,0,0.6470911589000166,0,16
223,1,0.005028221905958683,300,9
223,2,4.64181059401813e-06,600,9
223,3,0.35083183389034434,900,15
223,4,0.032641906312264775,1200,3
223,5,0.9964754657330351,1500,0
224,0,0.6470911589000166,0,11
224,1,0.005028221905958683,300,5
224,2,9.10090092820912e-06,600,15
224,3,0.35083183389034434,900,14
224,4,0.032641906312264775,1200,8
224,5,0.9970156895628396,1500,0
225,0,0.6470911589000166,0,9
225,1,0.005028221905958683,300,11
225,2,8.463064375644616e-06,600,11
225,3,0.14918527612079344,900,13
225,4,0.032641906312264775,1200,9
225,5,0.9970156895628396,1500,0
226,0,0.6180577361944267,0,9
226,1,0.0070341670843923005,300,3
226,2,8.463064375644616e-06,600,17
226,3,0.19190038529105768,900,16
226,4,0.032641906312264775,1200,9
226,5,0.9966502985541731,1500,0
227,0,0.767121344952512,0,8
227,1,0.0070341670843923005,300,4
227,2,8.56269001798758e-06,600,10
227,3,0.19190038529105768,900,23
227,4,0.03404543478380123,1200,9
227,5,0.9965245592822375,1500,0
228,0,0.767121344952512,0,9
228,1,0.006028934341238071,300,9
228,2,9.657103772581297e-06,600,18
228,3,0.27184631106271084,900,11
228,4,0.03404543478380123,1200,6
228,5,0.9975238016759732,1500,0
229,0,0.6962065744082037,0,8
229,1,0.006028934341238071,300,9
229,2,9.657103772581297e-06,600,21
229,3,0.2547949216137748,900,10
229,4,0.06578352495713623,1200,6
229,5,0.9975238016759732,1500,0
230,0,0.7266561403513324,0,9
230,1,0.006028934341238071,300,10
230,2,9.657103772581297e-06,600,12
230,3,0.20577629891551646,900,14
230,4,0.04098058907464275,1200,7
230,5,0.9975238016759732,1500,0
231,0,0.7266561403513324,0,11
231,1,0.0070668973005637604,300,8
231,2,9.657103772581297e-06,600,8
231,3,0.17776531203906593,900,16
231,4,0.04553110719812111,1200,11
231,5,0.9975238016759732,1500,0
232,0,0.7266561403513324,0,13
232,1,0.005986126383170927,300,3
232,2,1.0769593733016262e-05,600,15
232,3,0.1490738762534602,900,10
232,4,0.04553110719812111,1200,12
232,5,0.998343740432883,1500,0
233,0,0.7266561403513324,0,9
233,1,0.008350441055672807,300,5
233,2,1.0769593733016262e-05,600,15
233,3,0.1490738762534602,900,13
233,4,0.04553110719812111,1200,12
233,5,0.9986026790908402,1500,0
234,0,0.7266561403513324,0,14
234,1,0.010767855637115612,300,5
234,2,1.0769593733016262e-05,600,18
234,3,0.14213299810636118,900,11
234,4,0.04553110719812111,1200,6
234,5,0.9986026790908402,1500,0
235,0,0.7418550856823195,0,13
235,1,0.010767855637115612,300,6
235,2,1.0769593733016262e-05,600,15
235,3,0.10595559255764517,900,12
235,4,0.04553110719812111,1200,7
235,5,0.9986026790908402,1500,0
236,0,0.7418550856823195,0,15
236,1,0.008013784076506988,300,2
236,2,1.0769593733016262e-05,600,21
236,3,0.22838918516761278,900,8
236,4,0.04553110719812111,1200,7
236,5,0.9986026790908402,1500,0
237,0,0.7418550856823195,0,8
237,1,0.008027680177387012,300,4
237,2,1.0769593733016262e-05,600,21
237,3,0.22838918516761278,900,17
237,4,0.10636594909599698,1200,2
237,5,0.9986026790908402,1500,2
238,0,0.8024803754683328,0,11
238,1,0.008027680177387012,300,10
238,2,1.0769593733016262e-05,600,17
238,3,0.22838918516761278,900,12
238,4,0.0784428188237794,1200,3
238,5,0.9986026790908402,1500,0
239,0,0.8024803754683328,0,13
239,1,0.011208256054384896,300,8
239,2,1.0769593733016262e-05,600,17
239,3,0.22838918516761278,900,8
239,4,0.06049159279292292,1200,8
239,5,0.9987865508499385,1500,0
240,0,0.7624678410801533,0,10
240,1,0.011208256054384896,300,7
240,2,1.0803900502358385e-05,600,11
240,3,0.19531046055693674,900,20
240,4,0.06049159279292292,1200,5
240,5,0.9991573273091516,1500,1
241,0,0.7624678410801533,0,10
241,1,0.02165223270053884,300,12
241,2,1.0603294463281688e-05,600,9
241,3,0.1537151754849285,900,13
241,4,0.06049159279292292,1200,10
241,5,0.9990675559218886,1500,0
242,0,0.7624678410801533,0,18
242,1,0.009923926624059847,300,5
242,2,1.0603294463281688e-05,600,10
242,3,0.1537151754849285,900,5
242,4,0.06049159279292292,1200,16
242,5,0.9997011882792144,1500,0
243,0,0.7624678410801533,0,13
243,1,0.009923926624059847,300,5
243,2,1.0603294463281688e-05,600,14
243,3,0.2583884839920829,900,10
243,4,0.05531842710586457,1200,12
243,5,0.9997011882792144,1500,0
244,0,0.5739183647871018,0,11
244,1,0.008344475317702443,300,5
244,2,1.0603294463281688e-05,600,22
244,3,0.2583884839920829,900,10
244,4,0.05531842710586457,1200,4
244,5,0.9998149094850429,1500,0
245,0,0.5739183647871018,0,15
245,1,0.010331197961583407,300,8
245,2,1.0603294463281688e-05,600,12
245,3,0.29845576720484523,900,8
245,4,0.05531842710586457,1200,10
245,5,0.9998149094850429,1500,0
246,0,0.48637808929450116,0,13
246,1,0.010331197961583407,300,5
246,2,1.0603294463281688e-05,600,17
246,3,0.29845576720484523,900,11
246,4,0.056033203847244376,1200,8
246,5,0.9998149094850429,1500,0
247,0,0.5793355933017269,0,12
247,1,0.010331197961583407,300,10
247,2,1.0603294463281688e-05,600,10
247,3,0.29845576720484523,900,10
247,4,0.056033203847244376,1200,11
247,5,0.9998149094850429,1500,0
248,0,0.7997771658319582,0,10
248,1,0.010331197961583407,300,6
248,2,1.0603294463281688e-05,600,12
248,3,0.2544637611553037,900,16
248,4,0.056033203847244376,1200,10
248,5,0.9998177979697964,1500,0
249,0,0.7294068715227664,0,15
249,1,0.003917174764792745,300,4
249,2,1.0603294463281688e-05,600,8
249,3,0.2544637611553037,900,19
249,4,0.056033203847244376,1200,8
249,5,0.9998177979697964,1500,0
250,0,0.7089055447969298,0,9
250,1,0.003917174764792745,300,7
250,2,1.0603294463281688e-05,600,16
250,3,0.2544637611553037,900,14
250,4,0.136219844748193,1200,8
250,5,0.9998177979697964,1500,0
251,0,0.7089055447969298,0,7
251,1,0.003917174764792745,300,3
251,2,4.381908713844125e-06,600,19
251,3,0.2544637611553037,900,14
251,4,0.1322646089110566,1200,11
251,5,0.9998177979697964,1500,0
252,0,0.574456102423276,0,11
252,1,0.0057454270693243995,300,7
252,2,4.381908713844125e-06,600,10
252,3,0.2544637611553037,900,15
252,4,0.1322646089110566,1200,11
252,5,0.9998177979697964,1500,0
253,0,0.574456102423276,0,22
253,1,0.004499129782563862,300,4
253,2,2.2366166062369886e-06,600,15
253,3,0.2544637611553037,900,7
253,4,0.11074266680240644,1200,6
253,5,0.9998177979697964,1500,0
254,0,0.574456102423276,0,6
254,1,0.004499129782563862,300,15
254,2,2.2366166062369886e-06,600,17
254,3,0.2889682712136403,900,10
254,4,0.11856206615925002,1200,5
254,5,0.9998409403874804,1500,0
255,0,0.574456102423276,0,8
255,1,0.005364281730656557,300,7
255,2,1.7485434319898482e-06,600,22
255,3,0.2889682712136403,900,7
255,4,0.1493391601458632,1200,8
255,5,0.9998409403874804,1500,0
256,0,0.4708395005594194,0,8
256,1,0.005364281730656557,300,7
256,2,1.7485434319898482e-06,600,12
256,3,0.2889682712136403,900,14
256,4,0.1493391601458632,1200,12
256,5,0.9998780675909017,1500,0
257,0,0.4708395005594194,0,18
257,1,0.006843214041377704,300,10
257,2,1.7485434319898482e-06,600,16
257,3,0.2889682712136403,900,6
257,4,0.3705232740087733,1200,3
257,5,0.9998415712690122,1500,0
258,0,0.4708395005594194,0,7
258,1,0.015006630252833828,300,10
258,2,1.7485434319898482e-06,600,15
258,3,0.2399465594332141,900,10
258,4,0.42594408127033356,1200,11
258,5,0.9998415712690122,1500,0
259,0,0.4708395005594194,0,17
259,1,0.015006630252833828,300,11
259,2,1.7485434319898482e-06,600,14
259,3,0.2399465594332141,900,6
259,4,0.25812521433764346,1200,6
259,5,0.9998631739558462,1500,0
260,0,0.3204346897202763,0,6
260,1,0.029323944112218503,300,12
260,2,1.7485434319898482e-06,600,15
260,3,0.2399465594332141,900,9
260,4,0.25812521433764346,1200,12
260,5,0.9998631739558462,1500,0
261,0,0.44558068245815813,0,6
261,1,0.04177775410812092,300,12
261,2,1.7485434319898482e-06,600,14
261,3,0.2399465594332141,900,12
261,4,0.25812521433764346,1200,9
261,5,0.9997301644161729,1500,0
262,0,0.44558068245815813,0,13
262,1,0.04177775410812092,300,10
262,2,8.19529420062689e-07,600,15
262,3,0.3738725494660959,900,12
262,4,0.25812521433764346,1200,4
262,5,0.9997301644161729,1500,0
263,0,0.44558068245815813,0,16
263,1,0.036316470081543255,300,10
263,2,1.0466256584528411e-06,600,15
263,3,0.3738725494660959,900,6
263,4,0.2643510242507561,1200,7
263,5,0.9997301644161729,1500,0
264,0,0.48338093530575843,0,9
264,1,0.036316470081543255,300,6
264,2,1.0466256584528411e-06,600,16
264,3,0.3738725494660959,900,10
264,4,0.31421628521828043,1200,13
264,5,0.9997301644161729,1500,0
265,0,0.48338093530575843,0,11
265,1,0.036316470081543255,300,14
265,2,1.0805186990659327e-06,600,13
265,3,0.3738725494660959,900,9
265,4,0.41132357326093044,1200,7
265,5,0.9997301644161729,1500,0
266,0,0.48338093530575843,0,11
266,1,0.049100717387798226,300,14
266,2,1.318032691597092e-06,600,13
266,3,0.47160358462617574,900,8
266,4,0.4142743188166749,1200,8
266,5,0.9997301644161729,1500,0
267,0,0.48338093530575843,0,8
267,1,0.049100717387798226,300,13
267,2,1.318032691597092e-06,600,10
267,3,0.5380556168478332,900,9
267,4,0.3507599631264645,1200,14
267,5,0.9997301644161729,1500,0
268,0,0.5014291644217814,0,9
268,1,0.049100717387798226,300,7
268,2,2.7532180577258576e-06,600,12
268,3,0.5380556168478332,900,15
268,4,0.3507599631264645,1200,11
268,5,0.9997577047079828,1500,0
269,0,0.5014291644217814,0,12
269,1,0.049100717387798226,300,10
269,2,2.7532180577258576e-06,600,6
269,3,0.6440662392381934,900,10
269,4,0.30771391404034754,1200,15
269,5,0.9998400718933512,1500,0
270,0,0.5336810734304369,0,7
270,1,0.049100717387798226,300,12
270,2,1.3002613427944951e-06,600,12
270,3,0.4852753619617654,900,9
270,4,0.30771391404034754,1200,13
270,5,0.9998400718933512,1500,0
271,0,0.6481274174852343,0,11
271,1,0.049100717387798226,300,15
271,2,1.3002613427944951e-06,600,11
271,3,0.4852753619617654,900,9
271,4,0.30771391404034754,1200,8
271,5,0.9998400718933512,1500,0
272,0,0.6481274174852343,0,8
272,1,0.03797638641028288,300,8
272,2,1.3002613427944951e-06,600,18
272,3,0.4852753619617654,900,16
272,4,0.30771391404034754,1200,3
272,5,0.9999202793449316,1500,0
273,0,0.6481274174852343,0,11
273,1,0.03797638641028288,300,5
273,2,1.515194197408859e-06,600,13
273,3,0.4852753619617654,900,13
273,4,0.30771391404034754,1200,11
273,5,0.999942536310775,1500,0
274,0,0.6481274174852343,0,10
274,1,0.03797638641028288,300,12
274,2,1.515194197408859e-06,600,14
274,3,0.6657198468169515,900,7
274,4,0.28644636071354423,1200,11
274,5,0.9999528681658421,1500,0
275,0,0.6481274174852343,0,17
275,1,0.03797638641028288,300,3
275,2,1.6462466699898103e-06,600,17
275,3,0.6431436277092212,900,9
275,4,0.28644636071354423,1200,8
275,5,0.9998893838044721,1500,0
276,0,0.6923525384491451,0,10
276,1,0.033489238696698106,300,10
276,2,1.6462466699898103e-06,600,10
276,3,0.6431436277092212,900,17
276,4,0.28644636071354423,1200,7
276,5,0.9998341212640594,1500,0
277,0,0.5996825322662458,0,14
277,1,0.033489238696698106,300,9
277,2,1.6462466699898103e-06,600,9
277,3,0.5967366833216353,900,12
277,4,0.28644636071354423,1200,10
277,5,0.9998771781629474,1500,0
278,0,0.5996825322662458,0,16
278,1,0.027460510706501042,300,5
278,2,1.6462466699898103e-06,600,8
278,3,0.5967366833216353,900,17
278,4,0.28644636071354423,1200,8
278,5,0.9998771781629474,1500,0
279,0,0.5996825322662458,0,14
279,1,0.027460510706501042,300,7
279,2,1.6462466699898103e-06,600,9
279,3,0.5967366833216353,900,18
279,4,0.22191250575015062,1200,6
279,5,0.9998947947346324,1500,0
280,0,0.47537262592363483,0,8
280,1,0.03532717840829584,300,7
280,2,1.7806097149939962e-06,600,13
280,3,0.5967366833216353,900,12
280,4,0.22191250575015062,1200,13
280,5,0.9998947947346324,1500,0
281,0,0.3001034129492208,0,9
281,1,0.03532717840829584,300,12
281,2,1.7806097149939962e-06,600,10
281,3,0.5967366833216353,900,10
281,4,0.29373680101863836,1200,12
281,5,0.9998792600182415,1500,0
282,0,0.3001034129492208,0,19
282,1,0.03532717840829584,300,13
282,2,1.2880060593908162e-06,600,14
282,3,0.7311254045279197,900,3
282,4,0.46752051850095133,1200,4
282,5,0.9998792600182415,1500,0
283,0,0.3001034129492208,0,9
283,1,0.03532717840829584,300,10
283,2,1.2880060593908162e-06,600,16
283,3,0.5223025849662893,900,8
283,4,0.32359077597209757,1200,11
283,5,0.9998792600182415,1500,0
284,0,0.3001034129492208,0,11
284,1,0.03532717840829584,300,12
284,2,1.2880060593908162e-06,600,15
284,3,0.6508273168769102,900,5
284,4,0.32359077597209757,1200,10
284,5,0.9998696719274716,1500,0
285,0,0.5160189813139404,0,14
285,1,0.03532717840829584,300,10
285,2,9.147179702698168e-07,600,10
285,3,0.6508273168769102,900,15
285,4,0.32359077597209757,1200,4
285,5,0.9998785868723885,1500,0
286,0,0.5160189813139404,0,11
286,1,0.03378225665673831,300,10
286,2,9.581724235916455e-07,600,19
286,3,0.6508273168769102,900,8
286,4,0.31177912480626624,1200,5
286,5,0.9998947112681692,1500,0
287,0,0.49071776377114673,0,16
287,1,0.05596193476705388,300,7
287,2,6.210915696691215e-07,600,8
287,3,0.6508273168769102,900,14
287,4,0.31177912480626624,1200,9
287,5,0.9998947112681692,1500,0
288,0,0.3389998702006592,0,17
288,1,0.05596193476705388,300,6
288,2,9.375300161709454e-07,600,12
288,3,0.6508273168769102,900,7
288,4,0.31177912480626624,1200,11
288,5,0.9998947112681692,1500,0
289,0,0.3389998702006592,0,8
289,1,0.08543938666412774,300,10
289,2,8.754221343994513e-07,600,12
289,3,0.6508273168769102,900,17
289,4,0.35576200156453214,1200,7
289,5,0.9998947112681692,1500,0
290,0,0.4220940544256218,0,8
290,1,0.08543938666412774,300,11
290,2,1.0212476856395037e-06,600,10
290,3,0.7055414079614755,900,14
290,4,0.4513352583483286,1200,11
290,5,0.9998947112681692,1500,0
291,0,0.4220940544256218,0,18
291,1,0.09673521127002033,300,8
291,2,8.661226883490382e-07,600,14
291,3,0.7055414079614755,900,9
291,4,0.4513352583483286,1200,3
291,5,0.9999359637846842,1500,0
292,0,0.4220940544256218,0,12
292,1,0.06200929150603851,300,11
292,2,8.661226883490382e-07,600,14
292,3,0.7055414079614755,900,11
292,4,0.4097819043898882,1200,6
292,5,0.9999359637846842,1500,0
293,0,0.6736581225638252,0,15
293,1,0.06200929150603851,300,9
293,2,8.661226883490382e-07,600,11
293,3,0.7055414079614755,900,10
293,4,0.487654080940919,1200,6
293,5,0.9999359637846842,1500,0
294,0,0.6064226988585003,0,10
294,1,0.06200929150603851,300,10
294,2,8.661226883490382e-07,600,10
294,3,0.8626187999534364,900,14
294,4,0.487654080940919,1200,9
294,5,0.9999341381786044,1500,0
295,0,0.6064226988585003,0,13
295,1,0.04240568562724385,300,13
295,2,8.661226883490382e-07,600,10
295,3,0.8626187999534364,900,11
295,4,0.5584958681714723,1200,5
295,5,0.9999341381786044,1500,0
296,0,0.6064226988585003,0,10
296,1,0.028780628219280617,300,10
296,2,8.347223161601468e-07,600,13
296,3,0.8746928299097776,900,13
296,4,0.6493060433547249,1200,8
296,5,0.9999341381786044,1500,0
297,0,0.4616194754630736,0,13
297,1,0.030689330365261246,300,6
297,2,1.0446962248742068e-06,600,16
297,3,0.8746928299097776,900,10
297,4,0.6493060433547249,1200,9
297,5,0.9999341381786044,1500,0
298,0,0.4630113634065831,0,15
298,1,0.06451756833402096,300,14
298,2,1.0446962248742068e-06,600,11
298,3,0.8746928299097776,900,10
298,4,0.6317879730182238,1200,4
298,5,0.9999341381786044,1500,0
299,0,0.5055832097518089,0,17
299,1,0.06451756833402096,300,8
299,2,1.0337281475008907e-06,600,7
299,3,0.8746928299097776,900,9
299,4,0.4893316363917414,1200,13
299,5,0.9999341381786044,1500,0
300,0,0.5055832097518089,0,18
300,1,0.06451756833402096,300,8
300,2,1.0337281475008907e-06,600,6
300,3,0.9379047348743593,900,8
300,4,0.4893316363917414,1200,14
300,5,0.9999341381786044,1500,0
301,0,0.5055832097518089,0,11
301,1,0.04178792367527701,300,7
301,2,1.0337281475008907e-06,600,12
301,3,0.877830852408952,900,4
301,4,0.5266756327532143,1200,16
301,5,0.9999341381786044,1500,1
302,0,0.4580822212406872,0,9
302,1,0.07682191431624237,300,14
302,2,8.501372050308733e-07,600,12
302,3,0.926106234431476,900,7
302,4,0.5266756327532143,1200,10
302,5,0.9999341381786044,1500,0
303,0,0.4580822212406872,0,13
303,1,0.07682191431624237,300,18
303,2,8.501372050308733e-07,600,11
303,3,0.9571909768615996,900,3
303,4,0.6030444773359332,1200,8
303,5,0.9999444070215359,1500,0
304,0,0.4580822212406872,0,10
304,1,0.07682191431624237,300,6
304,2,8.501372050308733e-07,600,16
304,3,0.9703893349968866,900,4
304,4,0.3775561064674649,1200,17
304,5,0.9999444070215359,1500,0
305,0,0.4580822212406872,0,13
305,1,0.024623396795489236,300,11
305,2,8.501372050308733e-07,600,11
305,3,0.9787429733980412,900,4
305,4,0.3775561064674649,1200,14
305,5,0.9999351765935194,1500,0
306,0,0.5020548637435773,0,11
306,1,0.024623396795489236,300,14
306,2,8.501372050308733e-07,600,14
306,3,0.9787429733980412,900,1
306,4,0.40809813578766463,1200,12
306,5,0.9999351765935194,1500,0
307,0,0.5020548637435773,0,18
307,1,0.024623396795489236,300,13
307,2,8.501372050308733e-07,600,14
307,3,0.993510593491458,900,3
307,4,0.37543589751014733,1200,5
307,5,0.9999351765935194,1500,0
308,0,0.4662952503412757,0,7
308,1,0.06311532329110525,300,8
308,2,8.501372050308733e-07,600,23
308,3,0.993510593491458,900,1
308,4,0.4507759618164573,1200,15
308,5,0.9999351765935194,1500,0
309,0,0.43282536877364314,0,15
309,1,0.047059777846604124,300,14
309,2,8.501372050308733e-07,600,14
309,3,0.993510593491458,900,0
309,4,0.4507759618164573,1200,8
309,5,0.9999177203056099,1500,0
310,0,0.6687165365297965,0,12
310,1,0.047059777846604124,300,16
310,2,6.34275768201422e-07,600,17
310,3,0.993510593491458,900,2
310,4,0.5208185576165217,1200,6
310,5,0.9999177203056099,1500,0
311,0,0.699705633697862,0,10
311,1,0.047059777846604124,300,11
311,2,6.34275768201422e-07,600,20
311,3,0.993510593491458,900,0
311,4,0.5208185576165217,1200,11
311,5,0.9999177203056099,1500,0
312,0,0.699705633697862,0,13
312,1,0.05710092799758952,300,9
312,2,6.34275768201422e-07,600,16
312,3,0.9949592739722066,900,3
312,4,0.5208185576165217,1200,13
312,5,0.9999177203056099,1500,0
313,0,0.6670844843278173,0,18
313,1,0.05710092799758952,300,11
313,2,7.037566344492659e-07,600,11
313,3,0.9964540868265302,900,1
313,4,0.6386804964520784,1200,9
313,5,0.9999177203056099,1500,0
314,0,0.6670844843278173,0,8
314,1,0.05710092799758952,300,15
314,2,5.751335619765931e-07,600,15
314,3,0.9964540868265302,900,1
314,4,0.7780507843389484,1200,14
314,5,0.9998308652817742,1500,0
315,0,0.6768551172938478,0,17
315,1,0.05710092799758952,300,9
315,2,4.137988246968806e-07,600,16
315,3,0.9975227895268041,900,0
315,4,0.7780507843389484,1200,11
315,5,0.9998308652817742,1500,0
316,0,0.7488432050313999,0,15
316,1,0.0649144026196943,300,11
316,2,6.871909749315975e-07,600,16
316,3,0.9975227895268041,900,0
316,4,0.7780507843389484,1200,10
316,5,0.9998308652817742,1500,0
317,0,0.7488432050313999,0,10
317,1,0.06883274956092056,300,15
317,2,5.126634579148611e-07,600,15
317,3,0.9975227895268041,900,0
317,4,0.7780507843389484,1200,14
317,5,0.9998308652817742,1500,0
318,0,0.7463084480203092,0,15
318,1,0.08187608759360167,300,16
318,2,3.255057149791833e-07,600,11
318,3,0.9975227895268041,900,0
318,4,0.7780507843389484,1200,12
318,5,0.9998308652817742,1500,0
319,0,0.8561433221551695,0,6
319,1,0.07479990620619599,300,18
319,2,3.255057149791833e-07,600,17
319,3,0.9966720595555358,900,4
319,4,0.7780507843389484,1200,6
319,5,0.9998308652817742,1500,0
320,0,0.8561433221551695,0,16
320,1,0.0726377986096394,300,15
320,2,3.511441410911068e-07,600,12
320,3,0.9920460530135077,900,0
320,4,0.7780507843389484,1200,8
320,5,0.9998308652817742,1500,0
321,0,0.8561433221551695,0,12
321,1,0.0726377986096394,300,10
321,2,3.511441410911068e-07,600,20
321,3,0.991501695085382,900,0
321,4,0.7254545117199781,1200,12
321,5,0.999845516991101,1500,0
322,0,0.8561433221551695,0,6
322,1,0.11790193249024124,300,22
322,2,3.511441410911068e-07,600,12
322,3,0.991501695085382,900,0
322,4,0.7254545117199781,1200,10
322,5,0.9996180494367131,1500,0
323,0,0.895173856754744,0,8
323,1,0.11790193249024124,300,22
323,2,3.511441410911068e-07,600,14
323,3,0.9923186480204854,900,1
323,4,0.7254545117199781,1200,6
323,5,0.9994016254586894,1500,0
324,0,0.9422378811259162,0,10
324,1,0.11790193249024124,300,14
324,2,3.511441410911068e-07,600,15
324,3,0.9941911939702435,900,1
324,4,0.7254545117199781,1200,12
324,5,0.9994016254586894,1500,0
325,0,0.9854916807111079,0,2
325,1,0.11790193249024124,300,16
325,2,2.789077614909179e-07,600,15
325,3,0.9941911939702435,900,2
325,4,0.7254545117199781,1200,16
325,5,0.9994016254586894,1500,0
326,0,0.9854916807111079,0,5
326,1,0.11790193249024124,300,11
326,2,9.814461275789279e-08,600,24
326,3,0.9941911939702435,900,1
326,4,0.7254545117199781,1200,8
326,5,0.9991664935046688,1500,0
327,0,0.9774210077922261,0,3
327,1,0.11790193249024124,300,16
327,2,6.421657996221452e-08,600,18
327,3,0.9934723744768326,900,2
327,4,0.7254545117199781,1200,15
327,5,0.9991664935046688,1500,0
328,0,0.9618774846024458,0,5
328,1,0.11790193249024124,300,23
328,2,5.015835401979756e-08,600,9
328,3,0.9934723744768326,900,2
328,4,0.7254545117199781,1200,13
328,5,0.9989630376156281,1500,0
329,0,0.9733610727513623,0,6
329,1,0.1311490305498796,300,15
329,2,7.220681931020579e-08,600,22
329,3,0.9934723744768326,900,3
329,4,0.7254545117199781,1200,7
329,5,0.9989630376156281,1500,0
330,0,0.9790747800240277,0,2
330,1,0.1311490305498796,300,14
330,2,7.220681931020579e-08,600,20
330,3,0.9962985486284428,900,0
330,4,0.7520015971531065,1200,16
330,5,0.9989630376156281,1500,0
331,0,0.9790747800240277,0,9
331,1,0.17659921817651797,300,10
331,2,7.220681931020579e-08,600,21
331,3,0.9962985486284428,900,1
331,4,0.7677920158792084,1200,9
331,5,0.9981755014717191,1500,0
332,0,0.9790747800240277,0,1
332,1,0.13093129183893065,300,22
332,2,3.137021741869255e-08,600,10
332,3,0.9962985486284428,900,2
332,4,0.7677920158792084,1200,15
332,5,0.9981755014717191,1500,1
333,0,0.9805498024818312,0,7
333,1,0.13093129183893065,300,16
333,2,3.233544794167741e-08,600,25
333,3,0.9962985486284428,900,1
333,4,0.9065025220195356,1200,4
333,5,0.9981755014717191,1500,0
334,0,0.9805498024818312,0,7
334,1,0.07258934482589859,300,21
334,2,3.233544794167741e-08,600,12
334,3,0.9962985486284428,900,1
334,4,0.9065025220195356,1200,7
334,5,0.9981755014717191,1500,1
335,0,0.9805498024818312,0,3
335,1,0.09563986433153769,300,27
335,2,3.233544794167741e-08,600,16
335,3,0.9971604781524808,900,1
335,4,0.9130486316545784,1200,5
335,5,0.9981755014717191,1500,0
336,0,0.9805498024818312,0,2
336,1,0.07741950571461338,300,16
336,2,4.4029773236924196e-08,600,23
336,3,0.9971604781524808,900,2
336,4,0.931396157999993,1200,9
336,5,0.9987459544109922,1500,0
337,0,0.9858767304920008,0,10
337,1,0.07741950571461338,300,20
337,2,4.4029773236924196e-08,600,18
337,3,0.9971604781524808,900,0
337,4,0.931396157999993,1200,4
337,5,0.9987234009875701,1500,0
338,0,0.97375615312793,0,4
338,1,0.07741950571461338,300,18
338,2,2.6331158792880358e-08,600,24
338,3,0.9971604781524808,900,0
338,4,0.931396157999993,1200,7
338,5,0.9987234009875701,1500,0
339,0,0.9612898647325056,0,2
339,1,0.05981241897354356,300,25
339,2,2.8803986815366607e-08,600,18
339,3,0.9971604781524808,900,0
339,4,0.931396157999993,1200,8
339,5,0.9984348183272509,1500,0
340,0,0.9560608608954788,0,5
340,1,0.05981241897354356,300,19
340,2,1.4802335656586167e-08,600,17
340,3,0.9971604781524808,900,0
340,4,0.931396157999993,1200,7
340,5,0.998950131588811,1500,0
341,0,0.9560608608954788,0,4
341,1,0.0219925948226392,300,14
341,2,1.4802335656586167e-08,600,24
341,3,0.9971604781524808,900,0
341,4,0.909472031167486,1200,8
341,5,0.9989916040522188,1500,0
342,0,0.9742647503198141,0,2
342,1,0.0219925948226392,300,24
342,2,1.4802335656586167e-08,600,9
342,3,0.9971604781524808,900,0
342,4,0.909472031167486,1200,11
342,5,0.9990051954792184,1500,0
343,0,0.9742647503198141,0,4
343,1,0.0219925948226392,300,16
343,2,1.4802335656586167e-08,600,17
343,3,0.997615084837087,900,0
343,4,0.8634867907094942,1200,12
343,5,0.9990051954792184,1500,0
344,0,0.9777700847270209,0,2
344,1,0.0219925948226392,300,24
344,2,1.4802335656586167e-08,600,18
344,3,0.997615084837087,900,0
344,4,0.8737452751353646,1200,7
344,5,0.9994185083834819,1500,0
345,0,0.9777700847270209,0,5
345,1,0.008852868361511107,300,13
345,2,2.133755489219639e-08,600,22
345,3,0.997615084837087,900,0
345,4,0.8737452751353646,1200,8
345,5,0.9994185083834819,1500,1
346,0,0.9744790489956959,0,3
346,1,0.010703409582382669,300,25
346,2,2.133755489219639e-08,600,21
346,3,0.9972136815566635,900,1
346,4,0.9189330218568772,1200,3
346,5,0.9994185083834819,1500,0
347,0,0.9744790489956959,0,7
347,1,0.010703409582382669,300,21
347,2,2.133755489219639e-08,600,18
347,3,0.9988128726063632,900,0
347,4,0.9189330218568772,1200,6
347,5,0.9993123941576815,1500,0
348,0,0.9563320628711366,0,5
348,1,0.012407319002106605,300,12
348,2,2.133755489219639e-08,600,24
348,3,0.9991464354634272,900,0
348,4,0.9189330218568772,1200,9
348,5,0.9993123941576815,1500,1
349,0,0.9328749823682434,0,7
349,1,0.012407319002106605,300,14
349,2,2.133755489219639e-08,600,17
349,3,0.9988233364666865,900,1
349,4,0.9189330218568772,1200,11
349,5,0.9988693850119916,1500,0
350,0,0.9328749823682434,0,6
350,1,0.012407319002106605,300,16
350,2,2.133755489219639e-08,600,19
350,3,0.9988233364666865,900,0
350,4,0.925646588880868,1200,9
350,5,0.9980858568571067,1500,0
351,0,0.9435088623426183,0,10
351,1,0.009143717200367284,300,13
351,2,2.133755489219639e-08,600,16
351,3,0.9988233364666865,900,1
351,4,0.9164867814512465,1200,9
351,5,0.9985482229541117,1500,0
352,0,0.9435088623426183,0,11
352,1,0.009143717200367284,300,16
352,2,2.133755489219639e-08,600,16
352,3,0.9988233364666865,900,0
352,4,0.9357727276979371,1200,6
352,5,0.997095447432259,1500,0
353,0,0.9435088623426183,0,6
353,1,0.007342344176580789,300,18
353,2,2.133755489219639e-08,600,15
353,3,0.9988233364666865,900,0
353,4,0.866610969325325,1200,9
353,5,0.9977087305624445,1500,0
354,0,0.9339517675976393,0,11
354,1,0.004860333339646668,300,15
354,2,4.6268292173891776e-08,600,8
354,3,0.9988233364666865,900,0
354,4,0.866610969325325,1200,15
354,5,0.9977087305624445,1500,1
355,0,0.9215368968037022,0,9
355,1,0.004860333339646668,300,17
355,2,4.6268292173891776e-08,600,21
355,3,0.9988233364666865,900,1
355,4,0.9030616448491813,1200,4
355,5,0.9984424751171022,1500,0
356,0,0.9314885291086297,0,11
356,1,0.004860333339646668,300,19
356,2,4.1399193547457806e-08,600,13
356,3,0.9994094498987349,900,0
356,4,0.9030616448491813,1200,9
356,5,0.9984424751171022,1500,0
357,0,0.9320079917967037,0,6
357,1,0.004860333339646668,300,19
357,2,4.1399193547457806e-08,600,20
357,3,0.9994094498987349,900,1
357,4,0.9030616448491813,1200,2
357,5,0.9984424751171022,1500,0
358,0,0.9320079917967037,0,10
358,1,0.004860333339646668,300,16
358,2,4.08580340944262e-08,600,14
358,3,0.9996106046095236,900,0
358,4,0.9030616448491813,1200,12
358,5,0.9983419036343355,1500,1
359,0,0.9320079917967037,0,4
359,1,0.004860333339646668,300,24
359,2,4.08580340944262e-08,600,17
359,3,0.9994391343293535,900,0
359,4,0.9030616448491813,1200,7
359,5,0.9994313942496432,1500,0
360,0,0.8890024362591055,0,14
360,1,0.004860333339646668,300,21
360,2,4.08580340944262e-08,600,7
360,3,0.9996425859746015,900,2
360,4,0.9030616448491813,1200,10
360,5,0.9994313942496432,1500,0
361,0,0.8836985119776973,0,9
361,1,0.004860333339646668,300,18
361,2,5.293337691347206e-08,600,13
361,3,0.9996425859746015,900,0
361,4,0.9092360557355598,1200,14
361,5,0.9994313942496432,1500,0
362,0,0.8836985119776973,0,16
362,1,0.004860333339646668,300,19
362,2,5.293337691347206e-08,600,11
362,3,0.9996425859746015,900,0
362,4,0.9470722560848913,1200,4
362,5,0.9988736579767817,1500,0
363,0,0.8836985119776973,0,13
363,1,0.006201503404595657,300,18
363,2,4.3068802589240114e-08,600,14
363,3,0.9996425859746015,900,0
363,4,0.9470722560848913,1200,4
363,5,0.9979338064712779,1500,1
364,0,0.7804919868770448,0,8
364,1,0.006201503404595657,300,20
364,2,4.3068802589240114e-08,600,18
364,3,0.9994640127877918,900,0
364,4,0.9470722560848913,1200,6
364,5,0.9979338064712779,1500,1
365,0,0.7804919868770448,0,25
365,1,0.006201503404595657,300,14
365,2,3.736002484246429e-08,600,11
365,3,0.9994640127877918,900,0
365,4,0.9523218229413473,1200,2
365,5,0.9968883360702954,1500,1
366,0,0.7804919868770448,0,7
366,1,0.007963726363640188,300,24
366,2,4.3158655361570395e-08,600,15
366,3,0.9994640127877918,900,0
366,4,0.9467208382447603,1200,7
366,5,0.9968883360702954,1500,1
367,0,0.7804919868770448,0,10
367,1,0.011838280313095754,300,17
367,2,4.259421745747924e-08,600,14
367,3,0.9994640127877918,900,0
367,4,0.9467208382447603,1200,9
367,5,0.9962726070912656,1500,0
368,0,0.7804919868770448,0,16
368,1,0.007920382708509557,300,15
368,2,6.588868338204647e-08,600,16
368,3,0.9994640127877918,900,0
368,4,0.9467208382447603,1200,4
368,5,0.9969922322556111,1500,1
369,0,0.8913559782352568,0,9
369,1,0.007920382708509557,300,27
369,2,9.339449250173011e-08,600,7
369,3,0.9997653080972602,900,0
369,4,0.9467208382447603,1200,6
369,5,0.9969922322556111,1500,0
370,0,0.8913559782352568,0,4
370,1,0.005492425674143237,300,21
370,2,5.196372825206092e-08,600,16
370,3,0.9999042366561927,900,0
370,4,0.9467208382447603,1200,9
370,5,0.9969922322556111,1500,0
371,0,0.8913559782352568,0,10
371,1,0.007608726559970646,300,21
371,2,5.196372825206092e-08,600,15
371,3,0.9999451831099797,900,0
371,4,0.9326398644036871,1200,7
371,5,0.9969922322556111,1500,0
372,0,0.8913559782352568,0,8
372,1,0.007608726559970646,300,20
372,2,2.4693749583671533e-08,600,18
372,3,0.9999498136149496,900,0
372,4,0.9657867138155379,1200,4
372,5,0.9969922322556111,1500,0
373,0,0.8913559782352568,0,12
373,1,0.007608726559970646,300,11
373,2,2.4693749583671533e-08,600,27
373,3,0.9999756099820369,900,0
373,4,0.9657867138155379,1200,1
373,5,0.9976111829146231,1500,1
374,0,0.872863439377701,0,13
374,1,0.016862263722248246,300,13
374,2,1.50917009470995e-08,600,19
374,3,0.9999756099820369,900,0
374,4,0.9657867138155379,1200,3
374,5,0.9976111829146231,1500,0
375,0,0.7896974084850146,0,18
375,1,0.016862263722248246,300,15
375,2,1.50917009470995e-08,600,14
375,3,0.9999756099820369,900,0
375,4,0.9646748816020213,1200,7
375,5,0.9971180931228557,1500,0
376,0,0.7896974084850146,0,18
376,1,0.010093126089089707,300,12
376,2,1.50917009470995e-08,600,19
376,3,0.9999756099820369,900,0
376,4,0.9797217819849359,1200,3
376,5,0.9979674046351649,1500,0
377,0,0.7896974084850146,0,17
377,1,0.010093126089089707,300,18
377,2,1.0654076530006369e-08,600,14
377,3,0.99998968496738,900,0
377,4,0.9797217819849359,1200,2
377,5,0.9979674046351649,1500,2
378,0,0.7896974084850146,0,14
378,1,0.008191044326255292,300,19
378,2,1.0654076530006369e-08,600,14
378,3,0.99998968496738,900,0
378,4,0.9797217819849359,1200,5
378,5,0.9979674046351649,1500,0
379,0,0.7896974084850146,0,10
379,1,0.008191044326255292,300,15
379,2,1.0654076530006369e-08,600,16
379,3,0.99998968496738,900,0
379,4,0.9797217819849359,1200,7
379,5,0.9945126102576882,1500,3
380,0,0.7421677543555728,0,17
380,1,0.008191044326255292,300,17
380,2,1.0654076530006369e-08,600,16
380,3,0.999996455634284,900,0
380,4,0.9797217819849359,1200,1
380,5,0.9945126102576882,1500,1
381,0,0.7421677543555728,0,22
381,1,0.008191044326255292,300,14
381,2,1.4664280599266018e-08,600,11
381,3,0.999996455634284,900,0
381,4,0.9797217819849359,1200,2
381,5,0.9921477572411591,1500,0
382,0,0.688292793704295,0,19
382,1,0.007178434354461777,300,19
382,2,1.1823615308082433e-08,600,12
382,3,0.999996455634284,900,0
382,4,0.9797217819849359,1200,4
382,5,0.9949461220251954,1500,0
383,0,0.6787139454972383,0,10
383,1,0.006419374200263733,300,24
383,2,1.1823615308082433e-08,600,14
383,3,0.9999945218267606,900,0
383,4,0.9797217819849359,1200,3
383,5,0.9949461220251954,1500,0
384,0,0.6569558416557294,0,12
384,1,0.006419374200263733,300,15
384,2,1.1823615308082433e-08,600,23
384,3,0.9999973195338381,900,0
384,4,0.9800885102167681,1200,3
384,5,0.9949461220251954,1500,0
385,0,0.6569558416557294,0,21
385,1,0.0067949878980576445,300,16
385,2,9.18296891792165e-09,600,13
385,3,0.9999973195338381,900,0
385,4,0.9782444795949001,1200,4
385,5,0.9949461220251954,1500,0
386,0,0.5098040055617373,0,18
386,1,0.0067949878980576445,300,19
386,2,9.24955588015705e-09,600,15
386,3,0.9999977634331654,900,0
386,4,0.9876248676951368,1200,0
386,5,0.9949461220251954,1500,0
387,0,0.5098040055617373,0,17
387,1,0.0067949878980576445,300,19
387,2,1.0641402070392696e-08,600,17
387,3,0.9999977352452168,900,0
387,4,0.9892862217229056,1200,0
387,5,0.9949461220251954,1500,1
388,0,0.5242479101900901,0,21
388,1,0.0067949878980576445,300,17
388,2,1.0641402070392696e-08,600,13
388,3,0.9999977352452168,900,0
388,4,0.9811624426906408,1200,3
388,5,0.9949461220251954,1500,0
389,0,0.5655912032862792,0,13
389,1,0.003524337561525805,300,13
389,2,1.0641402070392696e-08,600,21
389,3,0.9999977352452168,900,0
389,4,0.9811624426906408,1200,3
389,5,0.9949461220251954,1500,0
390,0,0.5655912032862792,0,12
390,1,0.003524337561525805,300,14
390,2,1.0641402070392696e-08,600,21
390,3,0.999994882913842,900,0
390,4,0.9834427775586899,1200,1
390,5,0.9958195972245123,1500,2
391,0,0.5655912032862792,0,11
391,1,0.002746298201045798,300,17
391,2,1.2210292583936964e-08,600,19
391,3,0.9999961293128614,900,0
391,4,0.9834427775586899,1200,6
391,5,0.9982567582901029,1500,0
392,0,0.7350466243018106,0,9
392,1,0.002746298201045798,300,12
392,2,1.47019303518893e-08,600,22
392,3,0.9999964132949438,900,0
392,4,0.9834427775586899,1200,8
392,5,0.9982567582901029,1500,0
393,0,0.7350466243018106,0,14
393,1,0.001862573941425861,300,8
393,2,1.47019303518893e-08,600,27
393,3,0.9999961096671866,900,0
393,4,0.9834427775586899,1200,3
393,5,0.9977804621482239,1500,0
394,0,0.7350466243018106,0,22
394,1,0.0021877079140031866,300,22
394,2,1.47019303518893e-08,600,8
394,3,0.9999972612032261,900,0
394,4,0.9834427775586899,1200,1
394,5,0.9977804621482239,1500,0
395,0,0.7350466243018106,0,17
395,1,0.0021877079140031866,300,13
395,2,1.47019303518893e-08,600,18
395,3,0.9999972612032261,900,0
395,4,0.9799240127545552,1200,5
395,5,0.9982070309754651,1500,1
396,0,0.8575494542284952,0,18
396,1,0.0025322531554115768,300,15
396,2,1.3057368832293364e-08,600,14
396,3,0.9999972612032261,900,0
396,4,0.9811809055040581,1200,3
396,5,0.9982070309754651,1500,1
397,0,0.8575494542284952,0,23
397,1,0.0025322531554115768,300,10
397,2,1.5329797515927262e-08,600,18
397,3,0.9999986950752622,900,0
397,4,0.9811809055040581,1200,1
397,5,0.9982070309754651,1500,1
398,0,0.8575494542284952,0,11
398,1,0.0016364751903188257,300,10
398,2,1.5329797515927262e-08,600,21
398,3,0.999998543018354,900,0
398,4,0.9811809055040581,1200,9
398,5,0.9987519576309783,1500,0
399,0,0.8287964736286897,0,19
399,1,0.0016364751903188257,300,10
399,2,2.541595513070019e-08,600,19
399,3,0.999998543018354,900,0
399,4,0.9811809055040581,1200,4
399,5,0.9991724588497896,1500,0
400,0,0.7029684005839472,0,15
400,1,0.0016364751903188257,300,22
400,2,3.032750491328898e-08,600,10
400,3,0.9999986983491064,900,0
400,4,0.9817742359383939,1200,6
400,5,0.9991724588497896,1500,0
401,0,0.7029684005839472,0,10
401,1,0.0011723964501130786,300,15
401,2,3.032750491328898e-08,600,20
401,3,0.9999989443151454,900,0
401,4,0.9817742359383939,1200,5
401,5,0.9995641643247911,1500,0
402,0,0.728189741580774,0,14
402,1,0.0011723964501130786,300,17
402,2,2.6181023007623864e-08,600,17
402,3,0.9999989443151454,900,0
402,4,0.9864293441903594,1200,3
402,5,0.9994008353724629,1500,1
403,0,0.7732736738592128,0,18
403,1,0.0011005931154652014,300,20
403,2,2.6181023007623864e-08,600,12
403,3,0.9999994279811876,900,0
403,4,0.9885651539612088,1200,2
403,5,0.9994008353724629,1500,1
404,0,0.7475424930334762,0,16
404,1,0.0011005931154652014,300,15
404,2,2.6181023007623864e-08,600,19
404,3,0.9999997569533816,900,0
404,4,0.9915899112201442,1200,3
404,5,0.9994008353724629,1500,0
405,0,0.7475424930334762,0,13
405,1,0.0011005931154652014,300,27
405,2,1.6457012177609045e-08,600,10
405,3,0.9999998688091064,900,0
405,4,0.9915899112201442,1200,3
405,5,0.9994008353724629,1500,0
406,0,0.7513433687233059,0,14
406,1,0.0011005931154652014,300,19
406,2,1.6457012177609045e-08,600,17
406,3,0.9999998829242139,900,0
406,4,0.9953714927584971,1200,2
406,5,0.9994008353724629,1500,0
407,0,0.8510735639367549,0,20
407,1,0.0006014324270134784,300,19
407,2,3.120326567155195e-08,600,11
407,3,0.9999998829242139,900,0
407,4,0.9953714927584971,1200,0
407,5,0.9994008353724629,1500,0
408,0,0.8622387550849616,0,11
408,1,0.0006014324270134784,300,16
408,2,2.8946958318984794e-08,600,24
408,3,0.9999998342277145,900,0
408,4,0.9953714927584971,1200,1
408,5,0.9994536461835523,1500,1
409,0,0.8433935233663271,0,13
409,1,0.0006434390745202311,300,19
409,2,2.8946958318984794e-08,600,17
409,3,0.9999998255029598,900,0
409,4,0.9953714927584971,1200,1
409,5,0.9992656473200558,1500,0
410,0,0.832810555212799,0,20
410,1,0.0006434390745202311,300,16
410,2,1.3287899296645128e-08,600,16
410,3,0.9999998255029598,900,0
410,4,0.9953714927584971,1200,0
410,5,0.9992656473200558,1500,1
411,0,0.9231818458948906,0,6
411,1,0.0006434390745202311,300,16
411,2,1.3287899296645128e-08,600,26
411,3,0.9999997505557541,900,0
411,4,0.9953714927584971,1200,0
411,5,0.9992589693135043,1500,1
412,0,0.9258676336263876,0,11
412,1,0.0009052267814306694,300,18
412,2,1.3287899296645128e-08,600,22
412,3,0.9999996854606471,900,0
412,4,0.9953714927584971,1200,0
412,5,0.9992589693135043,1500,0
413,0,0.9258676336263876,0,12
413,1,0.0010577191053501172,300,20
413,2,8.336617963639443e-09,600,17
413,3,0.9999996854606471,900,0
413,4,0.9955884098547331,1200,1
413,5,0.9992589693135043,1500,0
414,0,0.9142272657970828,0,14
414,1,0.0017198190955899262,300,12
414,2,8.336617963639443e-09,600,23
414,3,0.9999996854606471,900,0
414,4,0.9955884098547331,1200,2
414,5,0.9994003408635086,1500,0
415,0,0.9142272657970828,0,4
415,1,0.0017198190955899262,300,29
415,2,7.703652369713658e-09,600,14
415,3,0.9999996854606471,900,0
415,4,0.9956997254821631,1200,2
415,5,0.9994003408635086,1500,0
416,0,0.9142272657970828,0,10
416,1,0.0017198190955899262,300,10
416,2,8.548860877625614e-09,600,26
416,3,0.9999994378199669,900,0
416,4,0.9962767700128395,1200,1
416,5,0.9994346759651054,1500,0
417,0,0.8854134231148841,0,7
417,1,0.0017198190955899262,300,22
417,2,8.548860877625614e-09,600,18
417,3,0.9999994378199669,900,0
417,4,0.9962767700128395,1200,2
417,5,0.9990128457869353,1500,0
418,0,0.8854134231148841,0,7
418,1,0.0021168820126114415,300,15
418,2,6.53575676840987e-09,600,25
418,3,0.9999994378199669,900,0
418,4,0.9938594926359386,1200,2
418,5,0.9990128457869353,1500,0
419,0,0.9212887336852537,0,18
419,1,0.0021168820126114415,300,19
419,2,9.750157802029013e-09,600,12
419,3,0.9999994378199669,900,0
419,4,0.9938594926359386,1200,1
419,5,0.9990128457869353,1500,0
420,0,0.9212887336852537,0,12
420,1,0.0028091446395954235,300,20
420,2,8.743533284769455e-09,600,16
420,3,0.9999994378199669,900,0
420,4,0.9938594926359386,1200,0
420,5,0.9988975935870094,1500,1
421,0,0.9212887336852537,0,7
421,1,0.0028091446395954235,300,34
421,2,8.743533284769455e-09,600,7
421,3,0.9999997686254527,900,0
421,4,0.9956843938493449,1200,0
421,5,0.9988975935870094,1500,0
422,0,0.9306359265638416,0,6
422,1,0.005161238201120314,300,26
422,2,8.743533284769455e-09,600,19
422,3,0.9999997686254527,900,0
422,4,0.996682357413855,1200,0
422,5,0.9988975935870094,1500,0
423,0,0.9306359265638416,0,12
423,1,0.009494631634253103,300,22
423,2,8.743533284769455e-09,600,18
423,3,0.9999997686254527,900,0
423,4,0.9972733488630288,1200,0
423,5,0.9987116220131176,1500,0
424,0,0.9306359265638416,0,14
424,1,0.009494631634253103,300,21
424,2,8.743533284769455e-09,600,16
424,3,0.9999997314777297,900,0
424,4,0.9990868491915276,1200,0
424,5,0.9987116220131176,1500,0
425,0,0.9426201382159672,0,11
425,1,0.017427653825200905,300,18
425,2,8.743533284769455e-09,600,14
425,3,0.9999997314777297,900,0
425,4,0.9990868491915276,1200,3
425,5,0.9984474513832501,1500,1
426,0,0.9426201382159672,0,8
426,1,0.017427653825200905,300,26
426,2,8.743533284769455e-09,600,19
426,3,0.9999997314777297,900,0
426,4,0.9959229500528392,1200,0
426,5,0.9984474513832501,1500,0
427,0,0.9652770404085714,0,9
427,1,0.01877523540804233,300,24
427,2,7.896003484134952e-09,600,21
427,3,0.9999997314777297,900,0
427,4,0.9959229500528392,1200,0
427,5,0.9984474513832501,1500,0
428,0,0.9739979338027416,0,7
428,1,0.01877523540804233,300,22
428,2,9.179294786908286e-09,600,20
428,3,0.9999997314777297,900,0
428,4,0.9959229500528392,1200,0
428,5,0.9985522315462687,1500,0
429,0,0.9777382680622575,0,4
429,1,0.02862942875288723,300,14
429,2,9.179294786908286e-09,600,31
429,3,0.9999997469443439,900,0
429,4,0.9959299352066906,1200,0
429,5,0.9985522315462687,1500,1
430,0,0.9777382680622575,0,3
430,1,0.026128736327972173,300,28
430,2,1.4872228672798069e-08,600,17
430,3,0.9999997469443439,900,0
430,4,0.9959299352066906,1200,0
430,5,0.9985522315462687,1500,0
431,0,0.9777382680622575,0,7
431,1,0.03380288572261538,300,16
431,2,1.4872228672798069e-08,600,25
431,3,0.9999997469443439,900,0
431,4,0.9975154136630787,1200,0
431,5,0.9981371947608103,1500,1
432,0,0.9731928864296885,0,13
432,1,0.03380288572261538,300,21
432,2,1.4872228672798069e-08,600,13
432,3,0.9999997362579981,900,0
432,4,0.9975154136630787,1200,0
432,5,0.9969340852730638,1500,1
433,0,0.9647257588667848,0,7
433,1,0.03380288572261538,300,13
433,2,1.4872228672798069e-08,600,28
433,3,0.9999997362579981,900,0
433,4,0.9964327053030589,1200,0
433,5,0.9969340852730638,1500,0
434,0,0.958466823748228,0,15
434,1,0.03380288572261538,300,12
434,2,2.454772505915121e-08,600,22
434,3,0.9999997362579981,900,0
434,4,0.9964327053030589,1200,0
434,5,0.9969340852730638,1500,0
435,0,0.9444449808940414,0,17
435,1,0.03380288572261538,300,20
435,2,5.326936894833065e-08,600,15
435,3,0.9999997362579981,900,0
435,4,0.9963817872720375,1200,0
435,5,0.9969340852730638,1500,0
436,0,0.9444449808940414,0,12
436,1,0.0383709666272222,300,14
436,2,5.326936894833065e-08,600,21
436,3,0.9999997012132718,900,0
436,4,0.9942939933420656,1200,1
436,5,0.9969340852730638,1500,1
437,0,0.9444449808940414,0,7
437,1,0.07189425568408697,300,20
437,2,5.326936894833065e-08,600,23
437,3,0.9999997012132718,900,0
437,4,0.9942939933420656,1200,0
437,5,0.9950590795266928,1500,1
438,0,0.9444449808940414,0,4
438,1,0.07189425568408697,300,17
438,2,1.781682534707776e-08,600,24
438,3,0.9999997012132718,900,0
438,4,0.9931449626032961,1200,1
438,5,0.9959495459442294,1500,4
439,0,0.9444449808940414,0,6
439,1,0.07189425568408697,300,26
439,2,1.781682534707776e-08,600,19
439,3,0.9999997161861738,900,0
439,4,0.9843277170000004,1200,1
439,5,0.9965754764831386,1500,1
440,0,0.8912356343404515,0,16
440,1,0.05055222034575494,300,14
440,2,1.781682534707776e-08,600,18
440,3,0.9999997146409768,900,0
440,4,0.9843277170000004,1200,0
440,5,0.9965754764831386,1500,0
441,0,0.8912356343404515,0,5
441,1,0.05055222034575494,300,30
441,2,1.5402190850062088e-08,600,15
441,3,0.9999997166265572,900,0
441,4,0.9852527026176586,1200,2
441,5,0.9968244796445318,1500,1
442,0,0.8739595868499028,0,14
442,1,0.05055222034575494,300,13
442,2,1.8892459247812163e-08,600,18
442,3,0.9999997166265572,900,0
442,4,0.9832307527175363,1200,6
442,5,0.9982552271514142,1500,0
443,0,0.8739595868499028,0,10
443,1,0.041188180409741516,300,26
443,2,9.567557686747607e-09,600,15
443,3,0.9999997166265572,900,0
443,4,0.9789039727309978,1200,3
443,5,0.9982552271514142,1500,0
444,0,0.8739595868499028,0,19
444,1,0.041188180409741516,300,22
444,2,8.25672153959765e-09,600,10
444,3,0.9999997166265572,900,0
444,4,0.9823889558026978,1200,3
444,5,0.9974724589522503,1500,0
445,0,0.8739595868499028,0,16
445,1,0.04750811826524038,300,15
445,2,5.33468156406403e-09,600,17
445,3,0.9999997166265572,900,0
445,4,0.9854722766632419,1200,2
445,5,0.9974724589522503,1500,3
446,0,0.8423691359945156,0,25
446,1,0.04750811826524038,300,13
446,2,4.01692590265781e-09,600,10
446,3,0.9999997166265572,900,0
446,4,0.9854722766632419,1200,3
446,5,0.9974724589522503,1500,0
447,0,0.8423691359945156,0,11
447,1,0.11426671218208302,300,13
447,2,2.579383235949671e-09,600,23
447,3,0.9999997166265572,900,0
447,4,0.9908646523486001,1200,2
447,5,0.9974724589522503,1500,0
448,0,0.9210443480178832,0,10
448,1,0.11426671218208302,300,12
448,2,3.2160642810257054e-09,600,29
448,3,0.9999997166265572,900,0
448,4,0.9908646523486001,1200,1
448,5,0.9974724589522503,1500,1
449,0,0.9210443480178832,0,14
449,1,0.11426671218208302,300,19
449,2,2.0025975561698688e-09,600,16
449,3,0.9999997307218257,900,0
449,4,0.9883560338685367,1200,3
449,5,0.9974724589522503,1500,0
450,0,0.9333365571991078,0,7
450,1,0.11426671218208302,300,31
450,2,2.0025975561698688e-09,600,15
450,3,0.9999996572082559,900,0
450,4,0.9883560338685367,1200,1
450,5,0.996345228827826,1500,0
451,0,0.9038445594202449,0,17
451,1,0.11426671218208302,300,20
451,2,2.0025975561698688e-09,600,12
451,3,0.9999994220288694,900,0
451,4,0.9883560338685367,1200,2
451,5,0.996345228827826,1500,1
452,0,0.9038445594202449,0,5
452,1,0.11426671218208302,300,19
452,2,3.408344934922289e-09,600,26
452,3,0.9999997098729614,900,0
452,4,0.9883560338685367,1200,1
452,5,0.996345228827826,1500,0
453,0,0.8810565027469929,0,18
453,1,0.15678208025671986,300,16
453,2,3.408344934922289e-09,600,15
453,3,0.9999997098729614,900,0
453,4,0.9901006724329428,1200,2
453,5,0.996345228827826,1500,2
454,0,0.8810565027469929,0,18
454,1,0.15678208025671986,300,11
454,2,3.408344934922289e-09,600,19
454,3,0.9999997098729614,900,0
454,4,0.9683422382509675,1200,5
454,5,0.9958179359229262,1500,0
455,0,0.8810565027469929,0,7
455,1,0.13450529268317493,300,16
455,2,3.408344934922289e-09,600,20
455,3,0.9999998718365357,900,0
455,4,0.9683422382509675,1200,7
455,5,0.9958179359229262,1500,2
456,0,0.8810565027469929,0,12
456,1,0.17521562984067124,300,15
456,2,3.403187347283518e-09,600,17
456,3,0.9999998718365357,900,0
456,4,0.9812865304534015,1200,2
456,5,0.9960969285305055,1500,1
457,0,0.8517942985879831,0,12
457,1,0.25038573105883644,300,13
457,2,3.403187347283518e-09,600,17
457,3,0.9999998718365357,900,0
457,4,0.9714452376604794,1200,5
457,5,0.9960969285305055,1500,0
458,0,0.7534125106360401,0,10
458,1,0.25918082047203156,300,14
458,2,2.637271397394831e-09,600,22
458,3,0.9999998695860332,900,0
458,4,0.9714452376604794,1200,3
458,5,0.9960969285305055,1500,2
459,0,0.8032743457806986,0,11
459,1,0.2645205740353888,300,15
459,2,2.637271397394831e-09,600,22
459,3,0.9999996347821335,900,0
459,4,0.9714452376604794,1200,3
459,5,0.9960969285305055,1500,1
460,0,0.8032743457806986,0,14
460,1,0.3289163115034564,300,16
460,2,2.915159447133521e-09,600,22
460,3,0.9999996347821335,900,0
460,4,0.9774434813030387,1200,0
460,5,0.9960969285305055,1500,2
461,0,0.8032743457806986,0,13
461,1,0.3289163115034564,300,10
461,2,1.6719238303910968e-09,600,24
461,3,0.9999996217163679,900,0
461,4,0.9801182108758795,1200,6
461,5,0.9960969285305055,1500,0
462,0,0.8032743457806986,0,14
462,1,0.3289163115034564,300,12
462,2,1.6719238303910968e-09,600,21
462,3,0.9999995672470113,900,0
462,4,0.9846430138377266,1200,2
462,5,0.9960969285305055,1500,3
463,0,0.633214314324501,0,9
463,1,0.23684516374623507,300,22
463,2,1.6719238303910968e-09,600,15
463,3,0.9999995672470113,900,0
463,4,0.9846430138377266,1200,2
463,5,0.9960969285305055,1500,2
464,0,0.4590765156306051,0,21
464,1,0.23684516374623507,300,14
464,2,1.2760791986487814e-09,600,14
464,3,0.999999652186012,900,0
464,4,0.9846430138377266,1200,1
464,5,0.9960969285305055,1500,2
465,0,0.4590765156306051,0,11
465,1,0.40772922740293494,300,22
465,2,1.5046296229046815e-09,600,16
465,3,0.9999997009349875,900,0
465,4,0.9846430138377266,1200,3
465,5,0.9960969285305055,1500,0
466,0,0.45562571517948985,0,10
466,1,0.40772922740293494,300,17
466,2,3.423367841424649e-09,600,19
466,3,0.9999997009349875,900,0
466,4,0.9846430138377266,1200,7
466,5,0.9960969285305055,1500,0
467,0,0.45299989507942956,0,9
467,1,0.40772922740293494,300,11
467,2,3.423367841424649e-09,600,21
467,3,0.9999997009349875,900,0
467,4,0.9816990318160521,1200,7
467,5,0.9960969285305055,1500,0
468,0,0.45299989507942956,0,12
468,1,0.695588537040284,300,16
468,2,3.1578297174196262e-09,600,17
468,3,0.9999997009349875,900,0
468,4,0.9837521158987192,1200,6
468,5,0.9960969285305055,1500,1
469,0,0.45299989507942956,0,16
469,1,0.695588537040284,300,21
469,2,1.9861394460346613e-09,600,15
469,3,0.9999993690399975,900,0
469,4,0.9837521158987192,1200,2
469,5,0.9977187984024608,1500,0
470,0,0.45299989507942956,0,12
470,1,0.695588537040284,300,16
470,2,1.9861394460346613e-09,600,22
470,3,0.9999989863578714,900,0
470,4,0.9837521158987192,1200,2
470,5,0.9977187984024608,1500,0
471,0,0.5842531852735016,0,17
471,1,0.695588537040284,300,10
471,2,1.9861394460346613e-09,600,21
471,3,0.9999986595128517,900,0
471,4,0.9796692592329819,1200,5
471,5,0.9977187984024608,1500,0
472,0,0.5842531852735016,0,15
472,1,0.7339214174027102,300,11
472,2,1.7172806173749018e-09,600,17
472,3,0.9999986595128517,900,0
472,4,0.9771967074256553,1200,4
472,5,0.9984489983604642,1500,1
473,0,0.5842531852735016,0,13
473,1,0.7339214174027102,300,12
473,2,1.817493069081527e-09,600,22
473,3,0.9999984604584985,900,0
473,4,0.9714145512684411,1200,1
473,5,0.9981135979368717,1500,1
474,0,0.5842531852735016,0,11
474,1,0.7564705923544183,300,14
474,2,1.817493069081527e-09,600,25
474,3,0.9999984604584985,900,0
474,4,0.9906004397899489,1200,3
474,5,0.9981135979368717,1500,0
475,0,0.384471622946862,0,22
475,1,0.7564705923544183,300,8
475,2,1.4658809989354678e-09,600,21
475,3,0.9999984604584985,900,0
475,4,0.9919219715194697,1200,1
475,5,0.9981135979368717,1500,0
476,0,0.384471622946862,0,24
476,1,0.7008347838113156,300,9
476,2,1.4658809989354678e-09,600,20
476,3,0.9999983045433389,900,0
476,4,0.9941061894889245,1200,1
476,5,0.9981135979368717,1500,0
477,0,0.384471622946862,0,16
477,1,0.7008347838113156,300,12
477,2,5.543773282384229e-10,600,23
477,3,0.9999983045433389,900,0
477,4,0.9941061894889245,1200,2
477,5,0.9981135979368717,1500,0
478,0,0.384471622946862,0,16
478,1,0.7008347838113156,300,15
478,2,9.934917929870575e-10,600,19
478,3,0.9999983045433389,900,0
478,4,0.9941061894889245,1200,0
478,5,0.9989257536315179,1500,0
479,0,0.384471622946862,0,14
479,1,0.5498592925795349,300,18
479,2,9.093517306841558e-10,600,20
479,3,0.9999975065698414,900,0
479,4,0.9941061894889245,1200,0
479,5,0.9989257536315179,1500,1
480,0,0.384471622946862,0,26
480,1,0.5505964621351298,300,15
480,2,1.0093969740002663e-09,600,12
480,3,0.9999970924426913,900,0
480,4,0.9953447668542054,1200,0
480,5,0.9989257536315179,1500,0
481,0,0.384471622946862,0,14
481,1,0.4974219332983575,300,15
481,2,8.828391358075766e-10,600,21
481,3,0.9999966996226318,900,0
481,4,0.9963601268568525,1200,0
481,5,0.9989257536315179,1500,0
482,0,0.384471622946862,0,21
482,1,0.5780240993781021,300,15
482,2,5.28037444174805e-10,600,17
482,3,0.9999960147804378,900,0
482,4,0.9963601268568525,1200,0
482,5,0.9990690328121037,1500,0
483,0,0.384471622946862,0,21
483,1,0.49116447121282786,300,13
483,2,5.28037444174805e-10,600,16
483,3,0.9999960147804378,900,0
483,4,0.9963601268568525,1200,2
483,5,0.9995523556271936,1500,1
484,0,0.384471622946862,0,19
484,1,0.5368718387840543,300,21
484,2,5.28037444174805e-10,600,11
484,3,0.9999948077951728,900,0
484,4,0.9963601268568525,1200,0
484,5,0.9990472763420316,1500,1
485,0,0.384471622946862,0,23
485,1,0.5368718387840543,300,14
485,2,4.5768136149382266e-10,600,16
485,3,0.9999948077951728,900,0
485,4,0.9960693109569154,1200,0
485,5,0.9991730968866133,1500,0
486,0,0.384471622946862,0,14
486,1,0.5058413137786353,300,16
486,2,4.5768136149382266e-10,600,20
486,3,0.9999948077951728,900,0
486,4,0.9975925825514378,1200,0
486,5,0.9995700377085976,1500,1
487,0,0.384471622946862,0,20
487,1,0.6071915944969102,300,15
487,2,4.5768136149382266e-10,600,15
487,3,0.9999948077951728,900,0
487,4,0.9975925825514378,1200,0
487,5,0.9998545739439195,1500,0
488,0,0.23878178802969613,0,17
488,1,0.6071915944969102,300,17
488,2,4.3951558753126173e-10,600,18
488,3,0.9999942145713089,900,0
488,4,0.9975925825514378,1200,0
488,5,0.999850858469289,1500,0
489,0,0.23878178802969613,0,15
489,1,0.6071915944969102,300,20
489,2,4.3951558753126173e-10,600,17
489,3,0.9999942145713089,900,0
489,4,0.9976278857169245,1200,0
489,5,0.9999247235578279,1500,0
490,0,0.23878178802969613,0,12
490,1,0.6071915944969102,300,22
490,2,4.3951558753126173e-10,600,15
490,3,0.9999939118370806,900,0
490,4,0.9975968214315201,1200,0
490,5,0.9999729231788236,1500,0
491,0,0.14118092184494266,0,21
491,1,0.6071915944969102,300,10
491,2,4.3951558753126173e-10,600,22
491,3,0.9999963356337503,900,0
491,4,0.9988654383111295,1200,0
491,5,0.9999729231788236,1500,0
492,0,0.14118092184494266,0,16
492,1,0.5788262608266527,300,14
492,2,4.3951558753126173e-10,600,22
492,3,0.9999973056440106,900,0
492,4,0.9995723820818107,1200,0
492,5,0.9999729231788236,1500,0
493,0,0.05984647580477127,0,12
493,1,0.5788262608266527,300,28
493,2,4.3951558753126173e-10,600,11
493,3,0.9999971955165009,900,0
493,4,0.9993464109829717,1200,0
493,5,0.9999729231788236,1500,0
494,0,0.05984647580477127,0,23
494,1,0.5788262608266527,300,16
494,2,2.6018655419500237e-10,600,12
494,3,0.9999971955165009,900,0
494,4,0.9993458903527825,1200,0
494,5,0.9999672287849973,1500,0
495,0,0.05350856992693358,0,17
495,1,0.5788262608266527,300,13
495,2,2.6018655419500237e-10,600,22
495,3,0.9999971955165009,900,0
495,4,0.9993458903527825,1200,0
495,5,0.9999568995197586,1500,1
496,0,0.05350856992693358,0,17
496,1,0.5788262608266527,300,21
496,2,2.862833142662872e-10,600,13
496,3,0.9999971955165009,900,0
496,4,0.9991072873886095,1200,0
496,5,0.9999568995197586,1500,0
497,0,0.05350856992693358,0,18
497,1,0.5952613970760379,300,15
497,2,2.862833142662872e-10,600,18
497,3,0.9999971955165009,900,0
497,4,0.9981615562712524,1200,0
497,5,0.9999492209084753,1500,0
498,0,0.05350856992693358,0,13
498,1,0.5952613970760379,300,30
498,2,3.043140586642103e-10,600,11
498,3,0.9999971955165009,900,0
498,4,0.9981615562712524,1200,0
498,5,0.9999622784543514,1500,0
499,0,0.05350856992693358,0,19
499,1,0.5952613970760379,300,15
499,2,3.043140586642103e-10,600,17
499,3,0.9999954418201774,900,0
499,4,0.9981615562712524,1200,0
499,5,0.9999683356530387,1500,0
500,0,0.04229236745573757,0,12
500,1,0.4779793480900508,300,19
500,2,3.043140586642103e-10,600,22
500,3,0.9999954418201774,900,0
500,4,0.9981615562712524,1200,0
500,5,0.9999683356530387,1500,0
501,0,0.04229236745573757,0,12
501,1,0.512694754094966,300,16
501,2,3.043140586642103e-10,600,20
501,3,0.9999966830253026,900,0
501,4,0.9979272382093429,1200,0
501,5,0.9999683356530387,1500,0
502,0,0.04229236745573757,0,22
502,1,0.6396078860779637,300,18
502,2,3.043140586642103e-10,600,10
502,3,0.9999966431387193,900,0
502,4,0.9979272382093429,1200,1
502,5,0.9999660045416406,1500,0
503,0,0.04480639299903016,0,15
503,1,0.6194207993521604,300,20
503,2,3.043140586642103e-10,600,17
503,3,0.9999966431387193,900,0
503,4,0.9979272382093429,1200,0
503,5,0.9998977917137037,1500,0
504,0,0.04480639299903016,0,17
504,1,0.6194207993521604,300,19
504,2,3.5052027124778423e-10,600,14
504,3,0.9999971439842117,900,0
504,4,0.9981200900178723,1200,0
504,5,0.9998370772491233,1500,0
505,0,0.0506141358298267,0,22
505,1,0.8573269950452725,300,9
505,2,3.5052027124778423e-10,600,19
505,3,0.9999971439842117,900,0
505,4,0.9981200900178723,1200,1
505,5,0.9998370772491233,1500,0
506,0,0.05818231221844595,0,12
506,1,0.8573269950452725,300,22
506,2,3.5052027124778423e-10,600,17
506,3,0.9999971439842117,900,0
506,4,0.9963500715459479,1200,2
506,5,0.9998426777841288,1500,0
507,0,0.05818231221844595,0,24
507,1,0.8573269950452725,300,15
507,2,3.5052027124778423e-10,600,10
507,3,0.9999971439842117,900,0
507,4,0.9977782441728755,1200,0
507,5,0.9999201994478844,1500,0
508,0,0.05818231221844595,0,26
508,1,0.8573269950452725,300,16
508,2,2.5684930710073896e-10,600,8
508,3,0.9999955328869288,900,0
508,4,0.9976071740383821,1200,2
508,5,0.9999201994478844,1500,0
509,0,0.045695663625426895,0,22
509,1,0.8785674785098521,300,14
509,2,2.750102346495014e-10,600,13
509,3,0.9999955328869288,900,0
509,4,0.9976071740383821,1200,1
509,5,0.9999327539339381,1500,0
510,0,0.045695663625426895,0,13
510,1,0.7291995097703428,300,23
510,2,2.750102346495014e-10,600,18
510,3,0.9999955328869288,900,0
510,4,0.9982639182795517,1200,0
510,5,0.9999327539339381,1500,0
511,0,0.045695663625426895,0,22
511,1,0.7291995097703428,300,12
511,2,2.750102346495014e-10,600,18
511,3,0.9999924239301966,900,0
511,4,0.9984072254934816,1200,0
511,5,0.9999327539339381,1500,0
512,0,0.045695663625426895,0,16
512,1,0.7291995097703428,300,24
512,2,2.750102346495014e-10,600,11
512,3,0.9999957923870821,900,0
512,4,0.9984072254934816,1200,0
512,5,0.9999628461306325,1500,0
513,0,0.045695663625426895,0,19
513,1,0.7291995097703428,300,23
513,2,3.420160743282916e-10,600,11
513,3,0.9999954187119429,900,0
513,4,0.9985013727430004,1200,0
513,5,0.9999628461306325,1500,0
514,0,0.045695663625426895,0,24
514,1,0.7032195270053607,300,12
514,2,2.092132073882977e-10,600,13
514,3,0.9999954187119429,900,0
514,4,0.9985013727430004,1200,1
514,5,0.9999516530114351,1500,0
515,0,0.045695663625426895,0,16
515,1,0.7032195270053607,300,16
515,2,2.0427109581608962e-10,600,18
515,3,0.9999956470748,900,0
515,4,0.9985978535260033,1200,1
515,5,0.9999516530114351,1500,0
516,0,0.045695663625426895,0,22
516,1,0.7229076925511175,300,13
516,2,2.0427109581608962e-10,600,18
516,3,0.9999956470748,900,0
516,4,0.9985978535260033,1200,0
516,5,0.9999768851469075,1500,0
517,0,0.05506082812341306,0,19
517,1,0.7229076925511175,300,18
517,2,1.4315118517231477e-10,600,15
517,3,0.9999972567507082,900,0
517,4,0.9988620814136547,1200,0
517,5,0.9999768851469075,1500,0
518,0,0.05506082812341306,0,19
518,1,0.7229076925511175,300,16
518,2,1.4166768221836336e-10,600,15
518,3,0.9999972567507082,900,0
518,4,0.9988620814136547,1200,0
518,5,0.9999791134497612,1500,0
519,0,0.04720251750064512,0,18
519,1,0.7229076925511175,300,23
519,2,1.4166768221836336e-10,600,11
519,3,0.9999972567507082,900,0
519,4,0.999335137909903,1200,0
519,5,0.9999689570844813,1500,0
520,0,0.04720251750064512,0,16
520,1,0.7229076925511175,300,9
520,2,1.4166768221836336e-10,600,27
520,3,0.9999944280815827,900,0
520,4,0.999335137909903,1200,0
520,5,0.9999689570844813,1500,0
521,0,0.036047759500510396,0,16
521,1,0.7229076925511175,300,18
521,2,1.0783731034962798e-10,600,19
521,3,0.9999944280815827,900,0
521,4,0.999335137909903,1200,0
521,5,0.9999530954358843,1500,0
522,0,0.036047759500510396,0,11
522,1,0.7229076925511175,300,16
522,2,1.416231129326129e-10,600,19
522,3,0.9999935534687222,900,0
522,4,0.9992891063031394,1200,0
522,5,0.9999530954358843,1500,0
523,0,0.036047759500510396,0,16
523,1,0.8027046691091622,300,13
523,2,1.416231129326129e-10,600,20
523,3,0.9999935534687222,900,0
523,4,0.9992891063031394,1200,0
523,5,0.999959186973643,1500,0
524,0,0.08691803356621539,0,24
524,1,0.8086929303008952,300,13
524,2,1.416231129326129e-10,600,12
524,3,0.9999885856814367,900,0
524,4,0.9992891063031394,1200,0
524,5,0.999959186973643,1500,0
525,0,0.08248931245856733,0,21
525,1,0.7960206016805862,300,19
525,2,1.416231129326129e-10,600,11
525,3,0.9999826798481076,900,0
525,4,0.9992891063031394,1200,0
525,5,0.999959186973643,1500,0
526,0,0.08248931245856733,0,21
526,1,0.7656750404577051,300,11
526,2,2.0129181548578377e-10,600,21
526,3,0.9999918437987556,900,0
526,4,0.9992891063031394,1200,0
526,5,0.999959186973643,1500,0
527,0,0.04813405591773799,0,12
527,1,0.7733972485454036,300,20
527,2,1.5982808066798795e-10,600,19
527,3,0.9999918437987556,900,0
527,4,0.9992891063031394,1200,1
527,5,0.999959186973643,1500,0
528,0,0.13226563481188322,0,23
528,1,0.7733972485454036,300,12
528,2,1.5982808066798795e-10,600,16
528,3,0.9999918437987556,900,0
528,4,0.9992891063031394,1200,0
528,5,0.9999602159921747,1500,0
529,0,0.13226563481188322,0,10
529,1,0.7774324530051797,300,24
529,2,1.9442684821795564e-10,600,18
529,3,0.9999932682445989,900,0
529,4,0.9992891063031394,1200,0
529,5,0.9999602159921747,1500,0
530,0,0.13226563481188322,0,23
530,1,0.7774324530051797,300,11
530,2,1.9442684821795564e-10,600,15
530,3,0.9999883818621271,900,0
530,4,0.9984729630604802,1200,0
530,5,0.9999602159921747,1500,0
531,0,0.13226563481188322,0,17
531,1,0.7774324530051797,300,14
531,2,1.9442684821795564e-10,600,16
531,3,0.9999883818621271,900,0
531,4,0.9985215774862414,1200,0
531,5,0.9999602159921747,1500,0
532,0,0.13226563481188322,0,22
532,1,0.7184839826326442,300,8
532,2,1.225888244035165e-10,600,17
532,3,0.9999883818621271,900,0
532,4,0.9985215774862414,1200,2
532,5,0.9999687387637787,1500,0
533,0,0.14098641564515177,0,16
533,1,0.7184839826326442,300,15
533,2,1.3556748593631013e-10,600,21
533,3,0.9999883818621271,900,0
533,4,0.9985215774862414,1200,0
533,5,0.9999607798883003,1500,0
534,0,0.14098641564515177,0,17
534,1,0.7267354378359747,300,10
534,2,1.957272680454359e-10,600,22
534,3,0.9999883818621271,900,0
534,4,0.9985215774862414,1200,0
534,5,0.9999607798883003,1500,0
535,0,0.14098641564515177,0,13
535,1,0.7267354378359747,300,27
535,2,7.464441850000537e-11,600,12
535,3,0.9999915506329309,900,0
535,4,0.9985215774862414,1200,1
535,5,0.9999607798883003,1500,0
536,0,0.14098641564515177,0,22
536,1,0.6864559448827166,300,17
536,2,7.464441850000537e-11,600,10
536,3,0.9999886810400184,900,0
536,4,0.998412333435022,1200,1
536,5,0.9999390130348336,1500,0
537,0,0.14098641564515177,0,10
537,1,0.6864559448827166,300,14
537,2,7.464441850000537e-11,600,28
537,3,0.9999886810400184,900,0
537,4,0.9977943281352265,1200,0
537,5,0.999958220188561,1500,0
538,0,0.14098641564515177,0,26
538,1,0.6127554975756611,300,21
538,2,7.464441850000537e-11,600,5
538,3,0.9999886810400184,900,0
538,4,0.9977943281352265,1200,1
538,5,0.999958220188561,1500,0
539,0,0.14098641564515177,0,24
539,1,0.6194083829058308,300,11
539,2,1.2957132911060877e-10,600,18
539,3,0.9999886810400184,900,0
539,4,0.9977943281352265,1200,0
539,5,0.9999375219284787,1500,0
540,0,0.14769273269342365,0,12
540,1,0.6368450960648165,300,26
540,2,1.2957132911060877e-10,600,6
540,3,0.9999832541089436,900,0
540,4,0.9977943281352265,1200,0
540,5,0.9999465798453719,1500,0
541,0,0.14769273269342365,0,19
541,1,0.6368450960648165,300,19
541,2,1.2957132911060877e-10,600,13
541,3,0.9999832541089436,900,0
541,4,0.9977943281352265,1200,0
541,5,0.9999698755245157,1500,0
542,0,0.14769273269342365,0,15
542,1,0.8511719773087912,300,14
542,2,1.2957132911060877e-10,600,24
542,3,0.9999832541089436,900,0
542,4,0.997509276879567,1200,0
542,5,0.9999662742904823,1500,0
543,0,0.14769273269342365,0,16
543,1,0.7759858465813207,300,11
543,2,1.2957132911060877e-10,600,25
543,3,0.9999832541089436,900,0
543,4,0.997509276879567,1200,1
543,5,0.9999408485659523,1500,0
544,0,0.2472542206045535,0,26
544,1,0.7759858465813207,300,15
544,2,1.2957132911060877e-10,600,10
544,3,0.9999838380680709,900,0
544,4,0.9980223194994299,1200,0
544,5,0.9999408485659523,1500,0
545,0,0.2472542206045535,0,13
545,1,0.7179415533797264,300,19
545,2,1.6615755534657018e-10,600,20
545,3,0.9999871869917859,900,0
545,4,0.9980223194994299,1200,0
545,5,0.9999408485659523,1500,0
546,0,0.22228399491963846,0,17
546,1,0.6629184038913554,300,14
546,2,1.8475845303125892e-10,600,18
546,3,0.9999871869917859,900,0
546,4,0.9990952479492015,1200,0
546,5,0.9999408485659523,1500,0
547,0,0.22228399491963846,0,22
547,1,0.694792904516595,300,8
547,2,1.36274833428042e-10,600,23
547,3,0.9999871869917859,900,0
547,4,0.9993684973617667,1200,0
547,5,0.9999550180543424,1500,0
548,0,0.22376522832335907,0,18
548,1,0.694792904516595,300,13
548,2,2.2318623737647965e-10,600,18
548,3,0.9999871869917859,900,0
548,4,0.99939175663601,1200,1
548,5,0.9999550180543424,1500,0
549,0,0.2346595193900635,0,19
549,1,0.694792904516595,300,10
549,2,2.2318623737647965e-10,600,19
549,3,0.9999895192290607,900,0
549,4,0.9994951565749318,1200,0
549,5,0.9999640143397848,1500,0
550,0,0.2346595193900635,0,21
550,1,0.6652513671172081,300,13
550,2,3.2495289751339054e-10,600,14
550,3,0.9999895192290607,900,0
550,4,0.9994951565749318,1200,0
550,5,0.9999369296994324,1500,0
551,0,0.24459153262888683,0,19
551,1,0.6652513671172081,300,20
551,2,3.053436900893614e-10,600,13
551,3,0.9999895192290607,900,0
551,4,0.999441659826575,1200,0
551,5,0.9999349407588475,1500,0
552,0,0.37020014156156544,0,17
552,1,0.6652513671172081,300,15
552,2,3.7848451178983614e-10,600,20
552,3,0.9999895192290607,900,0
552,4,0.999441659826575,1200,0
552,5,0.9999349407588475,1500,0
553,0,0.37020014156156544,0,17
553,1,0.5112685862963267,300,14
553,2,3.7848451178983614e-10,600,22
553,3,0.9999871009847708,900,0
553,4,0.999441659826575,1200,0
553,5,0.9999349407588475,1500,0
554,0,0.35869241856159845,0,19
554,1,0.4248719433721655,300,11
554,2,3.7848451178983614e-10,600,22
554,3,0.9999871009847708,900,0
554,4,0.999441659826575,1200,0
554,5,0.9999691728531741,1500,0
555,0,0.6278282515134596,0,19
555,1,0.4248719433721655,300,14
555,2,3.7848451178983614e-10,600,20
555,3,0.9999871009847708,900,0
555,4,0.999441659826575,1200,0
555,5,0.9999723480034802,1500,0
556,0,0.6278282515134596,0,13
556,1,0.4248719433721655,300,20
556,2,3.7848451178983614e-10,600,14
556,3,0.9999876305622809,900,0
556,4,0.9997680489120135,1200,0
556,5,0.9999707287199663,1500,0
557,0,0.6278282515134596,0,15
557,1,0.4248719433721655,300,14
557,2,3.7848451178983614e-10,600,22
557,3,0.9999861089218829,900,0
557,4,0.9998052725609304,1200,0
557,5,0.9999778860952343,1500,0
558,0,0.6717593501847463,0,8
558,1,0.4352335788205463,300,13
558,2,3.7848451178983614e-10,600,32
558,3,0.9999861089218829,900,0
558,4,0.9998052725609304,1200,0
558,5,0.9999904738199072,1500,0
559,0,0.5626955724401532,0,23
559,1,0.4352335788205463,300,19
559,2,3.7848451178983614e-10,600,12
559,3,0.9999847527235596,900,0
559,4,0.9998889948550085,1200,0
559,5,0.9999901515828001,1500,0
560,0,0.5243334924034561,0,12
560,1,0.4625919312134929,300,27
560,2,4.716666553407069e-10,600,14
560,3,0.9999847527235596,900,0
560,4,0.9998889948550085,1200,0
560,5,0.9999901515828001,1500,0
561,0,0.5243334924034561,0,7
561,1,0.22640162066318223,300,22
561,2,4.716666553407069e-10,600,19
561,3,0.9999847527235596,900,0
561,4,0.9998755069101923,1200,0
561,5,0.9999856315250096,1500,0
562,0,0.5412085615000738,0,19
562,1,0.22640162066318223,300,14
562,2,4.716666553407069e-10,600,19
562,3,0.9999852145735928,900,0
562,4,0.9996960067480213,1200,0
562,5,0.9999856315250096,1500,0
563,0,0.4975913865954607,0,19
563,1,0.2599564458354018,300,10
563,2,6.805776272839772e-10,600,21
563,3,0.9999852145735928,900,0
563,4,0.9996960067480213,1200,0
563,5,0.9999809306356213,1500,0
564,0,0.40139081965865464,0,22
564,1,0.21886037708253422,300,16
564,2,7.989802246662368e-10,600,16
564,3,0.9999852145735928,900,0
564,4,0.9997023077166013,1200,0
564,5,0.9999809306356213,1500,0
565,0,0.40139081965865464,0,19
565,1,0.21886037708253422,300,18
565,2,7.989802246662368e-10,600,16
565,3,0.9999852145735928,900,0
565,4,0.9996743424850947,1200,0
565,5,0.9999766510386999,1500,0
566,0,0.40139081965865464,0,22
566,1,0.21886037708253422,300,15
566,2,8.027889193662229e-10,600,16
566,3,0.9999852145735928,900,0
566,4,0.9990496064228124,1200,0
566,5,0.9999798813515627,1500,0
567,0,0.40139081965865464,0,20
567,1,0.22943955840361308,300,17
567,2,8.027889193662229e-10,600,14
567,3,0.9999852145735928,900,0
567,4,0.996986260108877,1200,1
567,5,0.9999798813515627,1500,0
568,0,0.40139081965865464,0,7
568,1,0.20905261658945007,300,23
568,2,8.027889193662229e-10,600,20
568,3,0.9999852145735928,900,0
568,4,0.9974452619257305,1200,0
568,5,0.9999840239175993,1500,0
569,0,0.4767625876363986,0,11
569,1,0.20905261658945007,300,20
569,2,8.027889193662229e-10,600,21
569,3,0.9999893716538713,900,0
569,4,0.9985314945405994,1200,0
569,5,0.9999840239175993,1500,0
570,0,0.4767625876363986,0,7
570,1,0.20905261658945007,300,17
570,2,5.082808395692443e-10,600,27
570,3,0.9999895314929239,900,0
570,4,0.9985314945405994,1200,0
570,5,0.9999799367590193,1500,0
571,0,0.4767625876363986,0,24
571,1,0.2488532769585149,300,21
571,2,6.714883428321618e-10,600,8
571,3,0.9999895314929239,900,0
571,4,0.9983125001939573,1200,0
571,5,0.9999799367590193,1500,0
572,0,0.4767625876363986,0,21
572,1,0.2488532769585149,300,15
572,2,6.714883428321618e-10,600,18
572,3,0.9999895314929239,900,0
572,4,0.9983125001939573,1200,0
572,5,0.9999912536752239,1500,0
573,0,0.4767625876363986,0,21
573,1,0.2204944709950975,300,15
573,2,1.4931522446692915e-09,600,18
573,3,0.9999895314929239,900,0
573,4,0.9987392185829278,1200,0
573,5,0.9999895107251171,1500,0
574,0,0.6988324739025409,0,10
574,1,0.2204944709950975,300,22
574,2,1.977482088125561e-09,600,21
574,3,0.9999857724847881,900,0
574,4,0.9987392185829278,1200,0
574,5,0.9999895107251171,1500,0
575,0,0.5986840656185944,0,13
575,1,0.2204944709950975,300,26
575,2,1.0735100840077706e-09,600,11
575,3,0.9999857724847881,900,0
575,4,0.9987392185829278,1200,0
575,5,0.9999857998882482,1500,0
576,0,0.5986840656185944,0,8
576,1,0.2204944709950975,300,20
576,2,4.971686777064607e-10,600,21
576,3,0.9999857724847881,900,0
576,4,0.9992374846749643,1200,0
576,5,0.9999857998882482,1500,0
577,0,0.3415249121348817,0,20
577,1,0.2204944709950975,300,18
577,2,4.971686777064607e-10,600,11
577,3,0.9999831469150142,900,0
577,4,0.9991042133202267,1200,1
577,5,0.9999857998882482,1500,0
578,0,0.30401071521020645,0,13
578,1,0.14904589299455395,300,26
578,2,4.971686777064607e-10,600,13
578,3,0.9999831469150142,900,0
578,4,0.998798465259306,1200,1
578,5,0.9999857998882482,1500,0
579,0,0.3138760673843542,0,17
579,1,0.14904589299455395,300,19
579,2,8.98256168201266e-10,600,17
579,3,0.9999831469150142,900,0
579,4,0.9986955872449681,1200,0
579,5,0.999987874994765,1500,0
580,0,0.3138760673843542,0,17
580,1,0.27643252967902215,300,27
580,2,8.98256168201266e-10,600,8
580,3,0.9999895445126503,900,0
580,4,0.9986955872449681,1200,0
580,5,0.9999870103242106,1500,0
581,0,0.3138760673843542,0,18
581,1,0.11873876043593379,300,22
581,2,1.3522204447149039e-09,600,13
581,3,0.99999112383082,900,0
581,4,0.9986955872449681,1200,0
581,5,0.9999870103242106,1500,0
582,0,0.3138760673843542,0,20
582,1,0.11873876043593379,300,14
582,2,1.674242935872849e-09,600,18
582,3,0.99999112383082,900,0
582,4,0.998837130224927,1200,0
582,5,0.9999848006917664,1500,0
583,0,0.3138760673843542,0,20
583,1,0.12518988629238048,300,13
583,2,1.4376014189228264e-09,600,20
583,3,0.99999112383082,900,0
583,4,0.998837130224927,1200,0
583,5,0.9999720027527889,1500,0
584,0,0.3138760673843542,0,14
584,1,0.12518988629238048,300,18
584,2,1.4376014189228264e-09,600,15
584,3,0.9999904813096329,900,0
584,4,0.9987327338144177,1200,0
584,5,0.9999720027527889,1500,0
585,0,0.3138760673843542,0,10
585,1,0.12518988629238048,300,29
585,2,1.2337357281449643e-09,600,11
585,3,0.9999904813096329,900,0
585,4,0.9973065982408841,1200,0
585,5,0.9999720027527889,1500,0
586,0,0.3669823467950105,0,18
586,1,0.1440217265643245,300,13
586,2,1.2337357281449643e-09,600,22
586,3,0.9999904813096329,900,0
586,4,0.9973065982408841,1200,1
586,5,0.9999750084739465,1500,0
587,0,0.2707661532387031,0,23
587,1,0.1440217265643245,300,20
587,2,1.2337357281449643e-09,600,10
587,3,0.9999927359622287,900,0
587,4,0.9982560632896007,1200,1
587,5,0.9999750084739465,1500,0
588,0,0.2707661532387031,0,16
588,1,0.1440217265643245,300,15
588,2,1.2337357281449643e-09,600,20
588,3,0.9999894485547577,900,0
588,4,0.9984267306530769,1200,0
588,5,0.9999875760551595,1500,0
589,0,0.2707661532387031,0,10
589,1,0.1440217265643245,300,19
589,2,1.7407887534493737e-09,600,19
589,3,0.9999894485547577,900,0
589,4,0.9985322623853238,1200,2
589,5,0.9999800339389273,1500,0
590,0,0.3581687304987586,0,15
590,1,0.12415298261190248,300,24
590,2,1.7407887534493737e-09,600,13
590,3,0.9999894485547577,900,0
590,4,0.9985322623853238,1200,1
590,5,0.9999800339389273,1500,0
591,0,0.34956806193306794,0,12
591,1,0.12415298261190248,300,23
591,2,2.52244731450207e-09,600,17
591,3,0.9999895360895171,900,0
591,4,0.9983583552890559,1200,0
591,5,0.9999800339389273,1500,0
592,0,0.3794959043112357,0,19
592,1,0.1311860868673932,300,17
592,2,2.52244731450207e-09,600,18
592,3,0.9999877343177985,900,0
592,4,0.9983583552890559,1200,0
592,5,0.9999800339389273,1500,0
593,0,0.1570206381984512,0,9
593,1,0.13892860752556735,300,15
593,2,2.52244731450207e-09,600,25
593,3,0.9999877343177985,900,0
593,4,0.9983583552890559,1200,0
593,5,0.9999800339389273,1500,0
594,0,0.1570206381984512,0,21
594,1,0.27267038038015823,300,17
594,2,2.52244731450207e-09,600,15
594,3,0.9999877343177985,900,0
594,4,0.9983583552890559,1200,0
594,5,0.9999838107455338,1500,0
595,0,0.2600954386024298,0,15
595,1,0.27267038038015823,300,29
595,2,2.52244731450207e-09,600,7
595,3,0.9999946588234854,900,0
595,4,0.9981292860500312,1200,0
595,5,0.9999838107455338,1500,0
596,0,0.2600954386024298,0,26
596,1,0.3527637252052352,300,11
596,2,2.2827100999482238e-09,600,16
596,3,0.9999946588234854,900,0
596,4,0.9981292860500312,1200,0
596,5,0.999987308263691,1500,0
597,0,0.445529176119987,0,16
597,1,0.3527637252052352,300,20
597,2,2.2827100999482238e-09,600,18
597,3,0.9999946588234854,900,0
597,4,0.9981292860500312,1200,0
597,5,0.9999941058682186,1500,0
598,0,0.5490721344467476,0,13
598,1,0.3527637252052352,300,19
598,2,2.2827100999482238e-09,600,16
598,3,0.9999946588234854,900,0
598,4,0.9981292860500312,1200,1
598,5,0.9999941058682186,1500,0
599,0,0.5490721344467476,0,13
599,1,0.5039753021905398,300,13
599,2,2.2827100999482238e-09,600,23
599,3,0.9999900955405518,900,0
599,4,0.9981292860500312,1200,2
599,5,0.9999941058682186,1500,0
600,0,0.6870937264541507,0,17
600,1,0.5039753021905398,300,16
600,2,2.57480816482849e-09,600,20
600,3,0.9999900955405518,900,0
600,4,0.9981292860500312,1200,1
600,5,0.9999941058682186,1500,0
601,0,0.6870937264541507,0,21
601,1,0.26046638147186324,300,17
601,2,2.119122969907905e-09,600,13
601,3,0.9999900955405518,900,0
601,4,0.9981292860500312,1200,0
601,5,0.9999941058682186,1500,0
602,0,0.6870937264541507,0,10
602,1,0.2029503791818317,300,21
602,2,2.713708794347204e-09,600,23
602,3,0.9999814753168791,900,0
602,4,0.9975875013307233,1200,0
602,5,0.9999941058682186,1500,0
603,0,0.6561365814079769,0,19
603,1,0.2029503791818317,300,17
603,2,6.508365028417042e-09,600,16
603,3,0.9999814753168791,900,0
603,4,0.9984316166310993,1200,0
603,5,0.9999941058682186,1500,0
604,0,0.6583936175022745,0,16
604,1,0.12127871331763795,300,19
604,2,6.508365028417042e-09,600,18
604,3,0.9999794094413049,900,0
604,4,0.9982924757165615,1200,0
604,5,0.9999941058682186,1500,0
605,0,0.45044706326074335,0,14
605,1,0.12127871331763795,300,16
605,2,6.508365028417042e-09,600,22
605,3,0.9999794094413049,900,0
605,4,0.9980068683497021,1200,1
605,5,0.9999941058682186,1500,0
606,0,0.4283179392825079,0,10
606,1,0.12127871331763795,300,13
606,2,6.508365028417042e-09,600,26
606,3,0.9999859326080317,900,0
606,4,0.9951070219932641,1200,2
606,5,0.9999941058682186,1500,0
607,0,0.4283179392825079,0,14
607,1,0.12127871331763795,300,15
607,2,6.508365028417042e-09,600,20
607,3,0.9999781380030673,900,0
607,4,0.9974749358374497,1200,1
607,5,0.9999941058682186,1500,0
608,0,0.4283179392825079,0,16
608,1,0.12127871331763795,300,20
608,2,6.508365028417042e-09,600,15
608,3,0.9999477312341059,900,0
608,4,0.9962405276662515,1200,0
608,5,0.9999941058682186,1500,0
609,0,0.4853237424565189,0,19
609,1,0.09566227411961159,300,19
609,2,5.799543897817183e-09,600,14
609,3,0.9999477312341059,900,0
609,4,0.9956638259944677,1200,0
609,5,0.9999941058682186,1500,0
610,0,0.4058870275403076,0,15
610,1,0.09566227411961159,300,22
610,2,5.799543897817183e-09,600,13
610,3,0.9999477312341059,900,0
610,4,0.9956638259944677,1200,1
610,5,0.9999901260077064,1500,0
611,0,0.4058870275403076,0,12
611,1,0.09397583019276062,300,18
611,2,1.017649954949005e-08,600,19
611,3,0.9999477312341059,900,0
611,4,0.9957069713826845,1200,1
611,5,0.9999901260077064,1500,0
612,0,0.4058870275403076,0,12
612,1,0.08384162853504494,300,15
612,2,1.721690310771523e-08,600,26
612,3,0.9999477312341059,900,0
612,4,0.9966764429309057,1200,0
612,5,0.9999901260077064,1500,0
613,0,0.4058870275403076,0,17
613,1,0.08384162853504494,300,20
613,2,1.721690310771523e-08,600,15
613,3,0.9999048340314015,900,0
613,4,0.9962095088119183,1200,2
613,5,0.9999929269038974,1500,0
614,0,0.4058870275403076,0,16
614,1,0.15547341354146565,300,20
614,2,1.5444477632017603e-08,600,14
614,3,0.999891058419519,900,0
614,4,0.9962095088119183,1200,0
614,5,0.9999929269038974,1500,0
615,0,0.4058870275403076,0,18
615,1,0.21626576057646504,300,14
615,2,1.5444477632017603e-08,600,21
615,3,0.999891058419519,900,0
615,4,0.9958225435990791,1200,1
615,5,0.9999929269038974,1500,0
616,0,0.4058870275403076,0,17
616,1,0.13185385513051578,300,16
616,2,1.1229277886446793e-08,600,19
616,3,0.999891058419519,900,0
616,4,0.9958225435990791,1200,0
616,5,0.9999929269038974,1500,0
617,0,0.43294116282332784,0,18
617,1,0.13185385513051578,300,17
617,2,1.1229277886446793e-08,600,16
617,3,0.999891058419519,900,0
617,4,0.9954222729644613,1200,1
617,5,0.9999929269038974,1500,0
618,0,0.43294116282332784,0,12
618,1,0.10856223190166413,300,27
618,2,1.1229277886446793e-08,600,13
618,3,0.9999076013751774,900,0
618,4,0.9954222729644613,1200,0
618,5,0.9999887356714721,1500,0
619,0,0.4395306672979831,0,10
619,1,0.10856223190166413,300,24
619,2,1.1229277886446793e-08,600,14
619,3,0.9998539038440792,900,0
619,4,0.9968136189090413,1200,1
619,5,0.9999887356714721,1500,0
620,0,0.4116656997138523,0,6
620,1,0.10856223190166413,300,17
620,2,1.1229277886446793e-08,600,29
620,3,0.9998539038440792,900,0
620,4,0.9964638023277606,1200,1
620,5,0.9999887356714721,1500,0
621,0,0.4116656997138523,0,25
621,1,0.09276647651776401,300,14
621,2,1.1229277886446793e-08,600,14
621,3,0.9998982053499191,900,0
621,4,0.9964638023277606,1200,0
621,5,0.999987196680671,1500,0
622,0,0.2881138886604952,0,19
622,1,0.09276647651776401,300,18
622,2,1.1229277886446793e-08,600,15
622,3,0.9998982053499191,900,0
622,4,0.9974175607050004,1200,0
622,5,0.9999894018424156,1500,0
623,0,0.2881138886604952,0,11
623,1,0.09276647651776401,300,18
623,2,1.1229277886446793e-08,600,22
623,3,0.9999136112381485,900,0
623,4,0.9984976765111396,1200,0
623,5,0.9999894018424156,1500,0
624,0,0.3291036199354345,0,21
624,1,0.09276647651776401,300,14
624,2,1.0347749314624122e-08,600,16
624,3,0.9999136112381485,900,0
624,4,0.9984976765111396,1200,1
624,5,0.9999913112613793,1500,0
625,0,0.5723614921645082,0,18
625,1,0.09276647651776401,300,14
625,2,1.1216838064060318e-08,600,16
625,3,0.9999136112381485,900,0
625,4,0.9984976765111396,1200,1
625,5,0.9999907355355102,1500,0
626,0,0.4953108994438182,0,15
626,1,0.0819021067585809,300,21
626,2,1.1216838064060318e-08,600,17
626,3,0.9999136112381485,900,0
626,4,0.9984976765111396,1200,0
626,5,0.9999799526487535,1500,0
627,0,0.4953108994438182,0,14
627,1,0.0819021067585809,300,13
627,2,1.0737522747346597e-08,600,26
627,3,0.9999136112381485,900,0
627,4,0.9984976765111396,1200,0
627,5,0.9999874283814383,1500,0
628,0,0.42296856822787904,0,15
628,1,0.06616879251125544,300,15
628,2,1.0737522747346597e-08,600,24
628,3,0.9999136112381485,900,0
628,4,0.9984976765111396,1200,0
628,5,0.9999913835510338,1500,0
629,0,0.42296856822787904,0,16
629,1,0.06616879251125544,300,15
629,2,9.689565165347266e-09,600,17
629,3,0.9999073607593347,900,0
629,4,0.9984976765111396,1200,1
629,5,0.9999956091191409,1500,0
630,0,0.35762796666557983,0,12
630,1,0.06616879251125544,300,17
630,2,9.689565165347266e-09,600,22
630,3,0.9999073607593347,900,0
630,4,0.9984976765111396,1200,0
630,5,0.9999972758130105,1500,0
631,0,0.35762796666557983,0,18
631,1,0.15039143671370472,300,11
631,2,1.8434987586157743e-08,600,21
631,3,0.9999073607593347,900,0
631,4,0.9984976765111396,1200,0
631,5,0.9999972758130105,1500,0
632,0,0.40049501922135317,0,13
632,1,0.10903511358130871,300,25
632,2,1.8434987586157743e-08,600,14
632,3,0.9999137764732171,900,0
632,4,0.9984976765111396,1200,0
632,5,0.9999972758130105,1500,0
633,0,0.40049501922135317,0,19
633,1,0.10903511358130871,300,15
633,2,1.8434987586157743e-08,600,16
633,3,0.9998872920892177,900,0
633,4,0.9984976765111396,1200,0
633,5,0.9999985553285958,1500,0
634,0,0.40049501922135317,0,15
634,1,0.12953967984275785,300,16
634,2,1.8434987586157743e-08,600,18
634,3,0.9998872920892177,900,0
634,4,0.9972554433795031,1200,2
634,5,0.9999985553285958,1500,0
635,0,0.40049501922135317,0,13
635,1,0.12953967984275785,300,21
635,2,2.3006154481060554e-08,600,18
635,3,0.9998872920892177,900,0
635,4,0.997059320768256,1200,0
635,5,0.9999985553285958,1500,0
636,0,0.40049501922135317,0,24
636,1,0.19527317335011105,300,14
636,2,2.3006154481060554e-08,600,13
636,3,0.9998872920892177,900,0
636,4,0.997059320768256,1200,0
636,5,0.999998906794884,1500,0
637,0,0.40049501922135317,0,23
637,1,0.19527317335011105,300,15
637,2,2.1160380108448723e-08,600,14
637,3,0.9998872920892177,900,0
637,4,0.997059320768256,1200,0
637,5,0.9999974978471693,1500,0
638,0,0.28086773208897725,0,15
638,1,0.19527317335011105,300,12
638,2,2.28241635350569e-08,600,26
638,3,0.9998443198836903,900,0
638,4,0.997059320768256,1200,1
638,5,0.9999980884136148,1500,0
639,0,0.28086773208897725,0,11
639,1,0.19527317335011105,300,17
639,2,2.28241635350569e-08,600,21
639,3,0.9998692598908495,900,0
639,4,0.9977530646419027,1200,0
639,5,0.9999980884136148,1500,0
640,0,0.35922294652069464,0,21
640,1,0.19527317335011105,300,12
640,2,2.28241635350569e-08,600,18
640,3,0.9998692598908495,900,0
640,4,0.9977530646419027,1200,0
640,5,0.9999981454660347,1500,0
641,0,0.35922294652069464,0,14
641,1,0.19527317335011105,300,21
641,2,2.28241635350569e-08,600,15
641,3,0.9999343684995738,900,0
641,4,0.9978905977630111,1200,0
641,5,0.9999991861537556,1500,0
642,0,0.39183876455231814,0,23
642,1,0.2155958474859713,300,14
642,2,2.28241635350569e-08,600,16
642,3,0.9999343684995738,900,0
642,4,0.9978905977630111,1200,0
642,5,0.9999984202948496,1500,0
643,0,0.39183876455231814,0,15
643,1,0.1305868007971775,300,16
643,2,2.993779324304989e-08,600,19
643,3,0.9999343684995738,900,0
643,4,0.9978905977630111,1200,2
643,5,0.9999984202948496,1500,0
644,0,0.39183876455231814,0,11
644,1,0.1305868007971775,300,23
644,2,2.993779324304989e-08,600,15
644,3,0.9999136715766207,900,0
644,4,0.9950325081869911,1200,1
644,5,0.9999984202948496,1500,0
645,0,0.37706315864821965,0,15
645,1,0.08304984714470923,300,27
645,2,1.26870526273137e-08,600,10
645,3,0.9999136715766207,900,0
645,4,0.9950325081869911,1200,1
645,5,0.9999984202948496,1500,0
646,0,0.37706315864821965,0,17
646,1,0.05336420664576049,300,26
646,2,1.26870526273137e-08,600,11
646,3,0.9998361061257839,900,0
646,4,0.9941769313759895,1200,0
646,5,0.9999984202948496,1500,0
647,0,0.5849878039633409,0,28
647,1,0.04371380648541854,300,9
647,2,1.26870526273137e-08,600,15
647,3,0.9998331609620678,900,0
647,4,0.9941769313759895,1200,1
647,5,0.9999984202948496,1500,0
648,0,0.5849878039633409,0,16
648,1,0.04086470961939693,300,23
648,2,1.2156086483893114e-08,600,10
648,3,0.9998331609620678,900,0
648,4,0.9857674700247376,1200,4
648,5,0.9999984202948496,1500,0
649,0,0.5849878039633409,0,18
649,1,0.04086470961939693,300,13
649,2,1.2156086483893114e-08,600,16
649,3,0.9998098786828363,900,0
649,4,0.9843969105325197,1200,2
649,5,0.9999989422299222,1500,0
650,0,0.5435196061362854,0,11
650,1,0.04086470961939693,300,18
650,2,1.4888048741321794e-08,600,18
650,3,0.9998616106909161,900,0
650,4,0.9843969105325197,1200,1
650,5,0.9999984678961492,1500,0
651,0,0.5435196061362854,0,18
651,1,0.05600065619614532,300,14
651,2,1.4888048741321794e-08,600,18
651,3,0.9998525996327363,900,0
651,4,0.9843969105325197,1200,2
651,5,0.9999971883601778,1500,0
652,0,0.5067070050474172,0,14
652,1,0.06356987828747765,300,11
652,2,1.4888048741321794e-08,600,23
652,3,0.9998525996327363,900,0
652,4,0.9835424894937767,1200,6
652,5,0.9999970059953539,1500,0
653,0,0.3568432553057809,0,14
653,1,0.06356987828747765,300,17
653,2,1.4888048741321794e-08,600,16
653,3,0.9996406354395261,900,0
653,4,0.9835424894937767,1200,4
653,5,0.9999970059953539,1500,0
654,0,0.3568432553057809,0,17
654,1,0.06908654047475395,300,16
654,2,1.4888048741321794e-08,600,15
654,3,0.9996406354395261,900,0
654,4,0.9900499125545669,1200,3
654,5,0.9999976891473111,1500,0
655,0,0.3568432553057809,0,14
655,1,0.06908654047475395,300,22
655,2,1.4888048741321794e-08,600,13
655,3,0.9993497021420192,900,0
655,4,0.9869983594589227,1200,3
655,5,0.9999976891473111,1500,0
656,0,0.3568432553057809,0,24
656,1,0.06908654047475395,300,20
656,2,1.4282980375299593e-08,600,8
656,3,0.9981153799971095,900,0
656,4,0.9869983594589227,1200,2
656,5,0.9999976891473111,1500,0
657,0,0.45082343699157446,0,21
657,1,0.06908654047475395,300,15
657,2,1.4282980375299593e-08,600,10
657,3,0.9981153799971095,900,1
657,4,0.9731448785928175,1200,6
657,5,0.9999976891473111,1500,0
658,0,0.4148635817110979,0,17
658,1,0.06908654047475395,300,11
658,2,1.4282980375299593e-08,600,24
658,3,0.9983998547062798,900,0
658,4,0.9891648283677579,1200,0
658,5,0.9999976891473111,1500,0
659,0,0.4148635817110979,0,12
659,1,0.13315764525546944,300,17
659,2,1.4282980375299593e-08,600,18
659,3,0.9985753346631484,900,0
659,4,0.9891648283677579,1200,6
659,5,0.9999976891473111,1500,0
660,0,0.3466244947516961,0,21
660,1,0.13315764525546944,300,19
660,2,2.0199085451063112e-08,600,8
660,3,0.9982187269322205,900,0
660,4,0.9888661346233076,1200,2
660,5,0.9999976891473111,1500,0
661,0,0.3466244947516961,0,20
661,1,0.20806847338563658,300,26
661,2,1.808445454815217e-08,600,6
661,3,0.9982187269322205,900,0
661,4,0.9946977990842159,1200,0
661,5,0.9999976891473111,1500,0
662,0,0.3466244947516961,0,22
662,1,0.20806847338563658,300,18
662,2,1.5803366067946985e-08,600,14
662,3,0.9982187269322205,900,0
662,4,0.9953324821401384,1200,0
662,5,0.999997340692335,1500,0
663,0,0.25926264123672227,0,15
663,1,0.20806847338563658,300,17
663,2,1.4251034063800938e-08,600,17
663,3,0.9982187269322205,900,0
663,4,0.9953324821401384,1200,1
663,5,0.9999961944539548,1500,0
664,0,0.25926264123672227,0,14
664,1,0.20806847338563658,300,24
664,2,1.5670281523208103e-08,600,15
664,3,0.9992608879407177,900,0
664,4,0.9953324821401384,1200,0
664,5,0.9999961944539548,1500,0
665,0,0.25926264123672227,0,15
665,1,0.20806847338563658,300,15
665,2,1.5670281523208103e-08,600,21
665,3,0.9992608879407177,900,0
665,4,0.9958080486288156,1200,1
665,5,0.9999972016186781,1500,0
666,0,0.25926264123672227,0,15
666,1,0.20806847338563658,300,11
666,2,1.5670281523208103e-08,600,24
666,3,0.9991105299516099,900,0
666,4,0.9946855140979296,1200,4
666,5,0.9999972016186781,1500,0
667,0,0.25926264123672227,0,23
667,1,0.20806847338563658,300,14
667,2,3.012245372877812e-08,600,14
667,3,0.9991105299516099,900,0
667,4,0.9939678386262565,1200,2
667,5,0.9999972016186781,1500,0
668,0,0.43208718148851116,0,16
668,1,0.1433811111954336,300,19
668,2,3.012245372877812e-08,600,17
668,3,0.9991105299516099,900,0
668,4,0.9939678386262565,1200,0
668,5,0.9999972016186781,1500,0
669,0,0.43208718148851116,0,17
669,1,0.1433811111954336,300,16
669,2,1.8556797998149657e-08,600,17
669,3,0.9991105299516099,900,1
669,4,0.9939678386262565,1200,0
669,5,0.9999977392844159,1500,0
670,0,0.41500989214120226,0,6
670,1,0.26430027225867964,300,20
670,2,1.8556797998149657e-08,600,26
670,3,0.9991105299516099,900,0
670,4,0.996360906112524,1200,2
670,5,0.9999977392844159,1500,0
671,0,0.41500989214120226,0,17
671,1,0.27207811881327165,300,16
671,2,1.8556797998149657e-08,600,17
671,3,0.9994140580871135,900,1
671,4,0.996360906112524,1200,2
671,5,0.9999981713273812,1500,0
672,0,0.41500989214120226,0,14
672,1,0.27780261576345,300,16
672,2,1.8556797998149657e-08,600,21
672,3,0.9995190759958874,900,0
672,4,0.99609098311259,1200,1
672,5,0.9999981713273812,1500,0
673,0,0.41500989214120226,0,17
673,1,0.3294326580234311,300,16
673,2,1.8556797998149657e-08,600,16
673,3,0.9994584006450762,900,0
673,4,0.9929395585906167,1200,0
673,5,0.9999981713273812,1500,0
674,0,0.4554263803463986,0,15
674,1,0.3294326580234311,300,15
674,2,1.8556797998149657e-08,600,18
674,3,0.9996010293847368,900,0
674,4,0.9957004914402032,1200,2
674,5,0.9999984673895529,1500,0
675,0,0.4554263803463986,0,19
675,1,0.3148081000604278,300,20
675,2,1.8556797998149657e-08,600,12
675,3,0.9996752996533859,900,0
675,4,0.9957004914402032,1200,2
675,5,0.9999981728658214,1500,0
676,0,0.4554263803463986,0,21
676,1,0.4227902389039027,300,19
676,2,1.8556797998149657e-08,600,13
676,3,0.9997650151180264,900,0
676,4,0.9943488268780278,1200,0
676,5,0.9999981728658214,1500,0
677,0,0.4554263803463986,0,18
677,1,0.4227902389039027,300,17
677,2,1.8556797998149657e-08,600,10
677,3,0.9997501099422321,900,0
677,4,0.9943488268780278,1200,0
677,5,0.999998294327909,1500,0
678,0,0.4554263803463986,0,23
678,1,0.4227902389039027,300,10
678,2,2.8892847463958714e-08,600,15
678,3,0.9997501099422321,900,0
678,4,0.9868296695000014,1200,3
678,5,0.999998294327909,1500,0
679,0,0.4554263803463986,0,13
679,1,0.4227902389039027,300,22
679,2,2.8892847463958714e-08,600,10
679,3,0.999687139934394,900,1
679,4,0.9868296695000014,1200,5
679,5,0.9999993722648725,1500,0
680,0,0.4554263803463986,0,12
680,1,0.33785665328226416,300,14
680,2,2.8892847463958714e-08,600,19
680,3,0.999687139934394,900,1
680,4,0.9802535379812227,1200,5
680,5,0.9999993532619483,1500,0
681,0,0.627734761787179,0,12
681,1,0.33785665328226416,300,28
681,2,2.6467169858391542e-08,600,13
681,3,0.999687139934394,900,0
681,4,0.984267280811959,1200,1
681,5,0.9999993532619483,1500,0
682,0,0.6542259941059467,0,13
682,1,0.33785665328226416,300,26
682,2,2.6467169858391542e-08,600,12
682,3,0.9996287705235584,900,0
682,4,0.9806738423278223,1200,2
682,5,0.9999993532619483,1500,0
683,0,0.8123871485992319,0,19
683,1,0.33785665328226416,300,16
683,2,2.6467169858391542e-08,600,12
683,3,0.9996287705235584,900,0
683,4,0.9821982968636123,1200,2
683,5,0.9999992064751502,1500,0
684,0,0.7854496209057457,0,21
684,1,0.33785665328226416,300,7
684,2,2.448441826164536e-08,600,22
684,3,0.999368322240354,900,0
684,4,0.9821982968636123,1200,3
684,5,0.9999992155828856,1500,0
685,0,0.7854496209057457,0,16
685,1,0.29566729211280557,300,22
685,2,2.448441826164536e-08,600,7
685,3,0.999368322240354,900,0
685,4,0.9752042947034878,1200,5
685,5,0.9999996547106067,1500,0
686,0,0.7854496209057457,0,18
686,1,0.29566729211280557,300,17
686,2,2.7668665532132127e-08,600,14
686,3,0.999368322240354,900,0
686,4,0.9752042947034878,1200,2
686,5,0.9999998577310967,1500,0
687,0,0.813554779517826,0,20
687,1,0.29566729211280557,300,12
687,2,2.7668665532132127e-08,600,14
687,3,0.9990693941713995,900,0
687,4,0.9810211673979954,1200,3
687,5,0.9999998577310967,1500,0
688,0,0.8530662245234176,0,12
688,1,0.29566729211280557,300,23
688,2,1.3026703763751814e-08,600,16
688,3,0.9990693941713995,900,0
688,4,0.9847657210121219,1200,2
688,5,0.9999998577310967,1500,0
689,0,0.7197304635555095,0,9
689,1,0.18781737538284946,300,27
689,2,1.3026703763751814e-08,600,14
689,3,0.9992485989590771,900,0
689,4,0.9847657210121219,1200,2
689,5,0.9999998577310967,1500,0
690,0,0.7197304635555095,0,15
690,1,0.17212202959400333,300,22
690,2,1.3026703763751814e-08,600,15
690,3,0.999059665758869,900,0
690,4,0.987770626964596,1200,1
690,5,0.9999998227285024,1500,0
691,0,0.7197304635555095,0,24
691,1,0.14418514708474817,300,12
691,2,1.3026703763751814e-08,600,15
691,3,0.999059665758869,900,0
691,4,0.9908294973318278,1200,0
691,5,0.9999999188258818,1500,0
692,0,0.7194209487741234,0,18
692,1,0.14418514708474817,300,16
692,2,3.3324801660183635e-08,600,15
692,3,0.9991031442398371,900,0
692,4,0.9908294973318278,1200,1
692,5,0.9999999188258818,1500,0
693,0,0.7050371484949938,0,12
693,1,0.09703575105397827,300,15
693,2,2.2808746747012843e-08,600,20
693,3,0.9991031442398371,900,0
693,4,0.9852136779256639,1200,5
693,5,0.9999999188258818,1500,0
694,0,0.7527145413864618,0,11
694,1,0.1620248409508974,300,17
694,2,2.2808746747012843e-08,600,19
694,3,0.9991031442398371,900,1
694,4,0.9852136779256639,1200,4
694,5,0.9999998868178496,1500,0
695,0,0.7527145413864618,0,14
695,1,0.1620248409508974,300,16
695,2,1.0837238374968217e-08,600,19
695,3,0.9991031442398371,900,0
695,4,0.9852136779256639,1200,1
695,5,0.9999999340277995,1500,0
696,0,0.7378885013212341,0,8
696,1,0.1620248409508974,300,11
696,2,1.0903991744280403e-08,600,29
696,3,0.9991031442398371,900,0
696,4,0.9852136779256639,1200,2
696,5,0.9999999482702031,1500,0
697,0,0.7378885013212341,0,12
697,1,0.1620248409508974,300,19
697,2,1.0903991744280403e-08,600,20
697,3,0.9995575720193627,900,0
697,4,0.9852136779256639,1200,3
697,5,0.9999999678118371,1500,0
698,0,0.7378885013212341,0,21
698,1,0.1274299449395446,300,12
698,2,1.2526529902983665e-08,600,20
698,3,0.9995772948980297,900,0
698,4,0.9852136779256639,1200,1
698,5,0.9999999678118371,1500,0
699,0,0.7378885013212341,0,9
699,1,0.0605426499407255,300,15
699,2,1.2526529902983665e-08,600,24
699,3,0.9990256891118561,900,1
699,4,0.9852136779256639,1200,1
699,5,0.9999999678118371,1500,0
700,0,0.8044725015678365,0,9
700,1,0.0605426499407255,300,16
700,2,1.2526529902983665e-08,600,24
700,3,0.998497938036495,900,0
700,4,0.986564497682386,1200,1
700,5,0.9999999659754748,1500,0
701,0,0.8044725015678365,0,13
701,1,0.0605426499407255,300,18
701,2,1.2526529902983665e-08,600,19
701,3,0.9970675436057066,900,0
701,4,0.986564497682386,1200,2
701,5,0.9999999659754748,1500,0
702,0,0.8044725015678365,0,17
702,1,0.07575513127737278,300,11
702,2,1.2526529902983665e-08,600,19
702,3,0.9952271081550399,900,0
702,4,0.986564497682386,1200,4
702,5,0.9999999659754748,1500,0
703,0,0.8723653435997553,0,12
703,1,0.060674873802576065,300,16
703,2,1.2526529902983665e-08,600,15
703,3,0.9952271081550399,900,1
703,4,0.9711241731103244,1200,4
703,5,0.9999999659754748,1500,0
704,0,0.8723653435997553,0,17
704,1,0.060674873802576065,300,21
704,2,1.3623824155364165e-08,600,15
704,3,0.9951867142549103,900,1
704,4,0.9770087939074666,1200,0
704,5,0.9999999659754748,1500,0
705,0,0.8723653435997553,0,11
705,1,0.060674873802576065,300,23
705,2,1.7177907268142295e-08,600,19
705,3,0.9951867142549103,900,0
705,4,0.9770087939074666,1200,0
705,5,0.9999999600165035,1500,0
706,0,0.8865816610156204,0,16
706,1,0.060674873802576065,300,16
706,2,1.0811284067311192e-08,600,11
706,3,0.9951867142549103,900,1
706,4,0.9770087939074666,1200,5
706,5,0.9999999411771637,1500,0
707,0,0.8584073870152233,0,20
707,1,0.0720046388799948,300,20
707,2,4.4321125441974065e-09,600,11
707,3,0.9951867142549103,900,0
707,4,0.9770087939074666,1200,1
707,5,0.9999999411771637,1500,0
708,0,0.8460762385188999,0,9
708,1,0.0720046388799948,300,16
708,2,4.4321125441974065e-09,600,22
708,3,0.9966393874042409,900,0
708,4,0.9770087939074666,1200,3
708,5,0.9999999411771637,1500,0
709,0,0.8460762385188999,0,19
709,1,0.05682333121793725,300,12
709,2,1.091479365791563e-08,600,18
709,3,0.9966393874042409,900,2
709,4,0.9770087939074666,1200,1
709,5,0.9999999411771637,1500,0
710,0,0.8460762385188999,0,11
710,1,0.05802766915633064,300,19
710,2,7.337273834638627e-09,600,17
710,3,0.9966393874042409,900,0
710,4,0.9770087939074666,1200,3
710,5,0.9999999411771637,1500,0
711,0,0.7931516433358857,0,11
711,1,0.061272562822205584,300,12
711,2,7.337273834638627e-09,600,25
711,3,0.9966393874042409,900,1
711,4,0.9770087939074666,1200,3
711,5,0.9999999347606796,1500,0
712,0,0.7931516433358857,0,15
712,1,0.06060081656722345,300,15
712,2,7.337273834638627e-09,600,17
712,3,0.9946255941068308,900,0
712,4,0.985140846850864,1200,5
712,5,0.9999999347606796,1500,0
713,0,0.786401393028062,0,12
713,1,0.06014418080635014,300,14
713,2,7.337273834638627e-09,600,20
713,3,0.9946255941068308,900,2
713,4,0.9911575496091427,1200,1
713,5,0.9999999347606796,1500,0
714,0,0.8704484928278138,0,14
714,1,0.06014418080635014,300,13
714,2,7.337273834638627e-09,600,24
714,3,0.9953133223277498,900,0
714,4,0.9911575496091427,1200,1
714,5,0.9999998880353415,1500,0
715,0,0.9256237120714349,0,5
715,1,0.06014418080635014,300,35
715,2,7.337273834638627e-09,600,9
715,3,0.9953133223277498,900,1
715,4,0.9911575496091427,1200,2
715,5,0.999999960858097,1500,0
716,0,0.9256237120714349,0,13
716,1,0.06060235237433437,300,21
716,2,9.13935165739173e-09,600,12
716,3,0.9953133223277498,900,2
716,4,0.9911575496091427,1200,3
716,5,0.999999960858097,1500,0
717,0,0.9256237120714349,0,5
717,1,0.06060235237433437,300,20
717,2,9.13935165739173e-09,600,21
717,3,0.9871609502515177,900,2
717,4,0.9911575496091427,1200,2
717,5,0.999999960858097,1500,0
718,0,0.9256237120714349,0,3
718,1,0.06060235237433437,300,16
718,2,1.208592745860021e-08,600,21
718,3,0.9678280584459928,900,8
718,4,0.9911575496091427,1200,4
718,5,0.999999960858097,1500,0
719,0,0.9256237120714349,0,8
719,1,0.02401599643406238,300,16
719,2,1.208592745860021e-08,600,18
719,3,0.9649319060693656,900,10
719,4,0.9897400746324919,1200,1
719,5,0.9999999755730374,1500,0
720,0,0.9256237120714349,0,10
720,1,0.02401599643406238,300,16
720,2,1.209777195003818e-08,600,18
720,3,0.9649319060693656,900,8
720,4,0.9897400746324919,1200,1
720,5,0.9999999755730374,1500,0
721,0,0.9408606188637556,0,13
721,1,0.015608184603555028,300,18
721,2,7.732361461081158e-09,600,12
721,3,0.9649319060693656,900,6
721,4,0.9897400746324919,1200,2
721,5,0.9999999755730374,1500,0
722,0,0.9408606188637556,0,10
722,1,0.0070238985389070785,300,15
722,2,7.732361461081158e-09,600,13
722,3,0.9649319060693656,900,5
722,4,0.9897400746324919,1200,6
722,5,0.9999999755730374,1500,0
723,0,0.9678258588218043,0,4
723,1,0.0070238985389070785,300,13
723,2,6.072727072838148e-09,600,23
723,3,0.9773838431003121,900,7
723,4,0.9897400746324919,1200,3
723,5,0.9999999755730374,1500,0
724,0,0.9818750133973616,0,4
724,1,0.0070238985389070785,300,20
724,2,6.072727072838148e-09,600,21
724,3,0.9773838431003121,900,8
724,4,0.9937804850908923,1200,0
724,5,0.9999999790853389,1500,0
725,0,0.9818750133973616,0,3
725,1,0.0059703669056730005,300,20
725,2,6.072727072838148e-09,600,21
725,3,0.9773838431003121,900,8
725,4,0.9937804850908923,1200,0
725,5,0.9999999890419796,1500,0
726,0,0.9767538766917293,0,2
726,1,0.004620627098724278,300,20
726,2,6.072727072838148e-09,600,21
726,3,0.9796772598193855,900,6
726,4,0.9937804850908923,1200,0
726,5,0.9999999890419796,1500,0
727,0,0.9796786299220732,0,6
727,1,0.004620627098724278,300,11
727,2,6.072727072838148e-09,600,28
727,3,0.9796772598193855,900,3
727,4,0.9933666627344337,1200,1
727,5,0.9999999938277058,1500,0
728,0,0.9796786299220732,0,9
728,1,0.004620627098724278,300,13
728,2,6.072727072838148e-09,600,21
728,3,0.9870364842076076,900,4
728,4,0.9933666627344337,1200,1
728,5,0.9999999920434947,1500,0
729,0,0.9877483522078199,0,2
729,1,0.004620627098724278,300,19
729,2,6.072727072838148e-09,600,21
729,3,0.9847435662783804,900,8
729,4,0.9933666627344337,1200,2
729,5,0.9999999940222719,1500,0
730,0,0.9766889440595433,0,5
730,1,0.004620627098724278,300,15
730,2,7.084215046766976e-09,600,27
730,3,0.9873848208562526,900,4
730,4,0.9933666627344337,1200,1
730,5,0.9999999940222719,1500,0
731,0,0.9741213188507131,0,12
731,1,0.004620627098724278,300,27
731,2,9.85633038536661e-09,600,11
731,3,0.9851499663754743,900,0
731,4,0.9933666627344337,1200,0
731,5,0.9999999927691592,1500,0
732,0,0.9919242489077688,0,4
732,1,0.004648662042643755,300,16
732,2,9.85633038536661e-09,600,21
732,3,0.9851499663754743,900,2
732,4,0.9933666627344337,1200,0
732,5,0.9999999937810475,1500,0
733,0,0.9910350562509173,0,1
733,1,0.004648662042643755,300,24
733,2,9.85633038536661e-09,600,20
733,3,0.9851499663754743,900,3
733,4,0.9933666627344337,1200,3
733,5,0.9999999969582918,1500,0
734,0,0.9910350562509173,0,1
734,1,0.004648662042643755,300,23
734,2,9.427317562585568e-09,600,22
734,3,0.9858673475212064,900,1
734,4,0.9933666627344337,1200,0
734,5,0.9999999971445666,1500,0
735,0,0.9898571139357273,0,1
735,1,0.00514865038969119,300,23
735,2,7.598559506068431e-09,600,26
735,3,0.9873715253771804,900,1
735,4,0.9933666627344337,1200,2
735,5,0.9999999971445666,1500,0
736,0,0.9924078385729184,0,1
736,1,0.00514865038969119,300,27
736,2,2.212585995925585e-09,600,15
736,3,0.9873715253771804,900,4
736,4,0.9933666627344337,1200,2
736,5,0.9999999977351282,1500,0
737,0,0.9970003987851241,0,0
737,1,0.00514865038969119,300,24
737,2,1.9140047417641755e-09,600,20
737,3,0.9873715253771804,900,1
737,4,0.9933666627344337,1200,2
737,5,0.9999999977351282,1500,0
738,0,0.9965199921341816,0,2
738,1,0.003414936686368509,300,25
738,2,1.250805524485196e-09,600,16
738,3,0.9873715253771804,900,5
738,4,0.9933666627344337,1200,1
738,5,0.9999999977351282,1500,0
739,0,0.9965199921341816,0,0
739,1,0.003414936686368509,300,25
739,2,1.250805524485196e-09,600,26
739,3,0.9873715253771804,900,0
739,4,0.9954291271487776,1200,1
739,5,0.999999998848061,1500,0
740,0,0.9965199921341816,0,0
740,1,0.005301728292246855,300,24
740,2,1.250805524485196e-09,600,15
740,3,0.9866250621442959,900,4
740,4,0.9962119434150202,1200,1
740,5,0.999999998848061,1500,0
741,0,0.9965199921341816,0,0
741,1,0.005301728292246855,300,24
741,2,1.8141084158276338e-09,600,12
741,3,0.9867328189745214,900,8
741,4,0.9962750163288565,1200,1
741,5,0.999999998848061,1500,0
742,0,0.9965199921341816,0,0
742,1,0.005301728292246855,300,24
742,2,1.8141084158276338e-09,600,17
742,3,0.9810222969204984,900,6
742,4,0.9978615398168104,1200,0
742,5,0.999999998848061,1500,0
743,0,0.9966819867719588,0,0
743,1,0.006045755489516305,300,22
743,2,1.8141084158276338e-09,600,23
743,3,0.9903213149544052,900,2
743,4,0.9978615398168104,1200,5
743,5,0.9999999987280719,1500,0
744,0,0.9961117501778194,0,0
744,1,0.006045755489516305,300,31
744,2,1.8141084158276338e-09,600,18
744,3,0.9732282253699748,900,2
744,4,0.9982611383981846,1200,0
744,5,0.9999999987280719,1500,0
745,0,0.9961117501778194,0,1
745,1,0.011499711590471213,300,15
745,2,1.8141084158276338e-09,600,30
745,3,0.9649034171936289,900,2
745,4,0.9984005528922945,1200,0
745,5,0.9999999987280719,1500,0
746,0,0.9986489219654165,0,2
746,1,0.011499711590471213,300,12
746,2,2.1370460579083936e-09,600,16
746,3,0.9649034171936289,900,12
746,4,0.9984005528922945,1200,2
746,5,0.9999999987280719,1500,0
747,0,0.9973921452346274,0,0
747,1,0.011499711590471213,300,32
747,2,2.1370460579083936e-09,600,16
747,3,0.9649034171936289,900,4
747,4,0.9980717796096719,1200,0
747,5,0.9999999986470496,1500,0
748,0,0.9973921452346274,0,1
748,1,0.011499711590471213,300,16
748,2,1.3556828951959165e-09,600,27
748,3,0.9649034171936289,900,1
748,4,0.9980717796096719,1200,2
748,5,0.9999999992614064,1500,0
749,0,0.9973921452346274,0,0
749,1,0.011499711590471213,300,23
749,2,8.732454951948637e-10,600,21
749,3,0.9649034171936289,900,6
749,4,0.9980717796096719,1200,0
749,5,0.9999999981839458,1500,0
750,0,0.9973921452346274,0,2
750,1,0.011499711590471213,300,24
750,2,8.732454951948637e-10,600,22
750,3,0.9649034171936289,900,2
750,4,0.9986552880339279,1200,0
750,5,0.9999999981839458,1500,0
751,0,0.9973921452346274,0,1
751,1,0.011499711590471213,300,21
751,2,8.732454951948637e-10,600,23
751,3,0.9649034171936289,900,4
751,4,0.9987159853907499,1200,0
751,5,0.9999999975824785,1500,0
752,0,0.9973921452346274,0,0
752,1,0.011499711590471213,300,19
752,2,1.048745494695622e-09,600,23
752,3,0.9891499725912309,900,5
752,4,0.9987159853907499,1200,0
752,5,0.9999999976795186,1500,0
753,0,0.9973921452346274,0,1
753,1,0.0194572077186055,300,18
753,2,1.048745494695622e-09,600,27
753,3,0.9891499725912309,900,2
753,4,0.9986118525463606,1200,0
753,5,0.999999998836407,1500,0
754,0,0.9973921452346274,0,0
754,1,0.0194572077186055,300,24
754,2,3.413155008168266e-10,600,24
754,3,0.9891499725912309,900,3
754,4,0.9984165424720715,1200,0
754,5,0.9999999992119581,1500,0
755,0,0.9973921452346274,0,1
755,1,0.0194572077186055,300,18
755,2,5.570853051718573e-10,600,26
755,3,0.9821037029468189,900,4
755,4,0.9984165424720715,1200,0
755,5,0.9999999992119581,1500,0
756,0,0.9989452294516041,0,0
756,1,0.017876931829245567,300,29
756,2,5.570853051718573e-10,600,19
756,3,0.9821037029468189,900,2
756,4,0.9984165424720715,1200,0
756,5,0.9999999992119581,1500,0
757,0,0.9989452294516041,0,1
757,1,0.017876931829245567,300,19
757,2,2.8883101414008656e-10,600,22
757,3,0.979248410021898,900,3
757,4,0.9984165424720715,1200,0
757,5,0.9999999996950408,1500,0
758,0,0.99895404238224,0,0
758,1,0.017239916733495803,300,14
758,2,2.8883101414008656e-10,600,29
758,3,0.9454780601225667,900,11
758,4,0.9984165424720715,1200,0
758,5,0.9999999996950408,1500,0
759,0,0.99895404238224,0,0
759,1,0.017239916733495803,300,24
759,2,5.42147733505318e-10,600,21
759,3,0.9481032864423585,900,6
759,4,0.9980691039613164,1200,0
759,5,0.9999999996950408,1500,0
760,0,0.99895404238224,0,0
760,1,0.017239916733495803,300,16
760,2,2.828019287138081e-10,600,21
760,3,0.9421619766974807,900,12
760,4,0.9980691039613164,1200,0
760,5,0.9999999996474775,1500,0
761,0,0.99895404238224,0,0
761,1,0.013269003842057418,300,26
761,2,2.366114347007052e-10,600,19
761,3,0.9421619766974807,900,5
761,4,0.998579266684281,1200,0
761,5,0.9999999996474775,1500,0
762,0,0.99895404238224,0,0
762,1,0.013269003842057418,300,28
762,2,2.366114347007052e-10,600,9
762,3,0.9421619766974807,900,12
762,4,0.998579266684281,1200,0
762,5,0.9999999998284244,1500,0
763,0,0.9989001608291403,0,0
763,1,0.013269003842057418,300,20
763,2,2.366114347007052e-10,600,16
763,3,0.9421619766974807,900,12
763,4,0.997982345124462,1200,1
763,5,0.9999999998748217,1500,0
764,0,0.9989001608291403,0,0
764,1,0.013269003842057418,300,16
764,2,2.366114347007052e-10,600,19
764,3,0.9421619766974807,900,11
764,4,0.9970838945860583,1200,2
764,5,0.999999999849525,1500,0
765,0,0.9975526652412295,0,0
765,1,0.02296678104311109,300,16
765,2,2.366114347007052e-10,600,22
765,3,0.9421619766974807,900,7
765,4,0.9970838945860583,1200,0
765,5,0.999999999849525,1500,0
766,0,0.9969890106370605,0,0
766,1,0.02296678104311109,300,17
766,2,1.0390137995025896e-10,600,23
766,3,0.9421619766974807,900,11
766,4,0.9970838945860583,1200,1
766,5,0.9999999997689457,1500,0
767,0,0.9932715614791865,0,1
767,1,0.02296678104311109,300,27
767,2,7.19730448420899e-11,600,19
767,3,0.9421619766974807,900,5
767,4,0.9970838945860583,1200,0
767,5,0.9999999997689457,1500,0
768,0,0.9932715614791865,0,1
768,1,0.02296678104311109,300,23
768,2,7.19730448420899e-11,600,18
768,3,0.9467218743071467,900,5
768,4,0.9970838945860583,1200,0
768,5,0.9999999998454805,1500,0
769,0,0.9932715614791865,0,2
769,1,0.02296678104311109,300,19
769,2,1.4186312925932436e-10,600,24
769,3,0.9467218743071467,900,7
769,4,0.9981539760765683,1200,0
769,5,0.9999999998454805,1500,0
770,0,0.9973811239607817,0,0
770,1,0.028847461968929723,300,22
770,2,1.4186312925932436e-10,600,21
770,3,0.9353524832137627,900,5
770,4,0.9981539760765683,1200,3
770,5,0.9999999998454805,1500,0
771,0,0.9974034623386824,0,1
771,1,0.028847461968929723,300,20
771,2,1.176497455354084e-10,600,19
771,3,0.9353524832137627,900,12
771,4,0.9981539760765683,1200,0
771,5,0.9999999998454805,1500,0
772,0,0.9980739287531031,0,0
772,1,0.028847461968929723,300,21
772,2,1.176497455354084e-10,600,24
772,3,0.9740025907916899,900,4
772,4,0.9981539760765683,1200,0
772,5,0.9999999998454805,1500,0
773,0,0.9980739287531031,0,0
773,1,0.036701437761189795,300,23
773,2,1.176497455354084e-10,600,18
773,3,0.9740025907916899,900,7
773,4,0.9981539760765683,1200,1
773,5,0.9999999995970406,1500,0
774,0,0.9980739287531031,0,1
774,1,0.044186592069611924,300,22
774,2,1.1230457070646046e-10,600,20
774,3,0.9740025907916899,900,10
774,4,0.9981539760765683,1200,0
774,5,0.9999999995970406,1500,0
775,0,0.9980739287531031,0,0
775,1,0.044186592069611924,300,20
775,2,1.1230457070646046e-10,600,22
775,3,0.9774445443979509,900,6
775,4,0.9980564897527142,1200,1
775,5,0.9999999995970406,1500,0
776,0,0.9980571051132813,0,1
776,1,0.044186592069611924,300,25
776,2,8.923997283599547e-11,600,15
776,3,0.9407595367091599,900,11
776,4,0.9980564897527142,1200,1
776,5,0.9999999995970406,1500,0
777,0,0.9980571051132813,0,0
777,1,0.044186592069611924,300,23
777,2,8.923997283599547e-11,600,20
777,3,0.9471176983808544,900,6
777,4,0.9991715932206849,1200,0
777,5,0.9999999995970406,1500,0
778,0,0.9972202988270158,0,0
778,1,0.03850611156110595,300,27
778,2,8.923997283599547e-11,600,11
778,3,0.9387166561717443,900,15
778,4,0.9986314359757148,1200,0
778,5,0.9999999995970406,1500,0
779,0,0.9967306647272,0,0
779,1,0.046464698069158664,300,13
779,2,8.923997283599547e-11,600,18
779,3,0.9387166561717443,900,16
779,4,0.9986314359757148,1200,0
779,5,0.9999999995970406,1500,0
780,0,0.9947010859369412,0,1
780,1,0.04458742771539546,300,24
780,2,8.601990311426268e-11,600,15
780,3,0.9387166561717443,900,11
780,4,0.9986314359757148,1200,0
780,5,0.9999999995970406,1500,0
781,0,0.9967585237856115,0,1
781,1,0.04458742771539546,300,20
781,2,8.601990311426268e-11,600,23
781,3,0.9387166561717443,900,7
781,4,0.9985413987857885,1200,0
781,5,0.9999999995970406,1500,0
782,0,0.9921452817679147,0,0
782,1,0.037828484390163494,300,15
782,2,8.601990311426268e-11,600,32
782,3,0.9387166561717443,900,5
782,4,0.9985413987857885,1200,1
782,5,0.9999999995970406,1500,0
783,0,0.9921452817679147,0,2
783,1,0.037828484390163494,300,23
783,2,7.475284494553907e-11,600,21
783,3,0.9706021056141114,900,6
783,4,0.9985413987857885,1200,0
783,5,0.9999999995970406,1500,0
784,0,0.9921452817679147,0,3
784,1,0.037828484390163494,300,26
784,2,1.2005463461868438e-10,600,12
784,3,0.9597318234275426,900,8
784,4,0.9982064101244186,1200,1
784,5,0.9999999995970406,1500,0
785,0,0.9921452817679147,0,1
785,1,0.014981874648601205,300,21
785,2,1.2005463461868438e-10,600,14
785,3,0.9407253520441997,900,11
785,4,0.9982064101244186,1200,1
785,5,0.9999999995970406,1500,0
786,0,0.9863190659825761,0,2
786,1,0.017182879877220024,300,23
786,2,1.2005463461868438e-10,600,22
786,3,0.9407253520441997,900,5
786,4,0.9982064101244186,1200,0
786,5,0.9999999996188378,1500,0
787,0,0.9863190659825761,0,5
787,1,0.017182879877220024,300,20
787,2,1.2005463461868438e-10,600,14
787,3,0.9653739006095561,900,12
787,4,0.9982064101244186,1200,0
787,5,0.9999999994429418,1500,0
788,0,0.9863190659825761,0,3
788,1,0.017182879877220024,300,20
788,2,1.0884258893933346e-10,600,19
788,3,0.9653739006095561,900,8
788,4,0.9979641602238363,1200,0
788,5,0.9999999994429418,1500,0
789,0,0.9863190659825761,0,1
789,1,0.012978363434154148,300,23
789,2,1.400953099563812e-10,600,22
789,3,0.9653739006095561,900,4
789,4,0.9987400759166939,1200,0
789,5,0.9999999994429418,1500,0
790,0,0.9863190659825761,0,1
790,1,0.008350537205241197,300,27
790,2,1.400953099563812e-10,600,17
790,3,0.9653739006095561,900,7
790,4,0.9982210519654415,1200,0
790,5,0.9999999994429418,1500,0
791,0,0.9852886141000992,0,0
791,1,0.008350537205241197,300,28
791,2,1.400953099563812e-10,600,16
791,3,0.9653739006095561,900,9
791,4,0.9989527928500566,1200,0
791,5,0.9999999995081792,1500,0
792,0,0.9852886141000992,0,3
792,1,0.016041954733674695,300,15
792,2,1.7264976306791604e-10,600,16
792,3,0.9591756417146939,900,8
792,4,0.9989527928500566,1200,0
792,5,0.9999999995081792,1500,0
793,0,0.9852886141000992,0,4
793,1,0.010921696480331115,300,20
793,2,1.7264976306791604e-10,600,23
793,3,0.9591756417146939,900,6
793,4,0.9989527928500566,1200,0
793,5,0.9999999995081792,1500,0
794,0,0.9852886141000992,0,3
794,1,0.009846231612115779,300,18
794,2,1.6534673184112738e-10,600,18
794,3,0.9591756417146939,900,11
794,4,0.9991065171292812,1200,0
794,5,0.9999999994484541,1500,0
795,0,0.9852886141000992,0,3
795,1,0.010922817521842307,300,35
795,2,1.4940990684759736e-10,600,14
795,3,0.9591756417146939,900,0
795,4,0.9990268538104868,1200,0
795,5,0.9999999994484541,1500,0
796,0,0.9852886141000992,0,1
796,1,0.010922817521842307,300,24
796,2,1.4940990684759736e-10,600,21
796,3,0.9440628166441221,900,6
796,4,0.9990268538104868,1200,0
796,5,0.9999999994936211,1500,0
797,0,0.9852886141000992,0,2
797,1,0.007139732056344272,300,25
797,2,1.4940990684759736e-10,600,17
797,3,0.9440628166441221,900,5
797,4,0.9990268538104868,1200,0
797,5,0.9999999994936211,1500,0
798,0,0.9852886141000992,0,4
798,1,0.007139732056344272,300,15
798,2,1.9869128830283685e-10,600,21
798,3,0.942927483364924,900,10
798,4,0.9990268538104868,1200,2
798,5,0.9999999994936211,1500,0
799,0,0.9852149175676104,0,2
799,1,0.007139732056344272,300,26
799,2,1.9869128830283685e-10,600,11
799,3,0.9106282813153179,900,14
799,4,0.9990268538104868,1200,0
799,5,0.9999999994740592,1500,0
800,0,0.98643528201835,0,3
800,1,0.01075847295162059,300,20
800,2,2.882534781459591e-10,600,15
800,3,0.9106282813153179,900,12
800,4,0.9993068444324418,1200,2
800,5,0.9999999994740592,1500,0
801,0,0.9941498455113393,0,1
801,1,0.00827959725466524,300,18
801,2,2.882534781459591e-10,600,27
801,3,0.9106282813153179,900,6
801,4,0.9992000502011291,1200,1
801,5,0.9999999994740592,1500,0
802,0,0.9941498455113393,0,2
802,1,0.00827959725466524,300,9
802,2,2.882534781459591e-10,600,17
802,3,0.8965992958258058,900,20
802,4,0.9994494577371354,1200,0
802,5,0.9999999994740592,1500,0
803,0,0.9941498455113393,0,0
803,1,0.02317253139547092,300,15
803,2,2.882534781459591e-10,600,31
803,3,0.8965992958258058,900,8
803,4,0.9994494577371354,1200,0
803,5,0.9999999994364841,1500,0
804,0,0.9941498455113393,0,0
804,1,0.02109826764831039,300,17
804,2,2.882534781459591e-10,600,25
804,3,0.942975851243906,900,9
804,4,0.9994494577371354,1200,0
804,5,0.9999999988971866,1500,0
805,0,0.9941498455113393,0,2
805,1,0.02109826764831039,300,23
805,2,1.7489864360932606e-10,600,15
805,3,0.942975851243906,900,11
805,4,0.9997861077634826,1200,0
805,5,0.9999999985272374,1500,0
806,0,0.9950938548646711,0,4
806,1,0.02109826764831039,300,22
806,2,1.7489864360932606e-10,600,16
806,3,0.9217791156614221,900,10
806,4,0.9997861077634826,1200,0
806,5,0.9999999969156643,1500,0
807,0,0.9950938548646711,0,0
807,1,0.02109826764831039,300,29
807,2,2.3103717755261776e-10,600,14
807,3,0.9217791156614221,900,9
807,4,0.9997197215749735,1200,0
807,5,0.9999999977128187,1500,0
808,0,0.9950938548646711,0,0
808,1,0.028295852801251926,300,14
808,2,2.3103717755261776e-10,600,20
808,3,0.9207903142402101,900,14
808,4,0.9997761324868593,1200,0
808,5,0.9999999977128187,1500,0
809,0,0.9956634995110509,0,1
809,1,0.023845638314656723,300,22
809,2,2.183901971113119e-10,600,16
809,3,0.9207903142402101,900,10
809,4,0.9997761324868593,1200,0
809,5,0.9999999966964661,1500,0
810,0,0.9956634995110509,0,1
810,1,0.022116020730694755,300,27
810,2,2.2109967307097396e-10,600,13
810,3,0.9207903142402101,900,11
810,4,0.9997761324868593,1200,0
810,5,0.9999999966964661,1500,0
811,0,0.9946990454838404,0,0
811,1,0.014399655457008624,300,10
811,2,2.2109967307097396e-10,600,29
811,3,0.9207903142402101,900,14
811,4,0.9998504380268559,1200,0
811,5,0.9999999966964661,1500,0
812,0,0.9946990454838404,0,2
812,1,0.01541575002145404,300,24
812,2,1.5626846385420656e-10,600,15
812,3,0.9207903142402101,900,11
812,4,0.9998504380268559,1200,0
812,5,0.9999999952860963,1500,0
813,0,0.9893893129656574,0,2
813,1,0.01230678609025991,300,25
813,2,1.5626846385420656e-10,600,11
813,3,0.9299409290618447,900,12
813,4,0.9998243709764161,1200,0
813,5,0.9999999952860963,1500,0
814,0,0.9893893129656574,0,2
814,1,0.01230678609025991,300,22
814,2,1.5626846385420656e-10,600,15
814,3,0.811918616018865,900,12
814,4,0.9998680692646572,1200,0
814,5,0.9999999952860963,1500,0
815,0,0.9893893129656574,0,1
815,1,0.015989881672042666,300,16
815,2,1.5626846385420656e-10,600,28
815,3,0.6146586521123639,900,8
815,4,0.9998680692646572,1200,0
815,5,0.9999999952860963,1500,0
816,0,0.9893893129656574,0,0
816,1,0.010325031602814456,300,11
816,2,1.1595471397918705e-10,600,19
816,3,0.7063268213975594,900,17
816,4,0.9998680692646572,1200,0
816,5,0.9999999952860963,1500,0
817,0,0.9893893129656574,0,2
817,1,0.007029704466280085,300,16
817,2,1.1595471397918705e-10,600,17
817,3,0.7119388402608937,900,17
817,4,0.9998680692646572,1200,0
817,5,0.9999999958864381,1500,0
818,0,0.9876951434918955,0,1
818,1,0.019588248645184044,300,19
818,2,1.1595471397918705e-10,600,12
818,3,0.7173707166339699,900,20
818,4,0.9998680692646572,1200,0
818,5,0.9999999958864381,1500,0
819,0,0.9883276460704996,0,0
819,1,0.019588248645184044,300,10
819,2,1.1595471397918705e-10,600,20
819,3,0.5095165986159894,900,21
819,4,0.9998175527400598,1200,0
819,5,0.9999999958864381,1500,0
820,0,0.9892205100520765,0,1
820,1,0.01982036220383633,300,26
820,2,1.0958448416049707e-10,600,9
820,3,0.5411615861025486,900,17
820,4,0.9998175527400598,1200,0
820,5,0.9999999958864381,1500,0
821,0,0.9920102139385768,0,2
821,1,0.01982036220383633,300,16
821,2,1.0958448416049707e-10,600,14
821,3,0.6335275602284179,900,21
821,4,0.999689172169725,1200,0
821,5,0.9999999958864381,1500,0
822,0,0.9889752936949852,0,5
822,1,0.01982036220383633,300,6
822,2,9.423922664479163e-11,600,17
822,3,0.589454652484308,900,23
822,4,0.999689172169725,1200,0
822,5,0.9999999958864381,1500,0
823,0,0.9959485018453464,0,0
823,1,0.01982036220383633,300,21
823,2,9.423922664479163e-11,600,22
823,3,0.589454652484308,900,9
823,4,0.9996052513277535,1200,0
823,5,0.9999999958864381,1500,0
824,0,0.9959485018453464,0,1
824,1,0.01982036220383633,300,17
824,2,9.423922664479163e-11,600,19
824,3,0.766935927277448,900,12
824,4,0.9997053300804208,1200,0
824,5,0.9999999958864381,1500,0
825,0,0.9944504889494532,0,1
825,1,0.032034553710800884,300,17
825,2,9.423922664479163e-11,600,23
825,3,0.8115724093094089,900,13
825,4,0.9997053300804208,1200,0
825,5,0.9999999958864381,1500,0
826,0,0.9952708760948219,0,1
826,1,0.032034553710800884,300,16
826,2,8.56590813570263e-11,600,22
826,3,0.8115724093094089,900,11
826,4,0.9997954755961043,1200,0
826,5,0.9999999953922851,1500,0
827,0,0.9932044146884386,0,2
827,1,0.017546942070003287,300,10
827,2,8.56590813570263e-11,600,20
827,3,0.8115724093094089,900,20
827,4,0.9997954755961043,1200,0
827,5,0.9999999953922851,1500,0
828,0,0.9932044146884386,0,2
828,1,0.02243523976081974,300,19
828,2,8.56590813570263e-11,600,16
828,3,0.8115724093094089,900,16
828,4,0.9997680555301737,1200,0
828,5,0.999999990832621,1500,0
829,0,0.9944725526857578,0,1
829,1,0.02243523976081974,300,17
829,2,2.8805666915367033e-11,600,20
829,3,0.8609835079839371,900,8
829,4,0.9997680555301737,1200,0
829,5,0.999999990832621,1500,0
830,0,0.9947587308465813,0,1
830,1,0.02243523976081974,300,17
830,2,1.2122325580225621e-11,600,18
830,3,0.8609835079839371,900,15
830,4,0.9997680555301737,1200,0
830,5,0.9999999892088561,1500,0
831,0,0.994443827509468,0,2
831,1,0.02243523976081974,300,15
831,2,1.4151546357875199e-11,600,20
831,3,0.8609835079839371,900,15
831,4,0.9998593278226169,1200,0
831,5,0.9999999892088561,1500,0
832,0,0.9936667712879238,0,5
832,1,0.046153093233072984,300,14
832,2,1.4151546357875199e-11,600,18
832,3,0.8609835079839371,900,13
832,4,0.9998593278226169,1200,0
832,5,0.9999999892088561,1500,0
833,0,0.9936667712879238,0,2
833,1,0.046153093233072984,300,11
833,2,2.1670101841805167e-11,600,23
833,3,0.8609835079839371,900,13
833,4,0.9998497589098125,1200,0
833,5,0.9999999811234043,1500,0
834,0,0.9936667712879238,0,0
834,1,0.046153093233072984,300,24
834,2,2.7918534653778847e-11,600,13
834,3,0.8725139301927811,900,15
834,4,0.9998497589098125,1200,0
834,5,0.9999999811234043,1500,0
835,0,0.9936667712879238,0,1
835,1,0.037254005766188265,300,15
835,2,1.0319593333847574e-11,600,20
835,3,0.8725139301927811,900,16
835,4,0.9998497589098125,1200,0
835,5,0.9999999811234043,1500,0
836,0,0.9873793942428736,0,2
836,1,0.03881294372015199,300,18
836,2,1.0319593333847574e-11,600,20
836,3,0.8725139301927811,900,12
836,4,0.9999172931492172,1200,0
836,5,0.9999999811234043,1500,0
837,0,0.9873793942428736,0,5
837,1,0.03881294372015199,300,12
837,2,4.5990532147805455e-12,600,25
837,3,0.8725139301927811,900,8
837,4,0.9999172931492172,1200,0
837,5,0.9999999899140991,1500,0
838,0,0.9912204487564232,0,3
838,1,0.03881294372015199,300,26
838,2,3.5793173206440683e-12,600,14
838,3,0.8439884973530175,900,9
838,4,0.9999304464535498,1200,0
838,5,0.9999999899140991,1500,0
839,0,0.9925773010097125,0,1
839,1,0.03881294372015199,300,20
839,2,3.5793173206440683e-12,600,15
839,3,0.8636012725474156,900,12
839,4,0.9999304464535498,1200,0
839,5,0.9999999899140991,1500,0
840,0,0.9925773010097125,0,1
840,1,0.03881294372015199,300,16
840,2,3.5793173206440683e-12,600,25
840,3,0.9135427811555634,900,12
840,4,0.9999304464535498,1200,0
840,5,0.9999999899140991,1500,0
841,0,0.9854937296241214,0,3
841,1,0.03881294372015199,300,21
841,2,3.762007068826926e-12,600,13
841,3,0.9135427811555634,900,11
841,4,0.9998969949043771,1200,0
841,5,0.9999999899140991,1500,0
842,0,0.9854937296241214,0,2
842,1,0.07911976769903226,300,24
842,2,3.762007068826926e-12,600,14
842,3,0.9135427811555634,900,12
842,4,0.9998969949043771,1200,0
842,5,0.9999999814844048,1500,0
843,0,0.9854937296241214,0,8
843,1,0.07911976769903226,300,16
843,2,4.180275396992655e-12,600,23
843,3,0.9228673954938867,900,7
843,4,0.9997840284292159,1200,0
843,5,0.9999999814844048,1500,0
844,0,0.9866074336780543,0,3
844,1,0.0652905295361617,300,20
844,2,5.5998791238416855e-12,600,20
844,3,0.9228673954938867,900,8
844,4,0.9997840284292159,1200,0
844,5,0.9999999814844048,1500,0
845,0,0.9839071430878393,0,2
845,1,0.0652905295361617,300,21
845,2,5.5998791238416855e-12,600,16
845,3,0.9000080823165495,900,10
845,4,0.999840913817458,1200,0
845,5,0.9999999814844048,1500,0
846,0,0.9922622243366531,0,1
846,1,0.0652905295361617,300,26
846,2,5.5998791238416855e-12,600,15
846,3,0.8941950959825977,900,10
846,4,0.999840913817458,1200,0
846,5,0.9999999832284291,1500,0
847,0,0.9922622243366531,0,2
847,1,0.0652905295361617,300,20
847,2,2.723198815427552e-12,600,19
847,3,0.844793277198773,900,9
847,4,0.999840913817458,1200,0
847,5,0.9999999832284291,1500,0
848,0,0.9922622243366531,0,1
848,1,0.1529009723925203,300,16
848,2,2.3816893412029456e-12,600,18
848,3,0.889328894096096,900,14
848,4,0.999840913817458,1200,0
848,5,0.9999999832284291,1500,0
849,0,0.9922622243366531,0,3
849,1,0.0977074433213143,300,21
849,2,2.3816893412029456e-12,600,18
849,3,0.889328894096096,900,10
849,4,0.999863177194682,1200,0
849,5,0.9999999873550863,1500,0
850,0,0.9912513913584838,0,1
850,1,0.0977074433213143,300,11
850,2,1.8158020870818842e-12,600,25
850,3,0.8320984459194644,900,16
850,4,0.999863177194682,1200,0
850,5,0.9999999873550863,1500,0
851,0,0.9912513913584838,0,1
851,1,0.0977074433213143,300,15
851,2,1.8158020870818842e-12,600,16
851,3,0.7777805338768369,900,21
851,4,0.999923729067656,1200,0
851,5,0.9999999873550863,1500,0
852,0,0.9912513913584838,0,0
852,1,0.0977074433213143,300,15
852,2,1.8158020870818842e-12,600,20
852,3,0.7777805338768369,900,14
852,4,0.999839909411886,1200,0
852,5,0.9999999890160082,1500,0
853,0,0.9912513913584838,0,4
853,1,0.18636152884038185,300,16
853,2,1.1390874722064415e-12,600,17
853,3,0.7777805338768369,900,14
853,4,0.999839909411886,1200,0
853,5,0.9999999890160082,1500,0
854,0,0.9912513913584838,0,0
854,1,0.18636152884038185,300,20
854,2,1.1390874722064415e-12,600,11
854,3,0.8073049914900314,900,22
854,4,0.9998406913059888,1200,0
854,5,0.9999999890160082,1500,0
855,0,0.9912513913584838,0,2
855,1,0.18636152884038185,300,17
855,2,1.1390874722064415e-12,600,17
855,3,0.8288782621610719,900,14
855,4,0.9995510083501816,1200,0
855,5,0.9999999894524502,1500,0
856,0,0.9912513913584838,0,1
856,1,0.1890965465373931,300,18
856,2,1.1390874722064415e-12,600,21
856,3,0.6765168405360689,900,11
856,4,0.999660765188258,1200,0
856,5,0.9999999894524502,1500,0
857,0,0.9912513913584838,0,1
857,1,0.1890965465373931,300,20
857,2,1.1390874722064415e-12,600,17
857,3,0.5750860695896437,900,12
857,4,0.999660765188258,1200,1
857,5,0.9999999953448195,1500,0
858,0,0.9912513913584838,0,1
858,1,0.1890965465373931,300,20
858,2,1.1857652338762594e-12,600,16
858,3,0.5315842363178511,900,16
858,4,0.9997436613922602,1200,0
858,5,0.9999999960173889,1500,0
859,0,0.9912513913584838,0,1
859,1,0.1890965465373931,300,17
859,2,1.2017540891064885e-12,600,17
859,3,0.5315842363178511,900,18
859,4,0.9997436613922602,1200,0
859,5,0.9999999955084187,1500,0
860,0,0.9943000861564282,0,0
860,1,0.27351483241130525,300,16
860,2,1.4041006774022929e-12,600,24
860,3,0.5315842363178511,900,9
860,4,0.9997436613922602,1200,0
860,5,0.9999999955084187,1500,0
861,0,0.9943000861564282,0,4
861,1,0.27351483241130525,300,15
861,2,2.4484212558512375e-12,600,16
861,3,0.49122497065479054,900,16
861,4,0.9997436613922602,1200,0
861,5,0.9999999945652656,1500,0
862,0,0.9954915199475856,0,1
862,1,0.27351483241130525,300,21
862,2,2.4484212558512375e-12,600,12
862,3,0.49122497065479054,900,18
862,4,0.9994463308570211,1200,0
862,5,0.9999999945652656,1500,0
863,0,0.9954915199475856,0,0
863,1,0.31409742807318936,300,21
863,2,2.4484212558512375e-12,600,19
863,3,0.3823926260172247,900,12
863,4,0.9994463308570211,1200,0
863,5,0.9999999957370458,1500,0
864,0,0.9954915199475856,0,0
864,1,0.4192591974964715,300,15
864,2,2.161958396237141e-12,600,16
864,3,0.22054885227250562,900,19
864,4,0.9994463308570211,1200,1
864,5,0.9999999957370458,1500,0
865,0,0.9867802476303404,0,2
865,1,0.41380145549657044,300,14
865,2,2.7579538759410833e-12,600,17
865,3,0.22054885227250562,900,16
865,4,0.9994463308570211,1200,0
865,5,0.9999999957370458,1500,0
866,0,0.979966181659061,0,1
866,1,0.41380145549657044,300,16
866,2,2.0468651512710165e-12,600,20
866,3,0.22054885227250562,900,16
866,4,0.9994463308570211,1200,0
866,5,0.9999999957370458,1500,0
867,0,0.979966181659061,0,1
867,1,0.41380145549657044,300,23
867,2,2.0468651512710165e-12,600,20
867,3,0.22054885227250562,900,9
867,4,0.9991873621631543,1200,0
867,5,0.999999994737514,1500,0
868,0,0.9840095018760622,0,4
868,1,0.4374779976128281,300,14
868,2,2.0468651512710165e-12,600,12
868,3,0.251352356338715,900,22
868,4,0.9993886356483418,1200,0
868,5,0.999999994737514,1500,0
869,0,0.9840095018760622,0,1
869,1,0.4374779976128281,300,17
869,2,2.0468651512710165e-12,600,18
869,3,0.251352356338715,900,18
869,4,0.9993886356483418,1200,0
869,5,0.9999999942040594,1500,0
870,0,0.9807675926301229,0,6
870,1,0.467055920452628,300,13
870,2,2.1786109807962507e-12,600,24
870,3,0.251352356338715,900,11
870,4,0.9993886356483418,1200,0
870,5,0.9999999942040594,1500,0
871,0,0.9807675926301229,0,6
871,1,0.523469932658534,300,12
871,2,1.929528934725958e-12,600,17
871,3,0.251352356338715,900,19
871,4,0.9995577042269664,1200,0
871,5,0.9999999942040594,1500,0
872,0,0.9807675926301229,0,3
872,1,0.5107562727884903,300,11
872,2,3.775384053587916e-12,600,19
872,3,0.2699217391922764,900,14
872,4,0.9996575230017426,1200,0
872,5,0.9999999942040594,1500,0
873,0,0.9807675926301229,0,1
873,1,0.48997965707465346,300,12
873,2,3.8243934664838274e-12,600,21
873,3,0.2699217391922764,900,16
873,4,0.9996575230017426,1200,0
873,5,0.9999999942040594,1500,0
874,0,0.9807675926301229,0,3
874,1,0.48997965707465346,300,12
874,2,3.8243934664838274e-12,600,20
874,3,0.2699217391922764,900,16
874,4,0.999761001699986,1200,0
874,5,0.9999999954658381,1500,0
875,0,0.9742836588370354,0,2
875,1,0.48997965707465346,300,14
875,2,3.8243934664838274e-12,600,19
875,3,0.3336667949832361,900,19
875,4,0.999761001699986,1200,0
875,5,0.9999999954571517,1500,0
876,0,0.9742836588370354,0,4
876,1,0.672802441018786,300,17
876,2,3.8243934664838274e-12,600,16
876,3,0.4138853459518321,900,13
876,4,0.9997085628120583,1200,0
876,5,0.9999999954571517,1500,0
877,0,0.9742836588370354,0,2
877,1,0.5661251397179273,300,21
877,2,3.8243934664838274e-12,600,17
877,3,0.4214876096478505,900,14
877,4,0.9997085628120583,1200,0
877,5,0.9999999954571517,1500,0
878,0,0.9742836588370354,0,3
878,1,0.542932133218263,300,9
878,2,3.8243934664838274e-12,600,23
878,3,0.453092795696605,900,18
878,4,0.9997085628120583,1200,0
878,5,0.9999999954571517,1500,0
879,0,0.9742836588370354,0,7
879,1,0.42816638628439,300,9
879,2,3.8243934664838274e-12,600,15
879,3,0.453092795696605,900,22
879,4,0.9994668462066483,1200,0
879,5,0.9999999958341814,1500,0
880,0,0.9742836588370354,0,2
880,1,0.3741108715474369,300,26
880,2,3.4794283324354616e-12,600,11
880,3,0.453092795696605,900,13
880,4,0.9993684550625648,1200,0
880,5,0.9999999958341814,1500,0
881,0,0.9816125149447504,0,3
881,1,0.2930076952757073,300,13
881,2,3.4794283324354616e-12,600,18
881,3,0.453092795696605,900,17
881,4,0.9993684550625648,1200,1
881,5,0.9999999958341814,1500,0
882,0,0.9816125149447504,0,5
882,1,0.38570398675339457,300,10
882,2,3.4794283324354616e-12,600,18
882,3,0.453092795696605,900,19
882,4,0.9993684550625648,1200,0
882,5,0.9999999984708705,1500,0
883,0,0.9884660120141553,0,3
883,1,0.31133965408881425,300,15
883,2,3.4794283324354616e-12,600,11
883,3,0.4115387306360573,900,23
883,4,0.9993684550625648,1200,1
883,5,0.999999998689356,1500,0
884,0,0.9662272500628576,0,10
884,1,0.31133965408881425,300,12
884,2,3.4794283324354616e-12,600,16
884,3,0.38950484105543626,900,13
884,4,0.9993684550625648,1200,0
884,5,0.999999998689356,1500,0
885,0,0.9671856565336227,0,5
885,1,0.3034220870925933,300,13
885,2,3.4794283324354616e-12,600,14
885,3,0.38950484105543626,900,21
885,4,0.9994333888255656,1200,0
885,5,0.999999998689356,1500,0
886,0,0.9708214403119954,0,0
886,1,0.3034220870925933,300,18
886,2,3.4794283324354616e-12,600,16
886,3,0.3003789126140827,900,19
886,4,0.9994333888255656,1200,0
886,5,0.9999999991603834,1500,0
887,0,0.9708214403119954,0,1
887,1,0.3034220870925933,300,15
887,2,3.4794283324354616e-12,600,27
887,3,0.11871479074606935,900,8
887,4,0.9990736224265998,1200,0
887,5,0.9999999991603834,1500,0
888,0,0.9708214403119954,0,3
888,1,0.3034220870925933,300,16
888,2,7.666369832431993e-12,600,11
888,3,0.06899425296985301,900,24
888,4,0.9990736224265998,1200,0
888,5,0.9999999991603834,1500,0
889,0,0.9692359564928033,0,1
889,1,0.1998602244608177,300,18
889,2,7.666369832431993e-12,600,21
889,3,0.06899425296985301,900,13
889,4,0.9990736224265998,1200,0
889,5,0.9999999991603834,1500,0
890,0,0.9692359564928033,0,1
890,1,0.1998602244608177,300,15
890,2,2.6592375296473632e-11,600,24
890,3,0.05473551982023147,900,12
890,4,0.9990736224265998,1200,0
890,5,0.9999999991603834,1500,0
891,0,0.9692359564928033,0,1
891,1,0.1998602244608177,300,24
891,2,2.6592375296473632e-11,600,15
891,3,0.02841964953250691,900,13
891,4,0.9990736224265998,1200,0
891,5,0.9999999990936748,1500,0
892,0,0.9692359564928033,0,2
892,1,0.1998602244608177,300,10
892,2,2.6592375296473632e-11,600,25
892,3,0.02841964953250691,900,13
892,4,0.9990240543402775,1200,0
892,5,0.9999999989972477,1500,0
893,0,0.9692359564928033,0,3
893,1,0.1998602244608177,300,7
893,2,7.963999699114178e-12,600,16
893,3,0.02841964953250691,900,26
893,4,0.9990242021699519,1200,1
893,5,0.9999999989972477,1500,0
894,0,0.9348192134671283,0,7
894,1,0.18571356972492883,300,19
894,2,7.963999699114178e-12,600,12
894,3,0.02841964953250691,900,15
894,4,0.9990242021699519,1200,0
894,5,0.9999999989972477,1500,0
895,0,0.9348192134671283,0,7
895,1,0.18571356972492883,300,11
895,2,4.2383243806055956e-12,600,19
895,3,0.02841964953250691,900,17
895,4,0.9990242021699519,1200,0
895,5,0.9999999993874744,1500,0
896,0,0.9348192134671283,0,10
896,1,0.2593567103010285,300,8
896,2,4.2383243806055956e-12,600,18
896,3,0.02841964953250691,900,15
896,4,0.9994217160158164,1200,0
896,5,0.999999999569271,1500,0
897,0,0.9153008511495979,0,20
897,1,0.2593567103010285,300,7
897,2,6.6508538162259105e-12,600,11
897,3,0.02841964953250691,900,16
897,4,0.9993477264669823,1200,0
897,5,0.999999999569271,1500,0
898,0,0.9331775242128926,0,9
898,1,0.17428334437549103,300,17
898,2,6.6508538162259105e-12,600,10
898,3,0.02841964953250691,900,16
898,4,0.9993477264669823,1200,0
898,5,0.999999999569271,1500,0
899,0,0.9331775242128926,0,4
899,1,0.11853886721224761,300,19
899,2,6.6508538162259105e-12,600,15
899,3,0.02841964953250691,900,14
899,4,0.9996519170112833,1200,0
899,5,0.999999999569271,1500,0
900,0,0.9331775242128926,0,7
900,1,0.10493265999592602,300,14
900,2,3.950632070156008e-12,600,11
900,3,0.022505723835702093,900,21
900,4,0.9996519170112833,1200,0
900,5,0.999999999569271,1500,0
901,0,0.9331775242128926,0,7
901,1,0.10493265999592602,300,17
901,2,9.948325352102555e-12,600,16
901,3,0.01693305877944816,900,14
901,4,0.9996519170112833,1200,0
901,5,0.999999999569271,1500,0
902,0,0.9312016424520371,0,8
902,1,0.19746276922001468,300,17
902,2,9.948325352102555e-12,600,15
902,3,0.01693305877944816,900,12
902,4,0.9997375589467069,1200,0
902,5,0.999999999622476,1500,0
903,0,0.9312016424520371,0,11
903,1,0.2721390590928915,300,19
903,2,1.2404752213545962e-11,600,14
903,3,0.011762362841123095,900,8
903,4,0.9997375589467069,1200,0
903,5,0.999999999622476,1500,0
904,0,0.9312016424520371,0,9
904,1,0.30688691497367154,300,6
904,2,1.4629462550364435e-11,600,23
904,3,0.011762362841123095,900,15
904,4,0.9997375589467069,1200,0
904,5,0.9999999990037156,1500,0
905,0,0.940721142921934,0,5
905,1,0.15582959696340748,300,19
905,2,1.4629462550364435e-11,600,12
905,3,0.011762362841123095,900,17
905,4,0.9997375589467069,1200,0
905,5,0.9999999986804982,1500,0
906,0,0.9334743514335907,0,5
906,1,0.07944416753908248,300,20
906,2,1.4629462550364435e-11,600,15
906,3,0.011762362841123095,900,14
906,4,0.9997375589467069,1200,0
906,5,0.9999999988920134,1500,0
907,0,0.9334743514335907,0,3
907,1,0.07944416753908248,300,14
907,2,1.4629462550364435e-11,600,19
907,3,0.049701520577561206,900,16
907,4,0.9997375589467069,1200,0
907,5,0.9999999988920134,1500,0
908,0,0.9334743514335907,0,0
908,1,0.04020155612816303,300,15
908,2,1.4629462550364435e-11,600,22
908,3,0.024570873391716035,900,13
908,4,0.9997316623972788,1200,0
908,5,0.9999999988920134,1500,0
909,0,0.9334743514335907,0,8
909,1,0.04020155612816303,300,16
909,2,1.4629462550364435e-11,600,15
909,3,0.024570873391716035,900,11
909,4,0.9994088053090132,1200,0
909,5,0.9999999988920134,1500,0
910,0,0.9334743514335907,0,5
910,1,0.03183270506948584,300,12
910,2,1.4629462550364435e-11,600,20
910,3,0.024570873391716035,900,16
910,4,0.9994613642760501,1200,0
910,5,0.9999999988920134,1500,0
911,0,0.9334743514335907,0,6
911,1,0.021842904110649528,300,18
911,2,1.0050804971483202e-11,600,19
911,3,0.024570873391716035,900,8
911,4,0.999528964147649,1200,0
911,5,0.9999999988920134,1500,0
912,0,0.9474637382851927,0,3
912,1,0.021842904110649528,300,10
912,2,1.7514543964588083e-11,600,19
912,3,0.024570873391716035,900,20
912,4,0.999609742349872,1200,0
912,5,0.9999999988920134,1500,0
913,0,0.9474637382851927,0,4
913,1,0.021842904110649528,300,11
913,2,1.7514543964588083e-11,600,26
913,3,0.024570873391716035,900,13
913,4,0.999609742349872,1200,0
913,5,0.9999999994942605,1500,0
914,0,0.8844542739938966,0,13
914,1,0.021842904110649528,300,15
914,2,1.7514543964588083e-11,600,14
914,3,0.024570873391716035,900,11
914,4,0.9995623108593908,1200,0
914,5,0.9999999994942605,1500,0
915,0,0.9222355717140467,0,7
915,1,0.018578113615774834,300,13
915,2,1.7514543964588083e-11,600,21
915,3,0.024570873391716035,900,13
915,4,0.9996514317350585,1200,0
915,5,0.9999999996247475,1500,0
916,0,0.9681581764226571,0,4
916,1,0.018578113615774834,300,15
916,2,1.7514543964588083e-11,600,13
916,3,0.024570873391716035,900,19
916,4,0.9997488336840226,1200,0
916,5,0.9999999996247475,1500,0
917,0,0.9521482132348097,0,8
917,1,0.018578113615774834,300,13
917,2,1.7514543964588083e-11,600,19
917,3,0.026203438585512995,900,12
917,4,0.9997488336840226,1200,0
917,5,0.9999999996247475,1500,0
918,0,0.9521482132348097,0,7
918,1,0.018578113615774834,300,21
918,2,3.0704116409238243e-11,600,9
918,3,0.026203438585512995,900,16
918,4,0.9996781696234994,1200,0
918,5,0.9999999996247475,1500,0
919,0,0.9521482132348097,0,5
919,1,0.016113680419737444,300,14
919,2,3.0704116409238243e-11,600,18
919,3,0.026203438585512995,900,16
919,4,0.9997677293192666,1200,0
919,5,0.9999999996247475,1500,0
920,0,0.9521482132348097,0,4
920,1,0.01280462978609233,300,14
920,2,1.8609455569916772e-11,600,16
920,3,0.026203438585512995,900,19
920,4,0.9997677293192666,1200,0
920,5,0.9999999996247475,1500,0
921,0,0.9521482132348097,0,1
921,1,0.01280462978609233,300,13
921,2,2.5751392583825305e-11,600,24
921,3,0.026203438585512995,900,15
921,4,0.9997677293192666,1200,0
921,5,0.9999999996247475,1500,0
922,0,0.9521482132348097,0,5
922,1,0.01280462978609233,300,10
922,2,2.5751392583825305e-11,600,22
922,3,0.005625165007457912,900,15
922,4,0.9997677293192666,1200,0
922,5,0.9999999996247475,1500,0
923,0,0.9521482132348097,0,7
923,1,0.01280462978609233,300,22
923,2,3.048747074914961e-11,600,9
923,3,0.005625165007457912,900,15
923,4,0.9994996900366239,1200,0
923,5,0.9999999996021987,1500,0
924,0,0.9679652405746086,0,4
924,1,0.01280462978609233,300,15
924,2,3.656014877260895e-11,600,17
924,3,0.007638148412721276,900,17
924,4,0.9994996900366239,1200,0
924,5,0.9999999996021987,1500,0
925,0,0.9695165345018871,0,3
925,1,0.008177783777584016,300,24
925,2,3.656014877260895e-11,600,17
925,3,0.007638148412721276,900,7
925,4,0.9994996900366239,1200,0
925,5,0.9999999996140285,1500,0
926,0,0.9695165345018871,0,7
926,1,0.004142654506948143,300,12
926,2,3.656014877260895e-11,600,11
926,3,0.007638148412721276,900,20
926,4,0.9987554640669389,1200,0
926,5,0.9999999996140285,1500,0
927,0,0.9695165345018871,0,7
927,1,0.004142654506948143,300,7
927,2,3.656014877260895e-11,600,20
927,3,0.007638148412721276,900,18
927,4,0.9991296206016694,1200,0
927,5,0.99999999911577,1500,0
928,0,0.9695165345018871,0,5
928,1,0.005793447409715565,300,20
928,2,3.656014877260895e-11,600,15
928,3,0.011170041384378618,900,10
928,4,0.9991296206016694,1200,0
928,5,0.99999999911577,1500,0
929,0,0.9695165345018871,0,4
929,1,0.005869421703342832,300,21
929,2,3.656014877260895e-11,600,19
929,3,0.012647391908011856,900,8
929,4,0.9991296206016694,1200,0
929,5,0.9999999994543789,1500,0
930,0,0.9695165345018871,0,4
930,1,0.005869421703342832,300,14
930,2,3.656014877260895e-11,600,12
930,3,0.009195894184056908,900,23
930,4,0.9990809141830673,1200,0
930,5,0.9999999994543789,1500,0
931,0,0.9695165345018871,0,1
931,1,0.003330075286363414,300,23
931,2,3.656014877260895e-11,600,14
931,3,0.009195894184056908,900,14
931,4,0.9993843281659787,1200,1
931,5,0.9999999994543789,1500,0
932,0,0.9695165345018871,0,3
932,1,0.003330075286363414,300,16
932,2,2.1775009796926558e-11,600,12
932,3,0.005817376781619502,900,18
932,4,0.9991268691729109,1200,0
932,5,0.9999999994543789,1500,0
933,0,0.9585823019700476,0,3
933,1,0.000863969521725085,300,20
933,2,2.1775009796926558e-11,600,11
933,3,0.005817376781619502,900,18
933,4,0.9991268691729109,1200,0
933,5,0.9999999994543789,1500,0
934,0,0.9631124811684263,0,9
934,1,0.000863969521725085,300,14
934,2,2.1775009796926558e-11,600,16
934,3,0.008752083474722063,900,14
934,4,0.9991922629192258,1200,0
934,5,0.9999999993449102,1500,0
935,0,0.9631124811684263,0,9
935,1,0.000863969521725085,300,8
935,2,2.2432195637181136e-11,600,20
935,3,0.005578613836779805,900,16
935,4,0.9993226757659579,1200,0
935,5,0.9999999993449102,1500,0
936,0,0.9610040052083241,0,3
936,1,0.002279408496932696,300,17
936,2,2.2432195637181136e-11,600,19
936,3,0.005578613836779805,900,14
936,4,0.9993226757659579,1200,0
936,5,0.9999999993449102,1500,0
937,0,0.9610040052083241,0,6
937,1,0.002279408496932696,300,17
937,2,2.2432195637181136e-11,600,10
937,3,0.004657662408670062,900,19
937,4,0.9992474947490783,1200,0
937,5,0.9999999993449102,1500,0
938,0,0.9610040052083241,0,6
938,1,0.0015661817279099752,300,22
938,2,2.2432195637181136e-11,600,9
938,3,0.0025402142331948964,900,16
938,4,0.9996145475519422,1200,0
938,5,0.9999999993449102,1500,0
939,0,0.9521903645417974,0,3
939,1,0.0015661817279099752,300,19
939,2,2.2432195637181136e-11,600,9
939,3,0.0014957006908004487,900,22
939,4,0.9995762757595764,1200,0
939,5,0.999999999211258,1500,0
940,0,0.9521903645417974,0,8
940,1,0.001349002428134392,300,18
940,2,1.9343443031385415e-11,600,17
940,3,0.0014957006908004487,900,11
940,4,0.9995762757595764,1200,0
940,5,0.999999998790162,1500,0
941,0,0.9521903645417974,0,6
941,1,0.0021625172451190514,300,17
941,2,1.9343443031385415e-11,600,13
941,3,0.0014957006908004487,900,16
941,4,0.9993558691395033,1200,0
941,5,0.9999999985306243,1500,0
942,0,0.9521903645417974,0,11
942,1,0.001809540463691369,300,10
942,2,2.444932517767989e-11,600,18
942,3,0.0014957006908004487,900,14
942,4,0.9993558691395033,1200,1
942,5,0.999999997347282,1500,0
943,0,0.8984694589457892,0,7
943,1,0.0016378556703252071,300,12
943,2,1.765443260890952e-11,600,15
943,3,0.0014957006908004487,900,19
943,4,0.9993558691395033,1200,0
943,5,0.999999997347282,1500,0
944,0,0.9207668384773501,0,5
944,1,0.0026014401985409515,300,12
944,2,1.765443260890952e-11,600,18
944,3,0.0018243663783501544,900,15
944,4,0.9993558691395033,1200,1
944,5,0.999999997347282,1500,0
945,0,0.9207668384773501,0,11
945,1,0.0026014401985409515,300,12
945,2,1.765443260890952e-11,600,16
945,3,0.0018243663783501544,900,14
945,4,0.9993558691395033,1200,0
945,5,0.9999999919522501,1500,0
946,0,0.9207668384773501,0,12
946,1,0.005267541731867107,300,13
946,2,1.765443260890952e-11,600,15
946,3,0.003380926992969922,900,10
946,4,0.9993558691395033,1200,0
946,5,0.9999999919522501,1500,0
947,0,0.9207668384773501,0,8
947,1,0.005267541731867107,300,11
947,2,1.765443260890952e-11,600,13
947,3,0.003380926992969922,900,21
947,4,0.9986511857544234,1200,0
947,5,0.9999999825972762,1500,0
948,0,0.9583693923032494,0,5
948,1,0.006169964174278993,300,15
948,2,1.765443260890952e-11,600,16
948,3,0.003380926992969922,900,16
948,4,0.9986511857544234,1200,0
948,5,0.999999989014596,1500,0
949,0,0.9732817969923295,0,8
949,1,0.006169964174278993,300,12
949,2,1.765443260890952e-11,600,17
949,3,0.004101138651182115,900,14
949,4,0.9986418568615123,1200,0
949,5,0.9999999800094732,1500,0
950,0,0.9710562842286415,0,4
950,1,0.006169964174278993,300,12
950,2,1.765443260890952e-11,600,21
950,3,0.0032593901727002756,900,17
950,4,0.9986418568615123,1200,0
950,5,0.9999999845440282,1500,0
951,0,0.9351935824051191,0,8
951,1,0.006169964174278993,300,23
951,2,1.6565354827031255e-11,600,12
951,3,0.0032593901727002756,900,11
951,4,0.9986418568615123,1200,0
951,5,0.9999999845440282,1500,0
952,0,0.953066286161645,0,10
952,1,0.006169964174278993,300,12
952,2,1.6565354827031255e-11,600,16
952,3,0.0032593901727002756,900,14
952,4,0.9986418568615123,1200,0
952,5,0.9999999504072963,1500,0
953,0,0.953066286161645,0,5
953,1,0.006169964174278993,300,17
953,2,5.538472907398111e-11,600,17
953,3,0.0032593901727002756,900,11
953,4,0.9986418568615123,1200,0
953,5,0.9999999504072963,1500,0
954,0,0.953066286161645,0,12
954,1,0.0044134206969337645,300,8
954,2,5.538472907398111e-11,600,16
954,3,0.0032593901727002756,900,16
954,4,0.9986532528596915,1200,1
954,5,0.9999999720624176,1500,0
955,0,0.953066286161645,0,2
955,1,0.0044134206969337645,300,22
955,2,1.7602458239620698e-10,600,8
955,3,0.005634596779702967,900,20
955,4,0.9986532528596915,1200,0
955,5,0.9999999720624176,1500,0
956,0,0.953066286161645,0,8
956,1,0.0044134206969337645,300,12
956,2,1.7602458239620698e-10,600,18
956,3,0.001479586940475796,900,13
956,4,0.9986532528596915,1200,0
956,5,0.9999999720624176,1500,0
957,0,0.953066286161645,0,5
957,1,0.0044134206969337645,300,11
957,2,1.2752405973181107e-10,600,13
957,3,0.001479586940475796,900,24
957,4,0.9988932384993198,1200,0
957,5,0.9999999720624176,1500,0
958,0,0.953066286161645,0,4
958,1,0.0060263680753268704,300,15
958,2,1.5560119623417271e-10,600,16
958,3,0.001479586940475796,900,17
958,4,0.998653278704594,1200,0
958,5,0.9999999720624176,1500,0
959,0,0.9674927511794205,0,5
959,1,0.005936679819388923,300,17
959,2,1.5560119623417271e-10,600,20
959,3,0.001479586940475796,900,8
959,4,0.9979702201413663,1200,1
959,5,0.9999999829820466,1500,0
960,0,0.9674927511794205,0,4
960,1,0.008217777484222168,300,22
960,2,1.5560119623417271e-10,600,18
960,3,0.001479586940475796,900,10
960,4,0.9980855047725964,1200,0
960,5,0.9999999882147083,1500,0
961,0,0.9674927511794205,0,6
961,1,0.008217777484222168,300,17
961,2,5.064661601325007e-11,600,16
961,3,0.001479586940475796,900,14
961,4,0.9980855047725964,1200,0
961,5,0.9999999882147083,1500,0
962,0,0.9674927511794205,0,6
962,1,0.010709098323961596,300,13
962,2,3.574824882359461e-11,600,18
962,3,0.0014441574041161285,900,17
962,4,0.9980855047725964,1200,0
962,5,0.9999999882147083,1500,0
963,0,0.9666407902797951,0,9
963,1,0.00573121982692316,300,16
963,2,5.354484096139269e-11,600,15
963,3,0.0014441574041161285,900,11
963,4,0.9980855047725964,1200,1
963,5,0.9999999882147083,1500,0
964,0,0.9666407902797951,0,1
964,1,0.00573121982692316,300,27
964,2,5.354484096139269e-11,600,13
964,3,0.0014441574041161285,900,11
964,4,0.9980300087757803,1200,0
964,5,0.9999999882147083,1500,0
965,0,0.9666407902797951,0,5
965,1,0.00573121982692316,300,11
965,2,2.718847906461464e-11,600,21
965,3,0.0015201566811529317,900,14
965,4,0.9980300087757803,1200,1
965,5,0.9999999836070832,1500,0
966,0,0.9666407902797951,0,4
966,1,0.00573121982692316,300,17
966,2,4.202605781581784e-11,600,10
966,3,0.0013472597111702865,900,22
966,4,0.9975433179708234,1200,1
966,5,0.9999999836070832,1500,0
967,0,0.9666407902797951,0,4
967,1,0.00573121982692316,300,16
967,2,4.202605781581784e-11,600,17
967,3,0.0021561237715413714,900,14
967,4,0.9975433179708234,1200,2
967,5,0.9999999929001979,1500,0
968,0,0.9689580229669733,0,5
968,1,0.00573121982692316,300,13
968,2,4.202605781581784e-11,600,17
968,3,0.0022784858916751125,900,18
968,4,0.9964034127156374,1200,0
968,5,0.9999999929001979,1500,0
969,0,0.9689580229669733,0,1
969,1,0.01351487631829446,300,20
969,2,4.202605781581784e-11,600,10
969,3,0.0022784858916751125,900,19
969,4,0.9938856308446398,1200,2
969,5,0.9999999929001979,1500,0
970,0,0.9689580229669733,0,5
970,1,0.01589835925108043,300,12
970,2,4.202605781581784e-11,600,14
970,3,0.0022784858916751125,900,16
970,4,0.9901220347972576,1200,2
970,5,0.9999999913048144,1500,0
971,0,0.9689580229669733,0,0
971,1,0.01589835925108043,300,13
971,2,1.0571445160126945e-10,600,19
971,3,0.0022784858916751125,900,17
971,4,0.9917915708788517,1200,2
971,5,0.9999999913048144,1500,0
972,0,0.9689580229669733,0,2
972,1,0.007482919335522844,300,18
972,2,1.0571445160126945e-10,600,20
972,3,0.0012319420648843585,900,11
972,4,0.9917915708788517,1200,2
972,5,0.9999999909112341,1500,0
973,0,0.9581303727932011,0,8
973,1,0.0042379795797924565,300,9
973,2,1.6179214635334444e-10,600,8
973,3,0.0012319420648843585,900,21
973,4,0.9917915708788517,1200,6
973,5,0.9999999909112341,1500,0
974,0,0.9700243093323998,0,0
974,1,0.0042379795797924565,300,14
974,2,1.6179214635334444e-10,600,23
974,3,0.0012319420648843585,900,15
974,4,0.9917915708788517,1200,1
974,5,0.9999999937895743,1500,0
975,0,0.9182159889987396,0,10
975,1,0.004017082277354472,300,13
975,2,1.6179214635334444e-10,600,17
975,3,0.0012319420648843585,900,13
975,4,0.9917915708788517,1200,0
975,5,0.9999999937895743,1500,0
976,0,0.9182159889987396,0,9
976,1,0.003174900039987916,300,14
976,2,1.6179214635334444e-10,600,8
976,3,0.0012319420648843585,900,22
976,4,0.9920197065863904,1200,0
976,5,0.9999999943350253,1500,0
977,0,0.9182159889987396,0,7
977,1,0.003174900039987916,300,13
977,2,1.6179214635334444e-10,600,15
977,3,0.0008109229809101624,900,16
977,4,0.9891220082451817,1200,1
977,5,0.9999999943350253,1500,0
978,0,0.9182159889987396,0,5
978,1,0.0027890649827791076,300,13
978,2,1.6179214635334444e-10,600,15
978,3,0.0008005702448570903,900,16
978,4,0.9833377515254368,1200,3
978,5,0.9999999951569578,1500,0
979,0,0.9209140651711448,0,2
979,1,0.0027890649827791076,300,22
979,2,1.6179214635334444e-10,600,12
979,3,0.00046985693461207506,900,14
979,4,0.9887919343796209,1200,2
979,5,0.9999999955563359,1500,0
980,0,0.9209140651711448,0,7
980,1,0.001570951529971284,300,15
980,2,3.481265459481298e-10,600,11
980,3,0.00046985693461207506,900,13
980,4,0.9887919343796209,1200,4
980,5,0.9999999955563359,1500,0
981,0,0.9209140651711448,0,7
981,1,0.0021605209294333354,300,17
981,2,3.481265459481298e-10,600,19
981,3,0.00045628353567390046,900,10
981,4,0.9887919343796209,1200,0
981,5,0.9999999955563359,1500,0
982,0,0.9209140651711448,0,6
982,1,0.0021605209294333354,300,8
982,2,3.481265459481298e-10,600,23
982,3,0.00015010505063415026,900,14
982,4,0.9869343776055589,1200,2
982,5,0.9999999955563359,1500,0
983,0,0.8923323658181613,0,7
983,1,0.0021605209294333354,300,22
983,2,1.292054928594896e-10,600,11
983,3,0.00015010505063415026,900,9
983,4,0.9869343776055589,1200,2
983,5,0.9999999941171869,1500,0
984,0,0.8923323658181613,0,6
984,1,0.002820048320915378,300,13
984,2,1.8733104936672563e-10,600,20
984,3,0.00015010505063415026,900,12
984,4,0.9868625037041842,1200,2
984,5,0.9999999941171869,1500,0
985,0,0.8592511740535403,0,15
985,1,0.002820048320915378,300,13
985,2,1.8733104936672563e-10,600,12
985,3,0.00015010505063415026,900,6
985,4,0.9856476867992039,1200,4
985,5,0.9999999941171869,1500,0
986,0,0.8592511740535403,0,9
986,1,0.0009455422615668883,300,17
986,2,1.8641395515447365e-10,600,15
986,3,0.00015010505063415026,900,8
986,4,0.9856476867992039,1200,4
986,5,0.9999999950515841,1500,0
987,0,0.8896189855209595,0,10
987,1,0.0008292118603103787,300,17
987,2,1.465309198701456e-10,600,13
987,3,0.0001973053026118189,900,11
987,4,0.9856476867992039,1200,2
987,5,0.9999999950515841,1500,0
988,0,0.8153252280338271,0,17
988,1,0.0008292118603103787,300,10
988,2,1.169681164418788e-10,600,9
988,3,0.0001973053026118189,900,14
988,4,0.9856476867992039,1200,3
988,5,0.9999999950515841,1500,0
989,0,0.8200884329514068,0,11
989,1,0.0008292118603103787,300,10
989,2,1.169681164418788e-10,600,18
989,3,0.0001973053026118189,900,12
989,4,0.9882693754849781,1200,2
989,5,0.9999999950515841,1500,0
990,0,0.8200884329514068,0,18
990,1,0.0008292118603103787,300,8
990,2,1.083106187427448e-10,600,12
990,3,0.0001973053026118189,900,14
990,4,0.9856413464768533,1200,2
990,5,0.9999999950515841,1500,0
991,0,0.5135573416354337,0,16
991,1,0.0008292118603103787,300,19
991,2,1.083106187427448e-10,600,12
991,3,0.0001973053026118189,900,5
991,4,0.9856413464768533,1200,1
991,5,0.9999999950515841,1500,0
992,0,0.28221715093835475,0,10
992,1,0.0008292118603103787,300,12
992,2,1.083106187427448e-10,600,18
992,3,0.0001973053026118189,900,13
992,4,0.9925201385199934,1200,0
992,5,0.9999999941728084,1500,0
993,0,0.38567558761213144,0,4
993,1,0.0008292118603103787,300,17
993,2,1.083106187427448e-10,600,19
993,3,0.0001973053026118189,900,10
993,4,0.9925201385199934,1200,3
993,5,0.9999999941728084,1500,0
994,0,0.44893952400007864,0,8
994,1,0.0008292118603103787,300,14
994,2,9.2945621159166e-11,600,22
994,3,0.0001973053026118189,900,9
994,4,0.9902860842428797,1200,1
994,5,0.9999999949198635,1500,0
995,0,0.4909940539625429,0,8
995,1,0.0008292118603103787,300,19
995,2,9.2945621159166e-11,600,11
995,3,0.00045354960079911036,900,13
995,4,0.9902860842428797,1200,2
995,5,0.9999999949198635,1500,0
996,0,0.6007026580206217,0,5
996,1,0.0008292118603103787,300,15
996,2,9.2945621159166e-11,600,20
996,3,0.00045354960079911036,900,14
996,4,0.9910203824906691,1200,0
996,5,0.9999999949251697,1500,0
997,0,0.6007026580206217,0,15
997,1,0.0008292118603103787,300,16
997,2,9.314271176022697e-11,600,15
997,3,0.00045354960079911036,900,7
997,4,0.9884984638895282,1200,1
997,5,0.9999999934522452,1500,0
998,0,0.43134499733756715,0,22
998,1,0.0008292118603103787,300,6
998,2,2.1041060514713065e-10,600,9
998,3,0.00045354960079911036,900,15
998,4,0.9884984638895282,1200,2
998,5,0.9999999934522452,1500,0
999,0,0.43134499733756715,0,7
999,1,0.0008292118603103787,300,17
999,2,3.364927629656588e-10,600,15
999,3,0.00045354960079911036,900,8
999,4,0.9821885054444499,1200,7
999,5,0.9999999941802251,1500,0
1000,0,0.43134499733756715,0,12
1000,1,0.0008210639550251935,300,13
1000,2,3.364927629656588e-10,600,14
1000,3,0.000611970642149577,900,11
1000,4,0.9673150103004269,1200,3
1000,5,0.9999999941802251,1500,0
1001,0,0.5761903939651416,0,17
1001,1,0.0010323401331501624,300,13
1001,2,4.225744436613689e-10,600,5
1001,3,0.000611970642149577,900,16
1001,4,0.9673150103004269,1200,3
1001,5,0.9999999941802251,1500,0
1002,0,0.41597081090423793,0,14
1002,1,0.0008157940835798693,300,17
1002,2,4.981939533925022e-10,600,14
1002,3,0.000611970642149577,900,8
1002,4,0.9673150103004269,1200,1
1002,5,0.9999999941802251,1500,0
1003,0,0.31746855120060025,0,10
1003,1,0.0008885119426708052,300,15
1003,2,4.981939533925022e-10,600,20
1003,3,0.00026065554247866213,900,8
1003,4,0.9673150103004269,1200,1
1003,5,0.9999999941802251,1500,0
1004,0,0.31746855120060025,0,5
1004,1,0.0009486542807570438,300,18
1004,2,4.981939533925022e-10,600,15
1004,3,0.00026065554247866213,900,11
1004,4,0.989936391162925,1200,3
1004,5,0.9999999941802251,1500,0
1005,0,0.31746855120060025,0,12
1005,1,0.0009486542807570438,300,11
1005,2,4.981939533925022e-10,600,16
1005,3,0.0001437400239763855,900,12
1005,4,0.989936391162925,1200,2
1005,5,0.9999999938217701,1500,0
1006,0,0.22970029953827034,0,9
1006,1,0.0009486542807570438,300,16
1006,2,5.730810733083294e-10,600,16
1006,3,0.0001437400239763855,900,12
1006,4,0.989936391162925,1200,1
1006,5,0.9999999952902547,1500,0
1007,0,0.22970029953827034,0,8
1007,1,0.00025622526166483044,300,11
1007,2,6.915144744839868e-10,600,19
1007,3,0.0001437400239763855,900,14
1007,4,0.989936391162925,1200,0
1007,5,0.9999999952902547,1500,0
1008,0,0.22970029953827034,0,9
1008,1,0.00025622526166483044,300,11
1008,2,2.6620926426660966e-10,600,21
1008,3,0.0001437400239763855,900,8
1008,4,0.989936391162925,1200,3
1008,5,0.999999995932686,1500,0
1009,0,0.22970029953827034,0,4
1009,1,0.0002912476875522963,300,15
1009,2,2.037556706977261e-10,600,27
1009,3,0.00015670059767081715,900,4
1009,4,0.989936391162925,1200,4
1009,5,0.999999995932686,1500,0
1010,0,0.29649575905139036,0,8
1010,1,0.0002912476875522963,300,15
1010,2,2.037556706977261e-10,600,15
1010,3,0.00015670059767081715,900,7
1010,4,0.9875318125469149,1200,5
1010,5,0.9999999915721237,1500,0
1011,0,0.29649575905139036,0,8
1011,1,0.0002912476875522963,300,13
1011,2,2.69137915372001e-10,600,22
1011,3,0.00015670059767081715,900,9
1011,4,0.9875318125469149,1200,1
1011,5,0.9999999915721237,1500,0
1012,0,0.29649575905139036,0,11
1012,1,0.0004650435638394043,300,18
1012,2,2.69137915372001e-10,600,13
1012,3,0.00015670059767081715,900,11
1012,4,0.9830474624039445,1200,1
1012,5,0.9999999917950769,1500,0
1013,0,0.29649575905139036,0,9
1013,1,0.0004650435638394043,300,18
1013,2,2.928066113855387e-10,600,18
1013,3,0.00023024162847303472,900,7
1013,4,0.9846107640364273,1200,2
1013,5,0.9999999931900414,1500,0
1014,0,0.29649575905139036,0,5
1014,1,0.00037610542248227107,300,14
1014,2,2.9143894630558603e-10,600,11
1014,3,0.00030016380542548774,900,15
1014,4,0.9846107640364273,1200,5
1014,5,0.9999999931900414,1500,0
1015,0,0.29649575905139036,0,9
1015,1,0.000354718834055618,300,16
1015,2,2.9143894630558603e-10,600,15
1015,3,0.0005464068898397442,900,11
1015,4,0.9846107640364273,1200,1
1015,5,0.9999999931466843,1500,0
1016,0,0.3251460190581185,0,6
1016,1,0.0002522950889104683,300,20
1016,2,3.7561236774036045e-10,600,17
1016,3,0.0006828556700610764,900,8
1016,4,0.9846107640364273,1200,2
1016,5,0.9999999931466843,1500,0
1017,0,0.3254447554754564,0,6
1017,1,0.0002522950889104683,300,10
1017,2,3.743049363056119e-10,600,22
1017,3,0.0006828556700610764,900,14
1017,4,0.9846107640364273,1200,2
1017,5,0.9999999931466843,1500,0
1018,0,0.3254447554754564,0,5
1018,1,7.055562554735684e-05,300,22
1018,2,5.119537885057486e-10,600,12
1018,3,0.0006828556700610764,900,10
1018,4,0.9846107640364273,1200,3
1018,5,0.9999999931466843,1500,0
1019,0,0.3494477087624414,0,8
1019,1,7.055562554735684e-05,300,14
1019,2,5.119537885057486e-10,600,18
1019,3,0.0002779152394107216,900,9
1019,4,0.9846107640364273,1200,3
1019,5,0.9999999931466843,1500,0
1020,0,0.3494477087624414,0,7
1020,1,7.376449817526628e-05,300,11
1020,2,5.119537885057486e-10,600,23
1020,3,0.00012933339912656126,900,8
1020,4,0.9846107640364273,1200,1
1020,5,0.9999999955754548,1500,0
1021,0,0.1583094767056252,0,7
1021,1,7.376449817526628e-05,300,20
1021,2,5.119537885057486e-10,600,17
1021,3,0.00012933339912656126,900,7
1021,4,0.985866839608938,1200,2
1021,5,0.9999999955754548,1500,0
1022,0,0.3353985651662458,0,22
1022,1,0.00013258201767004613,300,17
1022,2,5.119537885057486e-10,600,8
1022,3,0.00012933339912656126,900,4
1022,4,0.985866839608938,1200,2
1022,5,0.9999999955754548,1500,0
1023,0,0.3353985651662458,0,22
1023,1,0.00013258201767004613,300,6
1023,2,5.510175197849606e-10,600,11
1023,3,0.00016744189352427475,900,9
1023,4,0.985866839608938,1200,4
1023,5,0.9999999969579165,1500,0
1024,0,0.3353985651662458,0,11
1024,1,0.00013258201767004613,300,22
1024,2,5.510175197849606e-10,600,12
1024,3,0.00016744189352427475,900,8
1024,4,0.985866839608938,1200,1
1024,5,0.9999999940695976,1500,0
1025,0,0.301167414569525,0,14
1025,1,0.00013258201767004613,300,13
1025,2,5.510175197849606e-10,600,14
1025,3,0.00010925782602097086,900,9
1025,4,0.985866839608938,1200,4
1025,5,0.9999999940695976,1500,0
1026,0,0.301167414569525,0,9
1026,1,0.00019724839734988476,300,9
1026,2,3.906925576294266e-10,600,18
1026,3,6.10491160646525e-05,900,10
1026,4,0.985866839608938,1200,5
1026,5,0.9999999940695976,1500,0
1027,0,0.5737427679276338,0,10
1027,1,0.00019724839734988476,300,11
1027,2,4.620316371352638e-10,600,22
1027,3,6.10491160646525e-05,900,10
1027,4,0.985866839608938,1200,1
1027,5,0.9999999940695976,1500,0
1028,0,0.4976947353296875,0,7
1028,1,0.00019724839734988476,300,14
1028,2,5.280995645803019e-10,600,17
1028,3,4.2506284711945896e-05,900,13
1028,4,0.985866839608938,1200,1
1028,5,0.99999999431325,1500,0
1029,0,0.34080740516184244,0,16
1029,1,0.0002999372035352794,300,9
1029,2,5.004041789743784e-10,600,18
1029,3,4.2506284711945896e-05,900,6
1029,4,0.985866839608938,1200,3
1029,5,0.99999999431325,1500,0
1030,0,0.34080740516184244,0,11
1030,1,0.0002999372035352794,300,13
1030,2,3.1619997469949303e-10,600,18
1030,3,7.473649391417808e-05,900,9
1030,4,0.985866839608938,1200,1
1030,5,0.9999999949658644,1500,0
1031,0,0.34080740516184244,0,11
1031,1,0.00013404425837648914,300,11
1031,2,3.1619997469949303e-10,600,19
1031,3,7.473649391417808e-05,900,9
1031,4,0.983577583338843,1200,3
1031,5,0.9999999951340575,1500,0
1032,0,0.34080740516184244,0,9
1032,1,5.124039101198267e-05,300,18
1032,2,2.1220023948020687e-10,600,8
1032,3,7.473649391417808e-05,900,14
1032,4,0.983577583338843,1200,4
1032,5,0.9999999951340575,1500,0
1033,0,0.34080740516184244,0,9
1033,1,5.124039101198267e-05,300,20
1033,2,2.1220023948020687e-10,600,10
1033,3,5.458003066677031e-05,900,14
1033,4,0.9910573450410346,1200,1
1033,5,0.999999997190604,1500,0
1034,0,0.34080740516184244,0,3
1034,1,6.449895114700849e-05,300,17
1034,2,3.5171529371982233e-10,600,18
1034,3,5.458003066677031e-05,900,13
1034,4,0.9877301316346805,1200,3
1034,5,0.999999997190604,1500,0
1035,0,0.31508320511612925,0,12
1035,1,6.449895114700849e-05,300,13
1035,2,2.823638924246593e-10,600,15
1035,3,5.458003066677031e-05,900,10
1035,4,0.9886987653739674,1200,4
1035,5,0.999999997190604,1500,0
1036,0,0.31508320511612925,0,14
1036,1,6.449895114700849e-05,300,17
1036,2,3.6277492353321077e-10,600,16
1036,3,3.979896983874101e-05,900,5
1036,4,0.9760219515621188,1200,1
1036,5,0.999999997190604,1500,0
1037,0,0.31508320511612925,0,17
1037,1,6.449895114700849e-05,300,7
1037,2,3.6277492353321077e-10,600,18
1037,3,2.8696994053405285e-05,900,9
1037,4,0.9760219515621188,1200,1
1037,5,0.999999997190604,1500,0
1038,0,0.31508320511612925,0,10
1038,1,6.449895114700849e-05,300,11
1038,2,3.6277492353321077e-10,600,16
1038,3,2.3162421702094498e-05,900,10
1038,4,0.9893644152854383,1200,4
1038,5,0.999999997190604,1500,0
1039,0,0.2930835484439726,0,6
1039,1,6.449895114700849e-05,300,16
1039,2,3.6277492353321077e-10,600,23
1039,3,2.3162421702094498e-05,900,8
1039,4,0.9893644152854383,1200,1
1039,5,0.9999999975889236,1500,0
1040,0,0.2930835484439726,0,12
1040,1,7.013999204183656e-05,300,11
1040,2,3.6277492353321077e-10,600,17
1040,3,2.3749567001824448e-05,900,9
1040,4,0.9843102668109952,1200,4
1040,5,0.9999999975889236,1500,0
1041,0,0.2930835484439726,0,11
1041,1,7.013999204183656e-05,300,22
1041,2,1.5019482717863423e-10,600,16
1041,3,2.3749567001824448e-05,900,4
1041,4,0.9908939516955453,1200,0
1041,5,0.9999999975889236,1500,0
1042,0,0.3471606633389801,0,13
1042,1,9.673101412050806e-05,300,22
1042,2,1.5019482717863423e-10,600,10
1042,3,2.3749567001824448e-05,900,7
1042,4,0.9908939516955453,1200,2
1042,5,0.9999999975889236,1500,0
1043,0,0.3471606633389801,0,7
1043,1,9.673101412050806e-05,300,17
1043,2,3.8598140042669e-10,600,14
1043,3,2.3749567001824448e-05,900,15
1043,4,0.9908939516955453,1200,1
1043,5,0.9999999985603574,1500,0
1044,0,0.3471606633389801,0,13
1044,1,0.00010916057817347393,300,17
1044,2,3.8598140042669e-10,600,15
1044,3,2.3749567001824448e-05,900,8
1044,4,0.9932291921775024,1200,1
1044,5,0.9999999985603574,1500,0
1045,0,0.36374769241650284,0,12
1045,1,0.00010334423720610269,300,18
1045,2,3.8598140042669e-10,600,15
1045,3,2.3749567001824448e-05,900,7
1045,4,0.9878133459960298,1200,1
1045,5,0.9999999985603574,1500,0
1046,0,0.36374769241650284,0,10
1046,1,9.570424278245804e-05,300,15
1046,2,2.8434649059763265e-10,600,17
1046,3,2.3749567001824448e-05,900,6
1046,4,0.9878133459960298,1200,5
1046,5,0.9999999994081252,1500,0
1047,0,0.32486968285431944,0,11
1047,1,9.570424278245804e-05,300,20
1047,2,3.6602971770932003e-10,600,12
1047,3,1.5079122014785527e-05,900,9
1047,4,0.9878133459960298,1200,1
1047,5,0.9999999994081252,1500,0
1048,0,0.3244149134094424,0,10
1048,1,8.46422828055135e-05,300,21
1048,2,3.6602971770932003e-10,600,15
1048,3,1.5073758982757463e-05,900,8
1048,4,0.9878133459960298,1200,0
1048,5,0.9999999994081252,1500,0
1049,0,0.3244149134094424,0,14
1049,1,8.46422828055135e-05,300,19
1049,2,5.722685891606817e-10,600,8
1049,3,3.968153146951663e-05,900,10
1049,4,0.9878133459960298,1200,1
1049,5,0.9999999994081252,1500,0
1050,0,0.3244149134094424,0,9
1050,1,0.00011450333137164707,300,16
1050,2,7.473860717697604e-10,600,17
1050,3,3.968153146951663e-05,900,9
1050,4,0.9878133459960298,1200,2
1050,5,0.9999999987598709,1500,0
1051,0,0.4319710832455651,0,11
1051,1,0.00011450333137164707,300,16
1051,2,7.473860717697604e-10,600,15
1051,3,3.968153146951663e-05,900,7
1051,4,0.9694351640865718,1200,5
1051,5,0.9999999987598709,1500,0
1052,0,0.4319710832455651,0,14
1052,1,0.00011450333137164707,300,8
1052,2,7.473860717697604e-10,600,21
1052,3,3.968153146951663e-05,900,7
1052,4,0.9694351640865718,1200,3
1052,5,0.9999999991644457,1500,0
1053,0,0.7217243345024931,0,8
1053,1,0.0001307075432686446,300,18
1053,2,7.473860717697604e-10,600,18
1053,3,3.968153146951663e-05,900,7
1053,4,0.9694351640865718,1200,3
1053,5,0.9999999991644457,1500,0
1054,0,0.6819540345751705,0,10
1054,1,0.00019530162201248535,300,10
1054,2,7.339419843602787e-10,600,20
1054,3,3.968153146951663e-05,900,10
1054,4,0.9694351640865718,1200,3
1054,5,0.9999999991718449,1500,0
1055,0,0.6819540345751705,0,9
1055,1,0.00019530162201248535,300,10
1055,2,7.343088653499339e-10,600,14
1055,3,3.968153146951663e-05,900,16
1055,4,0.9694351640865718,1200,4
1055,5,0.9999999996311655,1500,0
1056,0,0.7976688888704471,0,11
1056,1,0.00019530162201248535,300,13
1056,2,1.458881568946789e-09,600,12
1056,3,3.968153146951663e-05,900,12
1056,4,0.973686706812862,1200,5
1056,5,0.9999999996311655,1500,0
1057,0,0.7976688888704471,0,8
1057,1,0.00019530162201248535,300,15
1057,2,1.458881568946789e-09,600,15
1057,3,3.968153146951663e-05,900,15
1057,4,0.9845800421985943,1200,1
1057,5,0.9999999996807121,1500,0
1058,0,0.7976688888704471,0,9
1058,1,0.00019530162201248535,300,12
1058,2,1.458881568946789e-09,600,11
1058,3,3.688928524861734e-05,900,19
1058,4,0.9845800421985943,1200,2
1058,5,0.9999999992527235,1500,0
1059,0,0.7608100400433658,0,11
1059,1,0.00011748080019881985,300,10
1059,2,1.738505443702439e-09,600,16
1059,3,2.540681546390644e-05,900,12
1059,4,0.9845800421985943,1200,2
1059,5,0.9999999992527235,1500,0
1060,0,0.5383664026915517,0,2
1060,1,0.00018191116276452477,300,22
1060,2,1.738505443702439e-09,600,14
1060,3,2.540681546390644e-05,900,12
1060,4,0.9887824831181267,1200,4
1060,5,0.9999999992527235,1500,0
1061,0,0.5320999320452842,0,13
1061,1,0.00014953706630099748,300,15
1061,2,2.0485925196939935e-09,600,14
1061,3,2.540681546390644e-05,900,10
1061,4,0.9891744417766939,1200,2
1061,5,0.9999999992527235,1500,0
1062,0,0.3936386206636142,0,5
1062,1,0.00014953706630099748,300,21
1062,2,2.0485925196939935e-09,600,12
1062,3,4.7877544613437426e-05,900,10
1062,4,0.9881205200903441,1200,5
1062,5,0.9999999991603283,1500,0
1063,0,0.3936386206636142,0,6
1063,1,0.00014953706630099748,300,14
1063,2,2.105522901549899e-09,600,24
1063,3,3.875040983020183e-05,900,2
1063,4,0.9900581806112199,1200,7
1063,5,0.9999999994209421,1500,0
1064,0,0.3936386206636142,0,9
1064,1,0.0003345866821365426,300,14
1064,2,1.2816022419396929e-09,600,17
1064,3,3.875040983020183e-05,900,11
1064,4,0.9900581806112199,1200,3
1064,5,0.9999999994209421,1500,0
1065,0,0.3996562199707895,0,4
1065,1,0.0003061091145386022,300,19
1065,2,1.2816022419396929e-09,600,18
1065,3,3.0116889791629674e-05,900,10
1065,4,0.9900581806112199,1200,3
1065,5,0.9999999994461388,1500,0
1066,0,0.3996562199707895,0,16
1066,1,0.0003061091145386022,300,16
1066,2,1.2816022419396929e-09,600,14
1066,3,2.4452740880537257e-05,900,5
1066,4,0.9965629413683886,1200,1
1066,5,0.9999999994461388,1500,0
1067,0,0.3996562199707895,0,11
1067,1,0.00040543667737204866,300,15
1067,2,1.3725720378570947e-09,600,19
1067,3,2.4452740880537257e-05,900,8
1067,4,0.9965629413683886,1200,1
1067,5,0.9999999993694426,1500,0
1068,0,0.4500110813680399,0,10
1068,1,0.0003574133602109991,300,11
1068,2,1.3725720378570947e-09,600,16
1068,3,2.4452740880537257e-05,900,15
1068,4,0.9965629413683886,1200,1
1068,5,0.9999999993694426,1500,0
1069,0,0.4500110813680399,0,10
1069,1,0.0003574133602109991,300,14
1069,2,1.3725720378570947e-09,600,18
1069,3,2.4452740880537257e-05,900,12
1069,4,0.9985866402098733,1200,0
1069,5,0.9999999991899569,1500,0
1070,0,0.4500110813680399,0,17
1070,1,0.0003574133602109991,300,16
1070,2,1.603537987661716e-09,600,11
1070,3,1.1193758898377521e-05,900,9
1070,4,0.9985866402098733,1200,0
1070,5,0.9999999989710902,1500,0
1071,0,0.3627506574334967,0,4
1071,1,0.0002475920655732498,300,25
1071,2,1.603537987661716e-09,600,15
1071,3,8.530767177100298e-06,900,7
1071,4,0.9985866402098733,1200,0
1071,5,0.9999999989710902,1500,0
1072,0,0.1925523048275535,0,13
1072,1,0.0002475920655732498,300,15
1072,2,1.603537987661716e-09,600,18
1072,3,5.655236201383947e-06,900,5
1072,4,0.9985866402098733,1200,1
1072,5,0.9999999989710902,1500,0
1073,0,0.1925523048275535,0,11
1073,1,0.0002475920655732498,300,17
1073,2,1.603537987661716e-09,600,14
1073,3,3.5187909762510847e-06,900,11
1073,4,0.9985866402098733,1200,0
1073,5,0.9999999989710902,1500,0
1074,0,0.19492664013030173,0,13
1074,1,0.0002475920655732498,300,20
1074,2,1.6838026564032187e-09,600,15
1074,3,3.5187909762510847e-06,900,6
1074,4,0.9985270032280968,1200,0
1074,5,0.9999999989710902,1500,0
1075,0,0.2768427613846418,0,11
1075,1,0.0002475920655732498,300,15
1075,2,8.547001577934586e-10,600,21
1075,3,3.5187909762510847e-06,900,7
1075,4,0.9985270032280968,1200,0
1075,5,0.9999999989710902,1500,0
1076,0,0.2768427613846418,0,6
1076,1,0.0002475920655732498,300,26
1076,2,8.547001577934586e-10,600,14
1076,3,3.5187909762510847e-06,900,8
1076,4,0.9995211573200463,1200,0
1076,5,0.9999999989674673,1500,0
1077,0,0.2768427613846418,0,6
1077,1,0.0002475920655732498,300,15
1077,2,8.547001577934586e-10,600,12
1077,3,3.5187909762510847e-06,900,19
1077,4,0.9996420761304101,1200,0
1077,5,0.9999999989674673,1500,0
1078,0,0.2768427613846418,0,7
1078,1,0.0002475920655732498,300,18
1078,2,2.624634682638018e-09,600,17
1078,3,3.5187909762510847e-06,900,9
1078,4,0.9994543204517712,1200,1
1078,5,0.9999999988088271,1500,0
1079,0,0.2768427613846418,0,12
1079,1,0.00025090884371549394,300,15
1079,2,2.624634682638018e-09,600,20
1079,3,3.5187909762510847e-06,900,4
1079,4,0.9986124742314896,1200,1
1079,5,0.99999999878982,1500,0
1080,0,0.33634291180832754,0,15
1080,1,0.00025090884371549394,300,16
1080,2,2.624634682638018e-09,600,10
1080,3,3.8527564144320786e-06,900,13
1080,4,0.9981475072899142,1200,0
1080,5,0.99999999878982,1500,0
1081,0,0.4268133788233395,0,10
1081,1,0.00025090884371549394,300,8
1081,2,2.624634682638018e-09,600,19
1081,3,3.8527564144320786e-06,900,14
1081,4,0.9962102604921292,1200,1
1081,5,0.99999999878982,1500,0
1082,0,0.4268133788233395,0,13
1082,1,0.00027204329757811956,300,12
1082,2,1.7394947180498335e-09,600,19
1082,3,3.8527564144320786e-06,900,10
1082,4,0.9962102604921292,1200,0
1082,5,0.999999998906556,1500,0
1083,0,0.5278093959142887,0,20
1083,1,0.00027204329757811956,300,15
1083,2,1.7394947180498335e-09,600,9
1083,3,3.4392436708312386e-06,900,8
1083,4,0.9962102604921292,1200,1
1083,5,0.9999999989620849,1500,0
1084,0,0.5439018976352646,0,16
1084,1,0.00027204329757811956,300,13
1084,2,1.4149260054379693e-09,600,11
1084,3,3.4392436708312386e-06,900,13
1084,4,0.9962102604921292,1200,0
1084,5,0.999999999360478,1500,0
1085,0,0.5439018976352646,0,15
1085,1,0.00027204329757811956,300,11
1085,2,1.1094564987080902e-09,600,16
1085,3,2.297408707524054e-06,900,12
1085,4,0.9962102604921292,1200,0
1085,5,0.9999999993554962,1500,0
1086,0,0.5439018976352646,0,10
1086,1,0.00036746190724396927,300,16
1086,2,1.1094564987080902e-09,600,17
1086,3,2.297408707524054e-06,900,10
1086,4,0.9969258661478979,1200,1
1086,5,0.9999999993554962,1500,0
1087,0,0.5439018976352646,0,10
1087,1,0.00036746190724396927,300,13
1087,2,1.1094564987080902e-09,600,16
1087,3,3.71799186769765e-06,900,13
1087,4,0.9941822726992078,1200,2
1087,5,0.9999999994637543,1500,0
1088,0,0.5439018976352646,0,6
1088,1,0.00026378350804494234,300,9
1088,2,1.1829687259818767e-09,600,17
1088,3,3.71799186769765e-06,900,20
1088,4,0.9941822726992078,1200,1
1088,5,0.9999999994637543,1500,0
1089,0,0.4932381064501932,0,14
1089,1,0.00026378350804494234,300,14
1089,2,1.1829687259818767e-09,600,14
1089,3,3.71799186769765e-06,900,9
1089,4,0.9941822726992078,1200,1
1089,5,0.9999999995794038,1500,0
1090,0,0.4932381064501932,0,8
1090,1,0.00026378350804494234,300,12
1090,2,1.6043388794606255e-09,600,18
1090,3,1.938612520844765e-06,900,16
1090,4,0.9941822726992078,1200,0
1090,5,0.9999999995794038,1500,0
1091,0,0.4932381064501932,0,14
1091,1,0.00026378350804494234,300,9
1091,2,5.141947923581866e-10,600,17
1091,3,1.938612520844765e-06,900,13
1091,4,0.9941822726992078,1200,1
1091,5,0.9999999994361397,1500,0
1092,0,0.4932381064501932,0,13
1092,1,0.00038155717106355626,300,8
1092,2,5.141947923581866e-10,600,24
1092,3,1.938612520844765e-06,900,7
1092,4,0.9938720443960101,1200,2
1092,5,0.9999999994361397,1500,0
1093,0,0.4932381064501932,0,4
1093,1,0.00038155717106355626,300,20
1093,2,4.512767760622097e-10,600,15
1093,3,1.938612520844765e-06,900,13
1093,4,0.992747884598361,1200,2
1093,5,0.9999999992724515,1500,0
1094,0,0.4932381064501932,0,10
1094,1,0.00038155717106355626,300,17
1094,2,4.512767760622097e-10,600,14
1094,3,1.298040956368645e-06,900,13
1094,4,0.992747884598361,1200,0
1094,5,0.9999999992724515,1500,0
1095,0,0.318285042555722,0,12
1095,1,0.00038155717106355626,300,10
1095,2,4.512767760622097e-10,600,18
1095,3,1.5662453954747395e-06,900,14
1095,4,0.992747884598361,1200,0
1095,5,0.9999999987065957,1500,0
1096,0,0.318285042555722,0,7
1096,1,0.00038155717106355626,300,16
1096,2,5.492055449268971e-10,600,20
1096,3,1.5662453954747395e-06,900,8
1096,4,0.9794590574073228,1200,2
1096,5,0.9999999990653501,1500,0
1097,0,0.30832787976201026,0,10
1097,1,0.00038155717106355626,300,11
1097,2,3.623737517070194e-10,600,18
1097,3,1.5662453954747395e-06,900,6
1097,4,0.9794590574073228,1200,7
1097,5,0.9999999990653501,1500,0
1098,0,0.30832787976201026,0,8
1098,1,0.00027236811380655873,300,18
1098,2,2.684071250838588e-10,600,12
1098,3,2.4761244353332534e-06,900,12
1098,4,0.9794590574073228,1200,4
1098,5,0.9999999990653501,1500,0
1099,0,0.30832787976201026,0,9
1099,1,0.00042229634384982417,300,20
1099,2,4.41843092239541e-10,600,12
1099,3,2.4761244353332534e-06,900,9
1099,4,0.9794590574073228,1200,4
1099,5,0.9999999989259101,1500,0
1100,0,0.30832787976201026,0,8
1100,1,0.00041914647448563553,300,12
1100,2,5.369711291108307e-10,600,19
1100,3,2.4761244353332534e-06,900,8
1100,4,0.9794590574073228,1200,7
1100,5,0.999999999130357,1500,0
1101,0,0.3298088055398331,0,11
1101,1,0.00041914647448563553,300,9
1101,2,5.711298064917908e-10,600,20
1101,3,2.1214642200696114e-06,900,12
1101,4,0.9869593115705204,1200,1
1101,5,0.999999999130357,1500,0
1102,0,0.29551354964091714,0,10
1102,1,0.00021659265748918253,300,19
1102,2,5.711298064917908e-10,600,14
1102,3,2.1214642200696114e-06,900,7
1102,4,0.9869593115705204,1200,3
1102,5,0.999999999130357,1500,0
1103,0,0.27245667011549213,0,7
1103,1,0.00021659265748918253,300,16
1103,2,5.711298064917908e-10,600,20
1103,3,2.408500780137038e-06,900,8
1103,4,0.9869593115705204,1200,2
1103,5,0.999999998330602,1500,0
1104,0,0.27245667011549213,0,6
1104,1,0.00010324378839470059,300,17
1104,2,6.712609685086015e-10,600,15
1104,3,2.408500780137038e-06,900,13
1104,4,0.9869593115705204,1200,2
1104,5,0.9999999992493447,1500,0
1105,0,0.4094481814155473,0,12
1105,1,0.00010324378839470059,300,8
1105,2,6.712609685086015e-10,600,17
1105,3,2.6112191137694747e-06,900,12
1105,4,0.9864821315262063,1200,2
1105,5,0.9999999992493447,1500,0
1106,0,0.4094481814155473,0,10
1106,1,0.00010324378839470059,300,19
1106,2,5.69727817050105e-10,600,14
1106,3,3.060458680030661e-06,900,9
1106,4,0.9864821315262063,1200,2
1106,5,0.9999999987246533,1500,0
1107,0,0.4094481814155473,0,10
1107,1,0.00010324378839470059,300,22
1107,2,1.0188260362048348e-09,600,11
1107,3,1.7905054313764966e-06,900,5
1107,4,0.9864821315262063,1200,5
1107,5,0.9999999987246533,1500,0
1108,0,0.4094481814155473,0,11
1108,1,0.00010324378839470059,300,15
1108,2,5.224423501778345e-10,600,19
1108,3,1.7643037335912888e-06,900,8
1108,4,0.9829840071282074,1200,1
1108,5,0.9999999987246533,1500,0
1109,0,0.4094481814155473,0,8
1109,1,9.604922943786742e-05,300,19
1109,2,5.224423501778345e-10,600,6
1109,3,1.7643037335912888e-06,900,15
1109,4,0.986029485912874,1200,5
1109,5,0.9999999987246533,1500,0
1110,0,0.4380269357399684,0,4
1110,1,9.604922943786742e-05,300,20
1110,2,3.710154947729908e-10,600,23
1110,3,1.7643037335912888e-06,900,6
1110,4,0.986029485912874,1200,1
1110,5,0.9999999989431361,1500,0
1111,0,0.4380269357399684,0,11
1111,1,9.604922943786742e-05,300,15
1111,2,3.438701336484895e-10,600,14
1111,3,1.7779490859416743e-06,900,10
1111,4,0.9877795433193217,1200,3
1111,5,0.9999999989431361,1500,0
1112,0,0.4380269357399684,0,4
1112,1,4.464795606833083e-05,300,16
1112,2,3.53733082167126e-10,600,14
1112,3,1.696602818957608e-06,900,17
1112,4,0.9877795433193217,1200,2
1112,5,0.9999999989431361,1500,0
1113,0,0.4380269357399684,0,4
1113,1,4.464795606833083e-05,300,19
1113,2,3.53733082167126e-10,600,16
1113,3,1.696602818957608e-06,900,11
1113,4,0.9812903893909072,1200,4
1113,5,0.9999999989431361,1500,0
1114,0,0.43949089011544207,0,15
1114,1,4.7765721877249675e-05,300,18
1114,2,3.53733082167126e-10,600,14
1114,3,1.5738549282385345e-06,900,5
1114,4,0.9812903893909072,1200,2
1114,5,0.9999999983294061,1500,0
1115,0,0.37323774629854706,0,18
1115,1,4.7765721877249675e-05,300,7
1115,2,3.53733082167126e-10,600,21
1115,3,1.827591074122987e-06,900,6
1115,4,0.9812903893909072,1200,2
1115,5,0.9999999983294061,1500,0
1116,0,0.38658643076660987,0,10
1116,1,4.7765721877249675e-05,300,16
1116,2,8.15809298666681e-10,600,13
1116,3,1.827591074122987e-06,900,13
1116,4,0.9812903893909072,1200,2
1116,5,0.9999999983294061,1500,0
1117,0,0.38658643076660987,0,9
1117,1,4.7765721877249675e-05,300,15
1117,2,8.15809298666681e-10,600,18
1117,3,1.827591074122987e-06,900,5
1117,4,0.9590431598062416,1200,7
1117,5,0.9999999983294061,1500,0
1118,0,0.38658643076660987,0,9
1118,1,6.579258497673396e-05,300,14
1118,2,8.15809298666681e-10,600,17
1118,3,1.827591074122987e-06,900,8
1118,4,0.9592650667844146,1200,5
1118,5,0.9999999971565983,1500,0
1119,0,0.38658643076660987,0,15
1119,1,3.675177525211756e-05,300,13
1119,2,8.351946519445767e-10,600,18
1119,3,1.827591074122987e-06,900,7
1119,4,0.9592650667844146,1200,1
1119,5,0.9999999971565983,1500,0
1120,0,0.38658643076660987,0,6
1120,1,3.675177525211756e-05,300,17
1120,2,4.15623465081077e-10,600,13
1120,3,3.1382034704144722e-06,900,10
1120,4,0.9592650667844146,1200,7
1120,5,0.9999999971565983,1500,0
1121,0,0.3706528407177939,0,10
1121,1,4.343708875233934e-05,300,17
1121,2,3.839952866375229e-10,600,10
1121,3,3.1382034704144722e-06,900,9
1121,4,0.9592650667844146,1200,7
1121,5,0.9999999971565983,1500,0
1122,0,0.304503467977551,0,15
1122,1,4.113821125291645e-05,300,13
1122,2,3.839952866375229e-10,600,13
1122,3,3.1382034704144722e-06,900,7
1122,4,0.9540134782343178,1200,6
1122,5,0.9999999971565983,1500,0
1123,0,0.37944569338955714,0,15
1123,1,4.113821125291645e-05,300,8
1123,2,3.839952866375229e-10,600,15
1123,3,4.722367357164978e-06,900,10
1123,4,0.9540134782343178,1200,5
1123,5,0.99999999830068,1500,0
1124,0,0.37944569338955714,0,5
1124,1,4.113821125291645e-05,300,9
1124,2,3.839952866375229e-10,600,22
1124,3,7.077764064273717e-06,900,9
1124,4,0.9540134782343178,1200,7
1124,5,0.999999997494037,1500,0
1125,0,0.24246076289364554,0,7
1125,1,4.113821125291645e-05,300,12
1125,2,3.839952866375229e-10,600,14
1125,3,7.077764064273717e-06,900,11
1125,4,0.9248885798144053,1200,9
1125,5,0.999999997494037,1500,0
1126,0,0.22203691973547904,0,8
1126,1,4.113821125291645e-05,300,12
1126,2,3.839952866375229e-10,600,18
1126,3,6.722853711911927e-06,900,9
1126,4,0.9248885798144053,1200,7
1126,5,0.9999999978317478,1500,0
1127,0,0.22203691973547904,0,8
1127,1,4.113821125291645e-05,300,15
1127,2,4.904527110080784e-10,600,14
1127,3,6.722853711911927e-06,900,11
1127,4,0.9248885798144053,1200,6
1127,5,0.9999999975202207,1500,0
1128,0,0.22725269141828333,0,6
1128,1,4.113821125291645e-05,300,14
1128,2,1.1021524303749118e-09,600,17
1128,3,3.755554530050809e-06,900,10
1128,4,0.9248885798144053,1200,7
1128,5,0.9999999975202207,1500,0
1129,0,0.22725269141828333,0,5
1129,1,4.7770146766519306e-05,300,21
1129,2,1.1021524303749118e-09,600,11
1129,3,4.535528108376188e-06,900,10
1129,4,0.9716976279838759,1200,7
1129,5,0.9999999975202207,1500,0
1130,0,0.20584281669748095,0,8
1130,1,4.7770146766519306e-05,300,21
1130,2,5.673679879328787e-10,600,15
1130,3,4.535528108376188e-06,900,6
1130,4,0.9716976279838759,1200,4
1130,5,0.9999999972398492,1500,0
1131,0,0.20584281669748095,0,12
1131,1,4.420123476608613e-05,300,16
1131,2,8.21227526510853e-10,600,16
1131,3,4.535528108376188e-06,900,4
1131,4,0.9573750413395761,1200,5
1131,5,0.9999999972398492,1500,0
1132,0,0.15185887059785927,0,8
1132,1,3.4459706332908195e-05,300,22
1132,2,8.21227526510853e-10,600,9
1132,3,4.535528108376188e-06,900,6
1132,4,0.9573750413395761,1200,9
1132,5,0.9999999972398492,1500,0
1133,0,0.24704800173001573,0,8
1133,1,1.8194885551023646e-05,300,12
1133,2,7.967513638616045e-10,600,16
1133,3,4.9119412297119455e-06,900,15
1133,4,0.9573750413395761,1200,3
1133,5,0.9999999972398492,1500,0
1134,0,0.4305923517609995,0,10
1134,1,1.8194885551023646e-05,300,9
1134,2,1.121286538348442e-09,600,20
1134,3,4.9119412297119455e-06,900,9
1134,4,0.9573750413395761,1200,5
1134,5,0.9999999972398492,1500,0
1135,0,0.36279470437578776,0,7
1135,1,2.171393527632536e-05,300,13
1135,2,1.121286538348442e-09,600,21
1135,3,4.9119412297119455e-06,900,8
1135,4,0.9573750413395761,1200,3
1135,5,0.9999999972398492,1500,0
1136,0,0.2666746812398894,0,2
1136,1,2.171393527632536e-05,300,19
1136,2,9.569524610223494e-10,600,22
1136,3,4.9119412297119455e-06,900,5
1136,4,0.9573750413395761,1200,6
1136,5,0.9999999967237345,1500,0
1137,0,0.2666746812398894,0,6
1137,1,2.171393527632536e-05,300,13
1137,2,1.069360290608483e-09,600,15
1137,3,4.9119412297119455e-06,900,18
1137,4,0.9658485971056286,1200,2
1137,5,0.9999999967237345,1500,0
1138,0,0.39153433247886466,0,11
1138,1,2.171393527632536e-05,300,18
1138,2,1.069360290608483e-09,600,12
1138,3,1.0131509795968047e-05,900,7
1138,4,0.9658485971056286,1200,4
1138,5,0.9999999967237345,1500,0
1139,0,0.39153433247886466,0,17
1139,1,2.1452280984227832e-05,300,9
1139,2,1.069360290608483e-09,600,11
1139,3,9.602944014408348e-06,900,13
1139,4,0.9658485971056286,1200,3
1139,5,0.999999997103608,1500,0
1140,0,0.39153433247886466,0,12
1140,1,2.1452280984227832e-05,300,11
1140,2,1.069360290608483e-09,600,17
1140,3,6.287960250114123e-06,900,3
1140,4,0.9590275212337598,1200,9
1140,5,0.9999999981473786,1500,0
1141,0,0.39153433247886466,0,9
1141,1,2.1452280984227832e-05,300,17
1141,2,1.069360290608483e-09,600,16
1141,3,1.0543965312809286e-05,900,8
1141,4,0.9590275212337598,1200,3
1141,5,0.9999999981473786,1500,0
1142,0,0.39153433247886466,0,11
1142,1,2.406428015976685e-05,300,20
1142,2,1.0944292858831798e-09,600,11
1142,3,8.945730201252996e-06,900,9
1142,4,0.9590275212337598,1200,1
1142,5,0.9999999981473786,1500,0
1143,0,0.39153433247886466,0,6
1143,1,2.3316890672778608e-05,300,15
1143,2,1.0944292858831798e-09,600,17
1143,3,8.945730201252996e-06,900,6
1143,4,0.943143822210121,1200,9
1143,5,0.9999999987933141,1500,0
1144,0,0.3030136304842127,0,9
1144,1,2.3316890672778608e-05,300,15
1144,2,1.629692771089886e-09,600,10
1144,3,8.64537013088478e-06,900,8
1144,4,0.943143822210121,1200,11
1144,5,0.9999999987933141,1500,0
1145,0,0.3030136304842127,0,8
1145,1,3.2248195469462116e-05,300,15
1145,2,1.1171344653705744e-09,600,15
1145,3,7.571609851764196e-06,900,9
1145,4,0.943143822210121,1200,7
1145,5,0.9999999987933141,1500,0
1146,0,0.2031508830003441,0,10
1146,1,3.2248195469462116e-05,300,17
1146,2,1.1171344653705744e-09,600,18
1146,3,7.571609851764196e-06,900,3
1146,4,0.9513704788273126,1200,6
1146,5,0.9999999986169681,1500,0
1147,0,0.1304728023493241,0,10
1147,1,3.2248195469462116e-05,300,21
1147,2,1.1171344653705744e-09,600,9
1147,3,6.898870605542469e-06,900,10
1147,4,0.9513704788273126,1200,1
1147,5,0.9999999986978718,1500,0
1148,0,0.1304728023493241,0,10
1148,1,3.2248195469462116e-05,300,15
1148,2,1.211429905464521e-09,600,14
1148,3,1.360001362884982e-05,900,11
1148,4,0.9394820682903535,1200,4
1148,5,0.9999999986978718,1500,0
1149,0,0.11541073305388908,0,7
1149,1,1.7910366578027407e-05,300,10
1149,2,1.211429905464521e-09,600,11
1149,3,1.360001362884982e-05,900,11
1149,4,0.9394820682903535,1200,12
1149,5,0.9999999988667481,1500,0
1150,0,0.11541073305388908,0,3
1150,1,1.7910366578027407e-05,300,13
1150,2,1.3934289881318772e-09,600,22
1150,3,1.360001362884982e-05,900,7
1150,4,0.9234989176614745,1200,8
1150,5,0.9999999985690049,1500,0
1151,0,0.11541073305388908,0,10
1151,1,1.7910366578027407e-05,300,16
1151,2,9.87583311905953e-10,600,10
1151,3,1.360001362884982e-05,900,8
1151,4,0.9480979767541354,1200,10
1151,5,0.9999999986320043,1500,0
1152,0,0.29771417797096034,0,12
1152,1,1.5411453065286258e-05,300,13
1152,2,9.87583311905953e-10,600,16
1152,3,1.360001362884982e-05,900,8
1152,4,0.9480979767541354,1200,4
1152,5,0.9999999986320043,1500,0
1153,0,0.29771417797096034,0,14
1153,1,1.5411453065286258e-05,300,12
1153,2,9.87583311905953e-10,600,16
1153,3,1.360001362884982e-05,900,10
1153,4,0.9847861319352023,1200,2
1153,5,0.9999999986320043,1500,0
1154,0,0.32665193314406493,0,9
1154,1,1.5411453065286258e-05,300,14
1154,2,1.2340199649542813e-09,600,21
1154,3,2.1355621032049192e-05,900,8
1154,4,0.9847861319352023,1200,1
1154,5,0.9999999986320043,1500,0
1155,0,0.32665193314406493,0,13
1155,1,1.3265259281815117e-05,300,12
1155,2,2.649218654475451e-09,600,16
1155,3,2.1355621032049192e-05,900,11
1155,4,0.9847861319352023,1200,2
1155,5,0.9999999986078294,1500,0
1156,0,0.45191877706233535,0,12
1156,1,1.3265259281815117e-05,300,18
1156,2,2.649218654475451e-09,600,9
1156,3,1.0203632158543347e-05,900,11
1156,4,0.9847861319352023,1200,3
1156,5,0.9999999986078294,1500,0
1157,0,0.5108823814680701,0,19
1157,1,1.3265259281815117e-05,300,12
1157,2,2.649218654475451e-09,600,12
1157,3,7.508000380657654e-06,900,9
1157,4,0.9847861319352023,1200,2
1157,5,0.9999999986078294,1500,0
1158,0,0.389448305061434,0,10
1158,1,1.3265259281815117e-05,300,14
1158,2,2.0540726238050463e-09,600,15
1158,3,7.508000380657654e-06,900,11
1158,4,0.9847861319352023,1200,4
1158,5,0.9999999986078294,1500,0
1159,0,0.43284765429905125,0,16
1159,1,1.4911435771847955e-05,300,6
1159,2,2.0540726238050463e-09,600,11
1159,3,7.508000380657654e-06,900,10
1159,4,0.9847861319352023,1200,10
1159,5,0.9999999980329826,1500,0
1160,0,0.7114975338013365,0,13
1160,1,1.4911435771847955e-05,300,6
1160,2,2.0540726238050463e-09,600,15
1160,3,5.09331567937483e-06,900,16
1160,4,0.9847861319352023,1200,3
1160,5,0.9999999980329826,1500,0
1161,0,0.83547603169851,0,9
1161,1,1.4911435771847955e-05,300,12
1161,2,2.176951938011508e-09,600,13
1161,3,5.09331567937483e-06,900,17
1161,4,0.9847861319352023,1200,2
1161,5,0.9999999982099974,1500,0
1162,0,0.83547603169851,0,12
1162,1,8.48592098011367e-06,300,16
1162,2,2.176951938011508e-09,600,9
1162,3,5.09331567937483e-06,900,16
1162,4,0.9811743380854251,1200,1
1162,5,0.9999999973927087,1500,0
1163,0,0.83547603169851,0,7
1163,1,6.672745860723274e-06,300,8
1163,2,2.176951938011508e-09,600,16
1163,3,5.09331567937483e-06,900,20
1163,4,0.9772935022982109,1200,3
1163,5,0.999999997522989,1500,0
1164,0,0.83547603169851,0,6
1164,1,7.848454812787897e-06,300,20
1164,2,2.176951938011508e-09,600,12
1164,3,5.09331567937483e-06,900,15
1164,4,0.9772935022982109,1200,1
1164,5,0.9999999981290661,1500,0
1165,0,0.83547603169851,0,17
1165,1,6.783745417465431e-06,300,14
1165,2,2.1854275002182462e-09,600,7
1165,3,5.09331567937483e-06,900,16
1165,4,0.9772935022982109,1200,0
1165,5,0.9999999979720047,1500,0
1166,0,0.9321826680770495,0,4
1166,1,3.5280634254321333e-06,300,15
1166,2,2.1854275002182462e-09,600,15
1166,3,5.09331567937483e-06,900,15
1166,4,0.9816528087228956,1200,0
1166,5,0.9999999979720047,1500,0
1167,0,0.9573932044512676,0,7
1167,1,4.04232721197049e-06,300,23
1167,2,2.186605986052352e-09,600,13
1167,3,5.09331567937483e-06,900,6
1167,4,0.9816528087228956,1200,4
1167,5,0.9999999979720047,1500,0
1168,0,0.9415694294485061,0,2
1168,1,4.34416077996171e-06,300,20
1168,2,2.186605986052352e-09,600,15
1168,3,4.429638754119102e-06,900,14
1168,4,0.9816528087228956,1200,2
1168,5,0.9999999979720047,1500,0
1169,0,0.9362542680633589,0,10
1169,1,4.34416077996171e-06,300,13
1169,2,1.8534221513921434e-09,600,10
1169,3,4.429638754119102e-06,900,18
1169,4,0.9928172617233526,1200,1
1169,5,0.9999999979720047,1500,0
1170,0,0.9362542680633589,0,7
1170,1,4.34416077996171e-06,300,14
1170,2,1.8534221513921434e-09,600,13
1170,3,2.269495949141163e-06,900,16
1170,4,0.984656371535949,1200,3
1170,5,0.9999999979720047,1500,0
1171,0,0.9723156381254969,0,4
1171,1,4.34416077996171e-06,300,18
1171,2,1.8534221513921434e-09,600,13
1171,3,3.9842000739251875e-06,900,15
1171,4,0.984656371535949,1200,2
1171,5,0.9999999979720047,1500,0
1172,0,0.9777451996138851,0,9
1172,1,3.080169932143278e-06,300,6
1172,2,1.8534221513921434e-09,600,14
1172,3,3.9842000739251875e-06,900,17
1172,4,0.9862020318102978,1200,5
1172,5,0.9999999979720047,1500,0
1173,0,0.9777451996138851,0,4
1173,1,2.636215875915026e-06,300,11
1173,2,1.8534221513921434e-09,600,20
1173,3,2.958955600375483e-06,900,15
1173,4,0.9862020318102978,1200,2
1173,5,0.9999999979066874,1500,0
1174,0,0.9777451996138851,0,8
1174,1,3.1042553048814133e-06,300,12
1174,2,1.8055932376640909e-09,600,14
1174,3,2.958955600375483e-06,900,17
1174,4,0.9862020318102978,1200,2
1174,5,0.9999999977658041,1500,0
1175,0,0.975166249323642,0,5
1175,1,3.2163375578708e-06,300,12
1175,2,1.734122912149821e-09,600,18
1175,3,3.1449795153435954e-06,900,15
1175,4,0.9862020318102978,1200,2
1175,5,0.9999999977658041,1500,0
1176,0,0.975166249323642,0,3
1176,1,2.1973135481883506e-06,300,9
1176,2,1.734122912149821e-09,600,21
1176,3,3.924010944523133e-06,900,17
1176,4,0.9862020318102978,1200,3
1176,5,0.9999999977658041,1500,0
1177,0,0.9758611205141002,0,4
1177,1,2.1973135481883506e-06,300,10
1177,2,1.734122912149821e-09,600,17
1177,3,3.924010944523133e-06,900,18
1177,4,0.9842082684474529,1200,4
1177,5,0.999999996905035,1500,0
1178,0,0.982170505939227,0,1
1178,1,2.1973135481883506e-06,300,21
1178,2,1.734122912149821e-09,600,8
1178,3,3.924010944523133e-06,900,16
1178,4,0.9781172651892216,1200,5
1178,5,0.999999996905035,1500,0
1179,0,0.9743660252474147,0,4
1179,1,2.1973135481883506e-06,300,17
1179,2,1.734122912149821e-09,600,18
1179,3,4.814314126017265e-06,900,9
1179,4,0.9781172651892216,1200,4
1179,5,0.9999999955829109,1500,0
1180,0,0.9743660252474147,0,3
1180,1,2.1973135481883506e-06,300,9
1180,2,1.734122912149821e-09,600,26
1180,3,4.021641391273989e-06,900,10
1180,4,0.977214418034499,1200,3
1180,5,0.9999999972306932,1500,0
1181,0,0.9743660252474147,0,1
1181,1,1.1105489513001345e-06,300,17
1181,2,1.734122912149821e-09,600,21
1181,3,4.021641391273989e-06,900,12
1181,4,0.9848733659163068,1200,2
1181,5,0.9999999972306932,1500,0
1182,0,0.9643423509079497,0,5
1182,1,1.1105489513001345e-06,300,15
1182,2,1.734122912149821e-09,600,15
1182,3,4.021641391273989e-06,900,17
1182,4,0.9793239475849047,1200,2
1182,5,0.9999999981575156,1500,0
1183,0,0.9643423509079497,0,7
1183,1,1.1105489513001345e-06,300,9
1183,2,1.734122912149821e-09,600,14
1183,3,4.062699904648072e-06,900,22
1183,4,0.9793239475849047,1200,2
1183,5,0.9999999989411179,1500,0
1184,0,0.9643423509079497,0,3
1184,1,1.1105489513001345e-06,300,11
1184,2,1.734122912149821e-09,600,16
1184,3,3.670224198100263e-06,900,19
1184,4,0.9793239475849047,1200,4
1184,5,0.9999999994566624,1500,0
1185,0,0.9643423509079497,0,1
1185,1,7.263496593710978e-07,300,14
1185,2,1.734122912149821e-09,600,17
1185,3,3.2762139194040104e-06,900,15
1185,4,0.9866592694024621,1200,2
1185,5,0.9999999994566624,1500,0
1186,0,0.9643423509079497,0,8
1186,1,5.667001922887106e-07,300,10
1186,2,3.2210013218536497e-09,600,17
1186,3,3.2762139194040104e-06,900,17
1186,4,0.9866592694024621,1200,1
1186,5,0.9999999992807795,1500,0
1187,0,0.9643423509079497,0,6
1187,1,6.219423500414908e-07,300,15
1187,2,3.705727435609196e-09,600,19
1187,3,3.2762139194040104e-06,900,11
1187,4,0.990215300737365,1200,2
1187,5,0.9999999992807795,1500,0
1188,0,0.9643423509079497,0,7
1188,1,6.038325181141422e-07,300,15
1188,2,5.965703963168495e-09,600,21
1188,3,3.2762139194040104e-06,900,6
1188,4,0.9915280708005229,1200,2
1188,5,0.9999999992807795,1500,0
1189,0,0.9669910612544944,0,9
1189,1,6.038325181141422e-07,300,22
1189,2,3.2514855409631777e-09,600,9
1189,3,2.2989320407203684e-06,900,12
1189,4,0.9915280708005229,1200,0
1189,5,0.9999999992807795,1500,0
1190,0,0.9616230552096322,0,9
1190,1,6.570627383622022e-07,300,14
1190,2,3.2514855409631777e-09,600,12
1190,3,2.59601891066892e-06,900,16
1190,4,0.9898203473898698,1200,2
1190,5,0.9999999992091742,1500,0
1191,0,0.9636198279563808,0,3
1191,1,6.570627383622022e-07,300,14
1191,2,4.1927014960133566e-09,600,17
1191,3,2.59601891066892e-06,900,15
1191,4,0.9898203473898698,1200,5
1191,5,0.9999999992091742,1500,0
1192,0,0.9636198279563808,0,11
1192,1,6.570627383622022e-07,300,11
1192,2,8.388026208702012e-09,600,11
1192,3,2.59601891066892e-06,900,17
1192,4,0.9799015226910838,1200,3
1192,5,0.9999999992091742,1500,0
1193,0,0.9647122959449893,0,5
1193,1,6.570627383622022e-07,300,11
1193,2,8.388026208702012e-09,600,18
1193,3,3.342938088754093e-06,900,13
1193,4,0.9735035753659156,1200,6
1193,5,0.9999999992091742,1500,0
1194,0,0.9695076224205817,0,4
1194,1,6.570627383622022e-07,300,20
1194,2,8.388026208702012e-09,600,9
1194,3,1.5195408088080053e-06,900,14
1194,4,0.9735035753659156,1200,5
1194,5,0.9999999992091742,1500,0
1195,0,0.96535159017306,0,4
1195,1,1.0223209330176595e-06,300,20
1195,2,6.2915012214169915e-09,600,13
1195,3,1.5195408088080053e-06,900,14
1195,4,0.9735035753659156,1200,3
1195,5,0.9999999992091742,1500,0
1196,0,0.96535159017306,0,6
1196,1,8.328268862622797e-07,300,10
1196,2,6.2915012214169915e-09,600,15
1196,3,1.7508745060897606e-06,900,18
1196,4,0.9821681350334248,1200,4
1196,5,0.9999999992091742,1500,0
1197,0,0.96535159017306,0,4
1197,1,8.328268862622797e-07,300,13
1197,2,6.2915012214169915e-09,600,12
1197,3,3.0684712125114924e-06,900,19
1197,4,0.9789791267987612,1200,3
1197,5,0.9999999995513527,1500,0
1198,0,0.9662932925394009,0,3
1198,1,8.328268862622797e-07,300,17
1198,2,6.2915012214169915e-09,600,14
1198,3,5.545627914252767e-06,900,12
1198,4,0.9880883663892261,1200,2
1198,5,0.9999999995513527,1500,0
1199,0,0.9662932925394009,0,2
1199,1,1.1949082815070653e-06,300,15
1199,2,4.606988144446773e-09,600,24
1199,3,2.6171684373004056e-06,900,10
1199,4,0.9880883663892261,1200,2
1199,5,0.9999999995513527,1500,0
1200,0,0.9662932925394009,0,5
1200,1,7.063079212509689e-07,300,11
1200,2,4.084421720732697e-09,600,10
1200,3,2.464589334498025e-06,900,21
1200,4,0.9880883663892261,1200,3
1200,5,0.9999999995513527,1500,0
1201,0,0.9662932925394009,0,7
1201,1,7.063079212509689e-07,300,18
1201,2,1.0817707609562993e-08,600,15
1201,3,2.1933592608841644e-06,900,10
1201,4,0.9880883663892261,1200,3
1201,5,0.9999999995513527,1500,0
1202,0,0.9534857042893664,0,9
1202,1,7.063079212509689e-07,300,18
1202,2,1.0817707609562993e-08,600,13
1202,3,3.764194202253257e-06,900,8
1202,4,0.9880883663892261,1200,4
1202,5,0.9999999995513527,1500,0
1203,0,0.9161680932205246,0,14
1203,1,5.643079251327351e-07,300,16
1203,2,1.0817707609562993e-08,600,6
1203,3,3.764194202253257e-06,900,16
1203,4,0.9880883663892261,1200,2
1203,5,0.9999999995513527,1500,0
1204,0,0.9161680932205246,0,11
1204,1,4.3517404691148454e-07,300,8
1204,2,1.674823863924575e-08,600,19
1204,3,3.764194202253257e-06,900,14
1204,4,0.9811590338928223,1200,2
1204,5,0.9999999996339948,1500,0
1205,0,0.9002689843834109,0,12
1205,1,4.3517404691148454e-07,300,11
1205,2,2.8656595493344334e-08,600,15
1205,3,3.5624883330608306e-06,900,13
1205,4,0.9811590338928223,1200,2
1205,5,0.9999999996339948,1500,0
1206,0,0.8911755915728021,0,5
1206,1,4.047933676853537e-07,300,10
1206,2,2.8656595493344334e-08,600,19
1206,3,3.5956492476174277e-06,900,18
1206,4,0.9813703374605194,1200,1
1206,5,0.9999999996318907,1500,0
1207,0,0.8911755915728021,0,9
1207,1,5.330284349660197e-07,300,13
1207,2,2.8656595493344334e-08,600,17
1207,3,4.438873217259468e-06,900,14
1207,4,0.9813703374605194,1200,1
1207,5,0.9999999996622744,1500,0
1208,0,0.8911755915728021,0,4
1208,1,5.330284349660197e-07,300,24
1208,2,2.8656595493344334e-08,600,12
1208,3,1.1081067446014568e-05,900,9
1208,4,0.9813703374605194,1200,3
1208,5,0.9999999996622744,1500,0
1209,0,0.8911755915728021,0,10
1209,1,5.088274924567622e-07,300,9
1209,2,2.8656595493344334e-08,600,9
1209,3,1.1081067446014568e-05,900,16
1209,4,0.9655817064557192,1200,7
1209,5,0.9999999992599595,1500,0
1210,0,0.8911755915728021,0,9
1210,1,3.342915434963002e-07,300,10
1210,2,2.8656595493344334e-08,600,15
1210,3,1.0618592144007299e-05,900,13
1210,4,0.9655817064557192,1200,5
1210,5,0.9999999991649535,1500,0
1211,0,0.8911755915728021,0,5
1211,1,2.72374363159508e-07,300,10
1211,2,3.4252938219712904e-08,600,16
1211,3,2.332311721330284e-05,900,13
1211,4,0.9655817064557192,1200,9
1211,5,0.9999999991649535,1500,0
1212,0,0.8906672949074745,0,10
1212,1,2.72374363159508e-07,300,12
1212,2,3.15212355231451e-08,600,16
1212,3,2.3518763307981215e-05,900,10
1212,4,0.9520340958006076,1200,4
1212,5,0.9999999991649535,1500,0
1213,0,0.8906672949074745,0,9
1213,1,1.9572792310695935e-07,300,9
1213,2,3.15212355231451e-08,600,11
1213,3,2.6938628696326423e-05,900,18
1213,4,0.9520340958006076,1200,6
1213,5,0.9999999991649535,1500,0
1214,0,0.8906672949074745,0,5
1214,1,2.5549116828206956e-07,300,19
1214,2,1.727446172493681e-08,600,8
1214,3,2.6938628696326423e-05,900,13
1214,4,0.9340029392831001,1200,9
1214,5,0.9999999991649535,1500,0
1215,0,0.8906672949074745,0,9
1215,1,1.876150035365958e-07,300,10
1215,2,1.5654981206502617e-08,600,12
1215,3,3.240453807663273e-05,900,15
1215,4,0.9340029392831001,1200,4
1215,5,0.9999999991649535,1500,0
1216,0,0.896326411857986,0,10
1216,1,1.876150035365958e-07,300,9
1216,2,1.5081628722753887e-08,600,8
1216,3,3.240453807663273e-05,900,18
1216,4,0.9201765873711636,1200,9
1216,5,0.9999999991649535,1500,0
1217,0,0.921783821382921,0,6
1217,1,1.4782109015736694e-07,300,9
1217,2,1.5081628722753887e-08,600,14
1217,3,3.240453807663273e-05,900,12
1217,4,0.9201765873711636,1200,10
1217,5,0.9999999991649535,1500,0
1218,0,0.921783821382921,0,7
1218,1,3.706409548687218e-07,300,8
1218,2,1.5081628722753887e-08,600,19
1218,3,3.240453807663273e-05,900,15
1218,4,0.9201765873711636,1200,4
1218,5,0.9999999991649535,1500,0
1219,0,0.921783821382921,0,9
1219,1,3.706409548687218e-07,300,16
1219,2,1.50799844735454e-08,600,6
1219,3,2.5021171169818702e-05,900,15
1219,4,0.9643156537734677,1200,8
1219,5,0.9999999991649535,1500,0
1220,0,0.921783821382921,0,7
1220,1,3.706409548687218e-07,300,14
1220,2,5.262132188849963e-08,600,10
1220,3,2.033334213305992e-05,900,14
1220,4,0.9643156537734677,1200,8
1220,5,0.9999999991649535,1500,0
1221,0,0.9322221239178675,0,4
1221,1,3.706409548687218e-07,300,16
1221,2,6.987236512806515e-08,600,13
1221,3,2.033334213305992e-05,900,15
1221,4,0.9643156537734677,1200,6
1221,5,0.9999999996621161,1500,0
1222,0,0.934878168507681,0,8
1222,1,5.866874841391897e-07,300,10
1222,2,6.716402977628529e-08,600,21
1222,3,2.033334213305992e-05,900,13
1222,4,0.9502460811817804,1200,2
1222,5,0.9999999996621161,1500,0
1223,0,0.934878168507681,0,3
1223,1,5.866874841391897e-07,300,18
1223,2,4.707327436270693e-08,600,15
1223,3,1.7809564550666088e-05,900,8
1223,4,0.9502460811817804,1200,9
1223,5,0.9999999996500799,1500,0
1224,0,0.96993641932847,0,4
1224,1,6.287318983948297e-07,300,14
1224,2,4.70989484590273e-08,600,19
1224,3,1.7809564550666088e-05,900,10
1224,4,0.9426536082880219,1200,4
1224,5,0.9999999996500799,1500,0
1225,0,0.96993641932847,0,4
1225,1,1.8550546698688187e-06,300,17
1225,2,4.70989484590273e-08,600,18
1225,3,1.7320545393871623e-05,900,12
1225,4,0.9535699091502309,1200,1
1225,5,0.9999999996500799,1500,0
1226,0,0.9745411112664584,0,3
1226,1,1.8550546698688187e-06,300,11
1226,2,3.745042541525555e-08,600,18
1226,3,3.357638337600555e-05,900,13
1226,4,0.9535699091502309,1200,7
1226,5,0.9999999996500799,1500,0
1227,0,0.9855008157122334,0,1
1227,1,1.8550546698688187e-06,300,12
1227,2,3.745042541525555e-08,600,19
1227,3,3.357638337600555e-05,900,14
1227,4,0.9386982733519837,1200,6
1227,5,0.9999999996691153,1500,0
1228,0,0.9855008157122334,0,2
1228,1,1.8550546698688187e-06,300,12
1228,2,3.745042541525555e-08,600,16
1228,3,2.7095533913666656e-05,900,15
1228,4,0.8991517324049072,1200,8
1228,5,0.9999999996408175,1500,0
1229,0,0.9855008157122334,0,1
1229,1,1.8550546698688187e-06,300,12
1229,2,3.745042541525555e-08,600,21
1229,3,3.1413633067619484e-05,900,9
1229,4,0.8991517324049072,1200,10
1229,5,0.9999999997754363,1500,0
1230,0,0.9874205585460714,0,4
1230,1,2.116765645461281e-06,300,6
1230,2,2.495103307582951e-08,600,17
1230,3,4.285998419220379e-05,900,12
1230,4,0.8991517324049072,1200,15
1230,5,0.9999999997754363,1500,0
1231,0,0.9874205585460714,0,4
1231,1,2.116765645461281e-06,300,18
1231,2,3.00666686226324e-08,600,7
1231,3,4.285998419220379e-05,900,18
1231,4,0.8547756237943402,1200,7
1231,5,0.9999999997754363,1500,0
1232,0,0.9819049077611812,0,6
1232,1,2.116765645461281e-06,300,9
1232,2,3.00666686226324e-08,600,29
1232,3,4.285998419220379e-05,900,5
1232,4,0.9278916107317937,1200,3
1232,5,0.9999999997754363,1500,0
1233,0,0.9768212490395618,0,0
1233,1,2.116765645461281e-06,300,15
1233,2,1.470673949572738e-08,600,13
1233,3,4.285998419220379e-05,900,15
1233,4,0.8963391582714657,1200,10
1233,5,0.9999999997754363,1500,0
1234,0,0.9768212490395618,0,2
1234,1,2.116765645461281e-06,300,11
1234,2,1.0618073673198762e-08,600,14
1234,3,5.4118957581565534e-05,900,14
1234,4,0.8963391582714657,1200,13
1234,5,0.9999999997917919,1500,0
1235,0,0.9820854478043547,0,0
1235,1,1.9228700997152244e-06,300,18
1235,2,1.0618073673198762e-08,600,14
1235,3,5.4118957581565534e-05,900,11
1235,4,0.9529878013949535,1200,11
1235,5,0.9999999997917919,1500,0
1236,0,0.9798044327444566,0,2
1236,1,1.9228700997152244e-06,300,17
1236,2,2.106338667483074e-08,600,13
1236,3,3.3979333863301074e-05,900,10
1236,4,0.9529878013949535,1200,10
1236,5,0.9999999997917919,1500,0
1237,0,0.9798044327444566,0,2
1237,1,1.5722084150957328e-06,300,7
1237,2,2.106338667483074e-08,600,24
1237,3,3.3979333863301074e-05,900,14
1237,4,0.9671922097260701,1200,6
1237,5,0.9999999998285822,1500,0
1238,0,0.9717893125993561,0,6
1238,1,1.865658103436241e-06,300,11
1238,2,2.106338667483074e-08,600,13
1238,3,5.6023253535387084e-05,900,18
1238,4,0.964829862220034,1200,6
1238,5,0.9999999998285822,1500,0
1239,0,0.9717893125993561,0,1
1239,1,1.476828191387191e-06,300,18
1239,2,2.106338667483074e-08,600,11
1239,3,6.262106477832323e-05,900,17
1239,4,0.964829862220034,1200,4
1239,5,0.9999999998841813,1500,0
1240,0,0.9717893125993561,0,3
1240,1,1.2996645000589725e-06,300,14
1240,2,2.106338667483074e-08,600,18
1240,3,6.262106477832323e-05,900,9
1240,4,0.964829862220034,1200,9
1240,5,0.9999999999635536,1500,0
1241,0,0.9668777632653519,0,4
1241,1,1.2996645000589725e-06,300,12
1241,2,2.106338667483074e-08,600,8
1241,3,6.262106477832323e-05,900,14
1241,4,0.8632986151315192,1200,16
1241,5,0.9999999999635536,1500,0
1242,0,0.9668777632653519,0,2
1242,1,1.1587448618742187e-06,300,14
1242,2,2.106338667483074e-08,600,13
1242,3,6.262106477832323e-05,900,15
1242,4,0.7198363151404061,1200,8
1242,5,0.9999999999635536,1500,0
1243,0,0.9700591817357432,0,4
1243,1,1.1587448618742187e-06,300,9
1243,2,2.106338667483074e-08,600,11
1243,3,6.262106477832323e-05,900,15
1243,4,0.7198363151404061,1200,15
1243,5,0.9999999999792595,1500,0
1244,0,0.9700591817357432,0,4
1244,1,9.245225746566394e-07,300,18
1244,2,2.106338667483074e-08,600,14
1244,3,8.543417924081408e-05,900,4
1244,4,0.7198363151404061,1200,13
1244,5,0.9999999999792595,1500,0
1245,0,0.9700591817357432,0,4
1245,1,9.245225746566394e-07,300,8
1245,2,1.637479905834057e-08,600,20
1245,3,5.2016169426339655e-05,900,11
1245,4,0.7363349434118236,1200,10
1245,5,0.9999999999846105,1500,0
1246,0,0.9700591817357432,0,6
1246,1,9.245225746566394e-07,300,14
1246,2,1.0585331379072943e-08,600,16
1246,3,5.2016169426339655e-05,900,11
1246,4,0.7363349434118236,1200,7
1246,5,0.9999999999796909,1500,0
1247,0,0.9645281242655924,0,3
1247,1,1.8928650416498636e-06,300,14
1247,2,1.0585331379072943e-08,600,17
1247,3,5.2016169426339655e-05,900,9
1247,4,0.7043485715992199,1200,9
1247,5,0.9999999999796909,1500,0
1248,0,0.9645281242655924,0,5
1248,1,1.8928650416498636e-06,300,15
1248,2,1.0585331379072943e-08,600,11
1248,3,5.2016169426339655e-05,900,10
1248,4,0.8569905063484207,1200,11
1248,5,0.999999999982299,1500,0
1249,0,0.9819492470597596,0,3
1249,1,1.8928650416498636e-06,300,9
1249,2,2.0109180600220688e-08,600,12
1249,3,5.2016169426339655e-05,900,9
1249,4,0.8569905063484207,1200,19
1249,5,0.999999999982299,1500,0
1250,0,0.9819492470597596,0,3
1250,1,1.8928650416498636e-06,300,12
1250,2,2.0109180600220688e-08,600,14
1250,3,3.340475668634538e-05,900,11
1250,4,0.8961463215136595,1200,12
1250,5,0.9999999999767184,1500,0
1251,0,0.9819492470597596,0,4
1251,1,3.468619210418802e-06,300,6
1251,2,2.0109180600220688e-08,600,17
1251,3,3.340475668634538e-05,900,13
1251,4,0.8961463215136595,1200,9
1251,5,0.9999999999518507,1500,0
1252,0,0.9819492470597596,0,5
1252,1,1.3743177249658973e-06,300,9
1252,2,2.451401270715514e-08,600,25
1252,3,3.340475668634538e-05,900,8
1252,4,0.9249202173447403,1200,7
1252,5,0.9999999999402154,1500,0
1253,0,0.9819492470597596,0,2
1253,1,1.3743177249658973e-06,300,13
1253,2,2.9716679218847033e-08,600,14
1253,3,3.1435990477535655e-05,900,11
1253,4,0.9249202173447403,1200,11
1253,5,0.9999999999402154,1500,0
1254,0,0.9819492470597596,0,5
1254,1,1.3743177249658973e-06,300,12
1254,2,4.100347485968241e-08,600,11
1254,3,3.1435990477535655e-05,900,16
1254,4,0.9249202173447403,1200,9
1254,5,0.999999999956676,1500,0
1255,0,0.989603569908745,0,0
1255,1,3.2637373235372295e-06,300,17
1255,2,4.100347485968241e-08,600,16
1255,3,4.187212136311105e-05,900,15
1255,4,0.9249202173447403,1200,4
1255,5,0.999999999956676,1500,0
1256,0,0.989603569908745,0,3
1256,1,3.2637373235372295e-06,300,16
1256,2,8.764363343938142e-09,600,15
1256,3,4.187212136311105e-05,900,13
1256,4,0.9249202173447403,1200,7
1256,5,0.999999999956676,1500,0
1257,0,0.989603569908745,0,0
1257,1,2.631356752252667e-06,300,17
1257,2,8.764363343938142e-09,600,11
1257,3,4.187212136311105e-05,900,15
1257,4,0.9349204453375087,1200,11
1257,5,0.999999999956676,1500,0
1258,0,0.992382400318467,0,3
1258,1,2.631356752252667e-06,300,8
1258,2,8.764363343938142e-09,600,26
1258,3,2.1883759439964264e-05,900,14
1258,4,0.9349204453375087,1200,2
1258,5,0.999999999956676,1500,0
1259,0,0.9936693731797831,0,0
1259,1,2.631356752252667e-06,300,14
1259,2,8.764363343938142e-09,600,20
1259,3,2.1883759439964264e-05,900,16
1259,4,0.946255297434177,1200,4
1259,5,0.99999999997946,1500,0
1260,0,0.9932197534964063,0,0
1260,1,2.631356752252667e-06,300,10
1260,2,8.574289772424397e-09,600,21
1260,3,2.1883759439964264e-05,900,20
1260,4,0.946255297434177,1200,3
1260,5,0.9999999999787466,1500,0
1261,0,0.9929850734474254,0,3
1261,1,3.0170496020995186e-06,300,12
1261,2,1.2983318104911893e-08,600,22
1261,3,2.1883759439964264e-05,900,10
1261,4,0.946255297434177,1200,7
1261,5,0.9999999999787466,1500,0
1262,0,0.9929850734474254,0,1
1262,1,3.7877789183295237e-06,300,20
1262,2,1.910500000615313e-08,600,11
1262,3,2.1883759439964264e-05,900,16
1262,4,0.9537936119573953,1200,5
1262,5,0.9999999999787466,1500,0
1263,0,0.9929638567638274,0,0
1263,1,4.34140821142728e-06,300,15
1263,2,2.8196332466569216e-08,600,19
1263,3,2.1883759439964264e-05,900,8
1263,4,0.9516520458577302,1200,12
1263,5,0.9999999999787466,1500,0
1264,0,0.994307236842019,0,2
1264,1,4.34140821142728e-06,300,12
1264,2,2.195939128113648e-08,600,19
1264,3,2.1883759439964264e-05,900,14
1264,4,0.9516520458577302,1200,5
1264,5,0.9999999999896807,1500,0
1265,0,0.9932933618086011,0,0
1265,1,4.34140821142728e-06,300,32
1265,2,8.043491921334668e-08,600,6
1265,3,2.1883759439964264e-05,900,7
1265,4,0.9516520458577302,1200,7
1265,5,0.9999999999896807,1500,0
1266,0,0.9932933618086011,0,0
1266,1,4.34140821142728e-06,300,17
1266,2,8.043491921334668e-08,600,14
1266,3,3.7114178044921556e-05,900,9
1266,4,0.9516520458577302,1200,14
1266,5,0.9999999999797768,1500,0
1267,0,0.9940705661018737,0,0
1267,1,4.34140821142728e-06,300,17
1267,2,8.043491921334668e-08,600,13
1267,3,3.7114178044921556e-05,900,12
1267,4,0.8687483333556005,1200,12
1267,5,0.9999999999797768,1500,0
1268,0,0.9940705661018737,0,0
1268,1,4.34140821142728e-06,300,5
1268,2,8.043491921334668e-08,600,13
1268,3,3.7114178044921556e-05,900,24
1268,4,0.8576244435163431,1200,11
1268,5,0.9999999999908906,1500,0
1269,0,0.9925578909300716,0,2
1269,1,4.34140821142728e-06,300,21
1269,2,5.9585188871118826e-08,600,14
1269,3,3.7114178044921556e-05,900,5
1269,4,0.8576244435163431,1200,9
1269,5,0.9999999999894444,1500,0
1270,0,0.9925578909300716,0,0
1270,1,4.34140821142728e-06,300,17
1270,2,5.9585188871118826e-08,600,10
1270,3,3.097047215221891e-05,900,14
1270,4,0.8576244435163431,1200,10
1270,5,0.9999999999929625,1500,0
1271,0,0.9879305194940969,0,2
1271,1,1.983470910396962e-06,300,10
1271,2,9.182014489815267e-08,600,12
1271,3,3.097047215221891e-05,900,19
1271,4,0.8576244435163431,1200,10
1271,5,0.9999999999929625,1500,0
1272,0,0.9879305194940969,0,1
1272,1,3.955935124679899e-06,300,14
1272,2,9.182014489815267e-08,600,16
1272,3,6.859652828257863e-05,900,10
1272,4,0.8576244435163431,1200,13
1272,5,0.9999999999929625,1500,0
1273,0,0.9789612911877882,0,6
1273,1,2.7014554130812883e-06,300,12
1273,2,9.182014489815267e-08,600,10
1273,3,6.859652828257863e-05,900,10
1273,4,0.8303074071528476,1200,15
1273,5,0.9999999999929625,1500,0
1274,0,0.9789612911877882,0,4
1274,1,3.407198331757672e-06,300,9
1274,2,9.182014489815267e-08,600,14
1274,3,6.859652828257863e-05,900,16
1274,4,0.8303074071528476,1200,8
1274,5,0.9999999999946143,1500,0
1275,0,0.9789612911877882,0,3
1275,1,2.5429354236171797e-06,300,10
1275,2,1.1861548531672492e-07,600,20
1275,3,4.014460281000154e-05,900,12
1275,4,0.8303074071528476,1200,9
1275,5,0.9999999999924687,1500,0
1276,0,0.9789612911877882,0,2
1276,1,1.6682687221667715e-06,300,10
1276,2,9.016829651551916e-08,600,13
1276,3,4.014460281000154e-05,900,20
1276,4,0.7942650422060804,1200,9
1276,5,0.9999999999924687,1500,0
1277,0,0.9822528468696518,0,2
1277,1,1.6682687221667715e-06,300,7
1277,2,3.458229743548919e-08,600,20
1277,3,4.014460281000154e-05,900,13
1277,4,0.7942650422060804,1200,10
1277,5,0.9999999999924687,1500,0
1278,0,0.9822528468696518,0,4
1278,1,1.6682687221667715e-06,300,9
1278,2,5.2999999140636395e-08,600,9
1278,3,3.14667994152728e-05,900,17
1278,4,0.7298865422463762,1200,15
1278,5,0.9999999999924687,1500,0
1279,0,0.9912333609831843,0,0
1279,1,1.9473886517035072e-06,300,11
1279,2,5.2999999140636395e-08,600,19
1279,3,3.1889935131822637e-05,900,14
1279,4,0.7298865422463762,1200,8
1279,5,0.9999999999924687,1500,0
1280,0,0.9836628019664525,0,4
1280,1,1.9473886517035072e-06,300,14
1280,2,5.2999999140636395e-08,600,18
1280,3,3.1889935131822637e-05,900,7
1280,4,0.7298865422463762,1200,10
1280,5,0.9999999999948754,1500,0
1281,0,0.9836628019664525,0,0
1281,1,1.7926767036782696e-06,300,20
1281,2,5.2999999140636395e-08,600,15
1281,3,3.1889935131822637e-05,900,6
1281,4,0.7175562623842795,1200,11
1281,5,0.9999999999948754,1500,0
1282,0,0.9836628019664525,0,2
1282,1,1.7926767036782696e-06,300,11
1282,2,6.601152697134972e-08,600,8
1282,3,7.133492346708773e-05,900,17
1282,4,0.6753303759911518,1200,14
1282,5,0.9999999999948754,1500,0
1283,0,0.9943566698980629,0,0
1283,1,1.7926767036782696e-06,300,10
1283,2,6.601152697134972e-08,600,15
1283,3,6.43004666600615e-05,900,12
1283,4,0.6753303759911518,1200,15
1283,5,0.999999999995022,1500,0
1284,0,0.9963131004456325,0,0
1284,1,1.7926767036782696e-06,300,12
1284,2,6.601152697134972e-08,600,16
1284,3,6.719060425837633e-05,900,13
1284,4,0.6595302483056826,1200,12
1284,5,0.999999999995022,1500,0
1285,0,0.9963131004456325,0,0
1285,1,3.612313501277102e-06,300,15
1285,2,1.0779891790854874e-07,600,11
1285,3,5.235551120098043e-05,900,25
1285,4,0.6595302483056826,1200,3
1285,5,0.999999999995022,1500,0
1286,0,0.9963131004456325,0,2
1286,1,5.0646710292244856e-06,300,5
1286,2,1.9744255500648973e-07,600,16
1286,3,5.235551120098043e-05,900,17
1286,4,0.49688186465041917,1200,13
1286,5,0.999999999995022,1500,0
1287,0,0.9958273981299536,0,0
1287,1,3.2961808179032027e-06,300,10
1287,2,1.9744255500648973e-07,600,10
1287,3,5.235551120098043e-05,900,19
1287,4,0.49688186465041917,1200,15
1287,5,0.999999999997117,1500,0
1288,0,0.9953078643305537,0,0
1288,1,3.2961808179032027e-06,300,5
1288,2,1.9744255500648973e-07,600,20
1288,3,4.915229558472887e-05,900,21
1288,4,0.5107405083053009,1200,6
1288,5,0.9999999999977185,1500,0
1289,0,0.9934470152556631,0,2
1289,1,3.2961808179032027e-06,300,4
1289,2,1.9744255500648973e-07,600,18
1289,3,3.470580417376715e-05,900,17
1289,4,0.5054799851176651,1200,9
1289,5,0.9999999999983855,1500,0
1290,0,0.9892927126583796,0,6
1290,1,2.7426392167945556e-06,300,11
1290,2,1.9744255500648973e-07,600,8
1290,3,3.470580417376715e-05,900,23
1290,4,0.4453216869098872,1200,6
1290,5,0.9999999999983855,1500,0
1291,0,0.9864149977260244,0,0
1291,1,2.7426392167945556e-06,300,11
1291,2,1.732097494068139e-07,600,18
1291,3,3.470580417376715e-05,900,10
1291,4,0.4412306011630059,1200,15
1291,5,0.9999999999983855,1500,0
1292,0,0.9763143464362078,0,5
1292,1,2.2097098017415186e-06,300,6
1292,2,1.732097494068139e-07,600,17
1292,3,3.470580417376715e-05,900,15
1292,4,0.4489895136538473,1200,11
1292,5,0.9999999999983855,1500,0
1293,0,0.9652605987595811,0,3
1293,1,2.2097098017415186e-06,300,6
1293,2,1.4633690306797197e-07,600,12
1293,3,5.558030379566606e-05,900,20
1293,4,0.4489895136538473,1200,13
1293,5,0.9999999999987301,1500,0
1294,0,0.9652605987595811,0,4
1294,1,1.7095547309230298e-06,300,14
1294,2,1.4633690306797197e-07,600,15
1294,3,6.0914622942761116e-05,900,9
1294,4,0.43919428003012734,1200,12
1294,5,0.9999999999987301,1500,0
1295,0,0.9652605987595811,0,4
1295,1,1.7095547309230298e-06,300,7
1295,2,1.4633690306797197e-07,600,15
1295,3,0.0001745468531525854,900,19
1295,4,0.43919428003012734,1200,8
1295,5,0.9999999999991778,1500,0
1296,0,0.9652605987595811,0,4
1296,1,1.7095547309230298e-06,300,10
1296,2,9.902278731126847e-08,600,24
1296,3,0.0002960934321138973,900,11
1296,4,0.43919428003012734,1200,5
1296,5,0.9999999999991183,1500,0
1297,0,0.9548150628730988,0,5
1297,1,2.354836042973966e-06,300,4
1297,2,9.902278731126847e-08,600,11
1297,3,0.0003285703388323337,900,22
1297,4,0.43919428003012734,1200,12
1297,5,0.9999999999991578,1500,0
1298,0,0.9548150628730988,0,7
1298,1,2.354836042973966e-06,300,8
1298,2,9.606144454310596e-08,600,18
1298,3,0.0001506355979791371,900,17
1298,4,0.43919428003012734,1200,3
1298,5,0.9999999999993636,1500,0
1299,0,0.9402611114511071,0,5
1299,1,3.072345004944728e-06,300,9
1299,2,9.606144454310596e-08,600,13
1299,3,0.0001506355979791371,900,8
1299,4,0.5929512547604009,1200,19
1299,5,0.9999999999993636,1500,0
1300,0,0.9377183828234894,0,8
1300,1,3.072345004944728e-06,300,7
1300,2,1.0701509660609697e-07,600,8
1300,3,0.00012748421238072336,900,19
1300,4,0.5929512547604009,1200,9
1300,5,0.9999999999991451,1500,0
1301,0,0.9377183828234894,0,5
1301,1,2.7836445414931477e-06,300,11
1301,2,1.0701509660609697e-07,600,14
1301,3,0.00012748421238072336,900,12
1301,4,0.4611397229390258,1200,12
1301,5,0.9999999999988289,1500,0
1302,0,0.9377183828234894,0,11
1302,1,3.3617501157970382e-06,300,9
1302,2,1.1471720388440097e-07,600,15
1302,3,0.00010491612951117869,900,11
1302,4,0.4611397229390258,1200,8
1302,5,0.9999999999988289,1500,0
1303,0,0.9377183828234894,0,7
1303,1,5.10975696415139e-06,300,10
1303,2,2.703083544256372e-07,600,19
1303,3,0.00010491612951117869,900,10
1303,4,0.4611397229390258,1200,7
1303,5,0.9999999999985847,1500,0
1304,0,0.9377183828234894,0,8
1304,1,5.10975696415139e-06,300,7
1304,2,2.703083544256372e-07,600,24
1304,3,0.00012349088457550177,900,8
1304,4,0.4611397229390258,1200,7
1304,5,0.9999999999985847,1500,0
1305,0,0.9377183828234894,0,10
1305,1,5.10975696415139e-06,300,9
1305,2,3.8390884065925747e-07,600,15
1305,3,0.00013748204831999324,900,7
1305,4,0.5136607440093313,1200,13
1305,5,0.9999999999985847,1500,0
1306,0,0.9377183828234894,0,5
1306,1,5.10975696415139e-06,300,12
1306,2,3.645104016364607e-07,600,19
1306,3,0.0001090821837246462,900,12
1306,4,0.5653054979235212,1200,6
1306,5,0.9999999999981375,1500,0
1307,0,0.9377183828234894,0,6
1307,1,5.638127553004081e-06,300,18
1307,2,3.46483162636747e-07,600,13
1307,3,6.588102140329613e-05,900,6
1307,4,0.5653054979235212,1200,10
1307,5,0.9999999999981375,1500,0
1308,0,0.9377183828234894,0,2
1308,1,5.8868333313014734e-06,300,14
1308,2,3.46483162636747e-07,600,17
1308,3,4.670218867561793e-05,900,10
1308,4,0.5653054979235212,1200,9
1308,5,0.9999999999975198,1500,0
1309,0,0.9466857516913643,0,3
1309,1,1.8135169319113445e-06,300,10
1309,2,3.46483162636747e-07,600,18
1309,3,4.670218867561793e-05,900,8
1309,4,0.5653054979235212,1200,15
1309,5,0.9999999999975198,1500,0
1310,0,0.9022748787015633,0,12
1310,1,1.8135169319113445e-06,300,10
1310,2,3.46483162636747e-07,600,10
1310,3,4.670218867561793e-05,900,16
1310,4,0.5476449695826926,1200,5
1310,5,0.9999999999975153,1500,0
1311,0,0.9022748787015633,0,11
1311,1,1.8135169319113445e-06,300,12
1311,2,3.46483162636747e-07,600,9
1311,3,6.18922458653332e-05,900,12
1311,4,0.5476449695826926,1200,10
1311,5,0.9999999999946463,1500,0
1312,0,0.9382475616543446,0,9
1312,1,1.8135169319113445e-06,300,14
1312,2,3.46483162636747e-07,600,13
1312,3,5.166269838816408e-05,900,12
1312,4,0.647274775020711,1200,6
1312,5,0.9999999999946463,1500,0
1313,0,0.9545736474832629,0,5
1313,1,1.8135169319113445e-06,300,13
1313,2,3.91338009144442e-07,600,9
1313,3,5.166391997099998e-05,900,13
1313,4,0.572433574147195,1200,13
1313,5,0.9999999999946463,1500,0
1314,0,0.9545736474832629,0,7
1314,1,1.8135169319113445e-06,300,14
1314,2,6.80684028764941e-07,600,13
1314,3,5.166391997099998e-05,900,8
1314,4,0.6410913686749226,1200,11
1314,5,0.9999999999958378,1500,0
1315,0,0.9545736474832629,0,4
1315,1,1.8135169319113445e-06,300,7
1315,2,6.80684028764941e-07,600,11
1315,3,5.918968326763878e-05,900,17
1315,4,0.5773745131381014,1200,14
1315,5,0.9999999999948777,1500,0
1316,0,0.9545736474832629,0,5
1316,1,3.62165524335128e-06,300,15
1316,2,6.883435331476017e-07,600,11
1316,3,5.918968326763878e-05,900,13
1316,4,0.5773745131381014,1200,9
1316,5,0.9999999999948777,1500,0
1317,0,0.9516621895693708,0,11
1317,1,4.9892528180111575e-06,300,7
1317,2,6.883435331476017e-07,600,10
1317,3,5.918968326763878e-05,900,15
1317,4,0.5918611371732889,1200,10
1317,5,0.9999999999970963,1500,0
1318,0,0.966793914134305,0,1
1318,1,4.9892528180111575e-06,300,13
1318,2,7.337035565306071e-07,600,11
1318,3,5.918968326763878e-05,900,22
1318,4,0.5918611371732889,1200,7
1318,5,0.9999999999970963,1500,0
1319,0,0.9813322757033986,0,1
1319,1,4.603697750659796e-06,300,10
1319,2,7.337035565306071e-07,600,20
1319,3,5.918968326763878e-05,900,12
1319,4,0.5711657312406929,1200,11
1319,5,0.999999999997121,1500,0
1320,0,0.9802885662066461,0,2
1320,1,4.603697750659796e-06,300,12
1320,2,1.2101392404147996e-06,600,17
1320,3,5.918968326763878e-05,900,15
1320,4,0.5711657312406929,1200,7
1320,5,0.999999999997121,1500,0
1321,0,0.9802885662066461,0,4
1321,1,4.603697750659796e-06,300,13
1321,2,1.2101392404147996e-06,600,15
1321,3,4.707772366309705e-05,900,12
1321,4,0.5450946232540237,1200,10
1321,5,0.9999999999986207,1500,0
1322,0,0.9802885662066461,0,4
1322,1,3.6861797170728084e-06,300,13
1322,2,1.2101392404147996e-06,600,11
1322,3,4.707772366309705e-05,900,15
1322,4,0.5450946232540237,1200,9
1322,5,0.9999999999991227,1500,0
1323,0,0.9802885662066461,0,4
1323,1,3.6861797170728084e-06,300,10
1323,2,6.843298695157029e-07,600,16
1323,3,4.707772366309705e-05,900,13
1323,4,0.5450946232540237,1200,10
1323,5,0.9999999999991873,1500,0
1324,0,0.9853830606242359,0,3
1324,1,4.2214948921293155e-06,300,4
1324,2,5.667153650469987e-07,600,20
1324,3,4.707772366309705e-05,900,12
1324,4,0.5450946232540237,1200,14
1324,5,0.9999999999991613,1500,0
1325,0,0.9853830606242359,0,3
1325,1,4.2214948921293155e-06,300,10
1325,2,4.5362302600526894e-07,600,17
1325,3,4.504250695725071e-05,900,11
1325,4,0.5450946232540237,1200,13
1325,5,0.9999999999975748,1500,0
1326,0,0.9853830606242359,0,1
1326,1,3.2693148174277466e-06,300,8
1326,2,4.6125639258353876e-07,600,24
1326,3,6.274998486778477e-05,900,13
1326,4,0.5450946232540237,1200,8
1326,5,0.9999999999973264,1500,0
1327,0,0.9853830606242359,0,3
1327,1,3.2693148174277466e-06,300,13
1327,2,4.6125639258353876e-07,600,10
1327,3,0.00010233687284104356,900,12
1327,4,0.7731665322115757,1200,13
1327,5,0.9999999999973264,1500,0
1328,0,0.9853830606242359,0,6
1328,1,3.2693148174277466e-06,300,15
1328,2,3.7797047721588215e-07,600,11
1328,3,7.557436081776566e-05,900,16
1328,4,0.8328993413413547,1200,5
1328,5,0.9999999999973264,1500,0
1329,0,0.9820059217221043,0,2
1329,1,3.2693148174277466e-06,300,19
1329,2,4.904935237152579e-07,600,12
1329,3,7.557436081776566e-05,900,11
1329,4,0.8328993413413547,1200,10
1329,5,0.9999999999977691,1500,0
1330,0,0.9820059217221043,0,6
1330,1,3.2693148174277466e-06,300,7
1330,2,2.7171119290802686e-07,600,16
1330,3,5.9011597478278374e-05,900,13
1330,4,0.8328993413413547,1200,12
1330,5,0.9999999999977691,1500,0
1331,0,0.9820059217221043,0,3
1331,1,4.405644723392969e-06,300,11
1331,2,2.7171119290802686e-07,600,13
1331,3,5.9011597478278374e-05,900,12
1331,4,0.6675714480148743,1200,12
1331,5,0.9999999999977691,1500,0
1332,0,0.9820059217221043,0,8
1332,1,4.405644723392969e-06,300,9
1332,2,4.506466788539665e-07,600,13
1332,3,0.00012231100113387617,900,17
1332,4,0.7466659807951238,1200,7
1332,5,0.9999999999977691,1500,0
1333,0,0.9820059217221043,0,3
1333,1,1.7203798323553242e-06,300,11
1333,2,5.15361050093077e-07,600,13
1333,3,0.00012231100113387617,900,16
1333,4,0.6914012829677167,1200,10
1333,5,0.9999999999979425,1500,0
1334,0,0.9820059217221043,0,4
1334,1,1.7203798323553242e-06,300,12
1334,2,2.7836209620434494e-07,600,9
1334,3,0.00012231100113387617,900,19
1334,4,0.6914012829677167,1200,10
1334,5,0.9999999999975246,1500,0
1335,0,0.9849411694042249,0,3
1335,1,1.6721773804181115e-06,300,13
1335,2,3.101119881970994e-07,600,19
1335,3,0.00012231100113387617,900,9
1335,4,0.6914012829677167,1200,8
1335,5,0.9999999999967237,1500,0
1336,0,0.9886117704013014,0,0
1336,1,1.6721773804181115e-06,300,15
1336,2,2.901274383302351e-07,600,18
1336,3,0.0001396429105281762,900,9
1336,4,0.6914012829677167,1200,11
1336,5,0.9999999999979703,1500,0
1337,0,0.9886117704013014,0,2
1337,1,1.6721773804181115e-06,300,8
1337,2,2.901274383302351e-07,600,21
1337,3,0.0001396429105281762,900,12
1337,4,0.4527854624429437,1200,10
1337,5,0.999999999998189,1500,0
1338,0,0.9886117704013014,0,3
1338,1,2.7287760739899464e-06,300,13
1338,2,2.901274383302351e-07,600,15
1338,3,9.34565902820375e-05,900,17
1338,4,0.4527854624429437,1200,6
1338,5,0.9999999999983873,1500,0
1339,0,0.9845985314418566,0,2
1339,1,1.0500561835270937e-06,300,11
1339,2,2.901274383302351e-07,600,17
1339,3,9.34565902820375e-05,900,15
1339,4,0.4527854624429437,1200,7
1339,5,0.9999999999983873,1500,0
1340,0,0.9845985314418566,0,6
1340,1,9.909439690362867e-07,300,10
1340,2,4.3675354972849116e-07,600,14
1340,3,9.34565902820375e-05,900,12
1340,4,0.3375313943427514,1200,10
1340,5,0.9999999999982117,1500,0
1341,0,0.9798859079452218,0,7
1341,1,6.264962945468255e-07,300,12
1341,2,4.3675354972849116e-07,600,13
1341,3,9.338751782766103e-05,900,11
1341,4,0.32807623530986096,1200,9
1341,5,0.9999999999982117,1500,0
1342,0,0.9571292476786627,0,7
1342,1,6.264962945468255e-07,300,8
1342,2,4.3675354972849116e-07,600,13
1342,3,9.338751782766103e-05,900,14
1342,4,0.32807623530986096,1200,11
1342,5,0.9999999999990936,1500,0
1343,0,0.9571292476786627,0,5
1343,1,6.264962945468255e-07,300,14
1343,2,3.1226347488970596e-07,600,15
1343,3,4.198837405552966e-05,900,13
1343,4,0.3465853581772161,1200,5
1343,5,0.9999999999990936,1500,0
1344,0,0.9571292476786627,0,5
1344,1,6.264962945468255e-07,300,9
1344,2,3.944864943440224e-07,600,13
1344,3,2.6805800798912087e-05,900,15
1344,4,0.3465853581772161,1200,11
1344,5,0.9999999999987326,1500,0
1345,0,0.9571292476786627,0,3
1345,1,2.490646642444735e-07,300,8
1345,2,3.8388170476456694e-07,600,20
1345,3,2.6805800798912087e-05,900,10
1345,4,0.3465853581772161,1200,13
1345,5,0.9999999999987326,1500,0
1346,0,0.9450744646754349,0,5
1346,1,1.4987495063102527e-07,300,11
1346,2,8.881001767966873e-07,600,21
1346,3,2.6805800798912087e-05,900,9
1346,4,0.3465853581772161,1200,7
1346,5,0.9999999999987326,1500,0
1347,0,0.9450744646754349,0,5
1347,1,1.4987495063102527e-07,300,7
1347,2,5.993256896476764e-07,600,16
1347,3,2.8592678154425282e-05,900,22
1347,4,0.29351576576290034,1200,4
1347,5,0.9999999999987326,1500,0
1348,0,0.8743012795607844,0,11
1348,1,1.4987495063102527e-07,300,7
1348,2,5.993256896476764e-07,600,12
1348,3,2.8592678154425282e-05,900,13
1348,4,0.29351576576290034,1200,10
1348,5,0.9999999999989257,1500,0
1349,0,0.8743012795607844,0,6
1349,1,1.4987495063102527e-07,300,11
1349,2,1.1668747383345226e-06,600,13
1349,3,2.8592678154425282e-05,900,13
1349,4,0.16920063677527747,1200,11
1349,5,0.9999999999992306,1500,0
1350,0,0.8743012795607844,0,9
1350,1,1.4987495063102527e-07,300,10
1350,2,1.1668747383345226e-06,600,10
1350,3,5.220513745711346e-05,900,11
1350,4,0.17072870721086095,1200,12
1350,5,0.9999999999992306,1500,0
1351,0,0.8743012795607844,0,10
1351,1,1.4987495063102527e-07,300,4
1351,2,4.396048656934348e-06,600,21
1351,3,5.220513745711346e-05,900,13
1351,4,0.17072870721086095,1200,6
1351,5,0.9999999999992306,1500,0
1352,0,0.8667054060775493,0,9
1352,1,1.4987495063102527e-07,300,5
1352,2,2.0457123512888626e-06,600,15
1352,3,5.220513745711346e-05,900,16
1352,4,0.20140366220538383,1200,9
1352,5,0.9999999999992306,1500,0
1353,0,0.8355401414429746,0,8
1353,1,1.4987495063102527e-07,300,8
1353,2,2.394103078226672e-06,600,12
1353,3,5.220513745711346e-05,900,12
1353,4,0.20140366220538383,1200,14
1353,5,0.9999999999994118,1500,0
1354,0,0.7721848549075457,0,10
1354,1,1.4987495063102527e-07,300,7
1354,2,2.394103078226672e-06,600,21
1354,3,5.6328144762033036e-05,900,11
1354,4,0.20140366220538383,1200,5
1354,5,0.9999999999994118,1500,0
1355,0,0.667947753044479,0,16
1355,1,1.1703744559829761e-07,300,6
1355,2,3.3515225428382723e-06,600,15
1355,3,5.6328144762033036e-05,900,8
1355,4,0.20140366220538383,1200,9
1355,5,0.9999999999994118,1500,0
1356,0,0.667947753044479,0,7
1356,1,1.1703744559829761e-07,300,11
1356,2,3.3515225428382723e-06,600,23
1356,3,4.2056063037547884e-05,900,6
1356,4,0.2180821939163045,1200,7
1356,5,0.9999999999995317,1500,0
1357,0,0.667947753044479,0,9
1357,1,5.137867331171233e-07,300,10
1357,2,3.3515225428382723e-06,600,11
1357,3,4.2056063037547884e-05,900,10
1357,4,0.2180821939163045,1200,13
1357,5,0.9999999999995317,1500,0
1358,0,0.667947753044479,0,6
1358,1,4.834430432242849e-07,300,7
1358,2,3.3515225428382723e-06,600,20
1358,3,1.904916273135931e-05,900,11
1358,4,0.18741231617578544,1200,10
1358,5,0.9999999999995317,1500,0
1359,0,0.8699942365963524,0,14
1359,1,5.547355369094924e-07,300,13
1359,2,3.3515225428382723e-06,600,7
1359,3,1.904916273135931e-05,900,13
1359,4,0.18741231617578544,1200,7
1359,5,0.9999999999994795,1500,0
1360,0,0.8699942365963524,0,6
1360,1,4.691986515920432e-07,300,5
1360,2,3.4147468385136115e-06,600,12
1360,3,1.1711773952120059e-05,900,14
1360,4,0.22033019296637396,1200,13
1360,5,0.9999999999994795,1500,0
1361,0,0.935261706179204,0,5
1361,1,4.691986515920432e-07,300,14
1361,2,3.4147468385136115e-06,600,16
1361,3,1.1711773952120059e-05,900,10
1361,4,0.22033019296637396,1200,8
1361,5,0.9999999999991445,1500,0
1362,0,0.935261706179204,0,7
1362,1,4.691986515920432e-07,300,6
1362,2,8.137086530415334e-06,600,16
1362,3,8.746723251925772e-06,900,19
1362,4,0.25106608334569275,1200,5
1362,5,0.9999999999991445,1500,0
1363,0,0.8833309221352651,0,11
1363,1,4.691986515920432e-07,300,7
1363,2,1.8231006887985844e-05,600,16
1363,3,8.746723251925772e-06,900,13
1363,4,0.25106608334569275,1200,7
1363,5,0.9999999999989448,1500,0
1364,0,0.8276887426097983,0,6
1364,1,4.691986515920432e-07,300,10
1364,2,1.8231006887985844e-05,600,8
1364,3,8.746723251925772e-06,900,16
1364,4,0.25106608334569275,1200,12
1364,5,0.9999999999990776,1500,0
1365,0,0.7542916288994246,0,9
1365,1,4.691986515920432e-07,300,7
1365,2,2.7012882704839847e-05,600,18
1365,3,8.746723251925772e-06,900,7
1365,4,0.19593841375536666,1200,13
1365,5,0.9999999999990776,1500,0
1366,0,0.7631715108639967,0,8
1366,1,4.691986515920432e-07,300,4
1366,2,2.7012882704839847e-05,600,27
1366,3,4.816238959500853e-06,900,9
1366,4,0.19593841375536666,1200,6
1366,5,0.9999999999993683,1500,0
1367,0,0.7631715108639967,0,5
1367,1,2.9964760116167693e-07,300,6
1367,2,1.8790850903710178e-05,600,17
1367,3,4.816238959500853e-06,900,9
1367,4,0.19593841375536666,1200,17
1367,5,0.9999999999992264,1500,0
1368,0,0.7631715108639967,0,10
1368,1,2.9964760116167693e-07,300,5
1368,2,1.6628725454309503e-05,600,18
1368,3,1.1047049198598017e-05,900,13
1368,4,0.19593841375536666,1200,8
1368,5,0.9999999999992264,1500,0
1369,0,0.7579039093264726,0,14
1369,1,1.5692017822234892e-07,300,9
1369,2,1.6628725454309503e-05,600,10
1369,3,1.1047049198598017e-05,900,11
1369,4,0.19593841375536666,1200,10
1369,5,0.9999999999994236,1500,0
1370,0,0.7579039093264726,0,9
1370,1,6.361363893317257e-08,300,7
1370,2,1.6628725454309503e-05,600,17
1370,3,6.528698362642683e-06,900,12
1370,4,0.19593841375536666,1200,9
1370,5,0.9999999999994236,1500,0
1371,0,0.7945140344083889,0,9
1371,1,1.1239146381074598e-07,300,7
1371,2,1.911438739004645e-05,600,18
1371,3,7.163458089227101e-06,900,13
1371,4,0.19593841375536666,1200,7
1371,5,0.9999999999994236,1500,0
1372,0,0.7945140344083889,0,15
1372,1,5.018749377558968e-08,300,10
1372,2,1.911438739004645e-05,600,13
1372,3,1.1610006756125347e-05,900,9
1372,4,0.19962361492428746,1200,7
1372,5,0.9999999999994236,1500,0
1373,0,0.7945140344083889,0,10
1373,1,6.285042487179061e-08,300,5
1373,2,2.1462480560680322e-05,600,15
1373,3,1.927425778869769e-05,900,13
1373,4,0.2910553872729066,1200,10
1373,5,0.9999999999994236,1500,0
1374,0,0.7517300202288691,0,11
1374,1,6.285042487179061e-08,300,4
1374,2,2.1462480560680322e-05,600,14
1374,3,4.655451611934815e-05,900,16
1374,4,0.23395760772800492,1200,8
1374,5,0.9999999999994236,1500,0
1375,0,0.8643624064844435,0,4
1375,1,7.278005700668316e-08,300,11
1375,2,2.1462480560680322e-05,600,17
1375,3,4.655451611934815e-05,900,11
1375,4,0.23395760772800492,1200,11
1375,5,0.9999999999994236,1500,0
1376,0,0.9427956562903704,0,5
1376,1,7.278005700668316e-08,300,10
1376,2,2.3167785578026777e-05,600,22
1376,3,4.655451611934815e-05,900,14
1376,4,0.23395760772800492,1200,2
1376,5,0.9999999999994236,1500,0
1377,0,0.9427956562903704,0,1
1377,1,1.1027909429488702e-07,300,8
1377,2,5.1794932399250107e-05,600,20
1377,3,4.655451611934815e-05,900,16
1377,4,0.23395760772800492,1200,9
1377,5,0.9999999999994236,1500,0
1378,0,0.9427956562903704,0,11
1378,1,1.0798050705820698e-07,300,11
1378,2,5.1794932399250107e-05,600,13
1378,3,2.3052947870618986e-05,900,13
1378,4,0.23395760772800492,1200,6
1378,5,0.9999999999994236,1500,0
1379,0,0.7920294165178555,0,7
1379,1,1.0798050705820698e-07,300,9
1379,2,5.1794932399250107e-05,600,9
1379,3,2.0599684153808296e-05,900,16
1379,4,0.23395760772800492,1200,13
1379,5,0.9999999999994236,1500,0
1380,0,0.7920294165178555,0,9
1380,1,1.0183459235341431e-07,300,8
1380,2,5.1794932399250107e-05,600,11
1380,3,1.2039864075395512e-05,900,19
1380,4,0.22147195286154114,1200,6
1380,5,0.9999999999994236,1500,0
1381,0,0.7920294165178555,0,19
1381,1,1.8087733721421788e-07,300,6
1381,2,5.1794932399250107e-05,600,7
1381,3,1.561125593248762e-05,900,12
1381,4,0.1861584966229044,1200,10
1381,5,0.9999999999994236,1500,0
1382,0,0.47993029624443045,0,10
1382,1,1.8087733721421788e-07,300,7
1382,2,5.1794932399250107e-05,600,13
1382,3,1.9259948378576097e-05,900,15
1382,4,0.1861584966229044,1200,8
1382,5,0.9999999999994236,1500,0
1383,0,0.48573117135962784,0,11
1383,1,1.7052758944523476e-07,300,7
1383,2,5.1794932399250107e-05,600,10
1383,3,1.9259948378576097e-05,900,14
1383,4,0.21533117001242144,1200,11
1383,5,0.9999999999994236,1500,0
1384,0,0.48573117135962784,0,5
1384,1,2.1249275923939345e-07,300,8
1384,2,4.192112450045831e-05,600,15
1384,3,1.9259948378576097e-05,900,16
1384,4,0.22873561956641725,1200,7
1384,5,0.9999999999994236,1500,0
1385,0,0.538664863483534,0,10
1385,1,4.2039287274376524e-07,300,7
1385,2,3.812176341407484e-05,600,12
1385,3,1.9259948378576097e-05,900,15
1385,4,0.22873561956641725,1200,8
1385,5,0.9999999999994236,1500,0
1386,0,0.35499410964415834,0,10
1386,1,4.2039287274376524e-07,300,11
1386,2,3.812176341407484e-05,600,11
1386,3,3.0410889540851418e-05,900,13
1386,4,0.22873561956641725,1200,9
1386,5,0.9999999999994236,1500,0
1387,0,0.327161494688017,0,13
1387,1,4.2039287274376524e-07,300,6
1387,2,1.8065060460669478e-05,600,15
1387,3,3.0410889540851418e-05,900,8
1387,4,0.22873561956641725,1200,12
1387,5,0.9999999999995244,1500,0
1388,0,0.327161494688017,0,5
1388,1,4.372238219299383e-07,300,12
1388,2,1.8065060460669478e-05,600,16
1388,3,1.9597933979278556e-05,900,14
1388,4,0.22873561956641725,1200,6
1388,5,0.9999999999989597,1500,0
1389,0,0.327161494688017,0,8
1389,1,4.372238219299383e-07,300,14
1389,2,3.232686066958047e-05,600,11
1389,3,1.5620914939569596e-05,900,7
1389,4,0.16461909311782544,1200,14
1389,5,0.999999999998842,1500,0
1390,0,0.327161494688017,0,8
1390,1,4.372238219299383e-07,300,6
1390,2,3.232686066958047e-05,600,19
1390,3,4.422232142795531e-06,900,9
1390,4,0.16461909311782544,1200,12
1390,5,0.9999999999987381,1500,0
1391,0,0.31056942777274194,0,10
1391,1,4.372238219299383e-07,300,7
1391,2,3.232686066958047e-05,600,14
1391,3,4.121326126373131e-06,900,9
1391,4,0.24708850133951904,1200,10
1391,5,0.9999999999987381,1500,0
1392,0,0.14910719835808472,0,11
1392,1,4.372238219299383e-07,300,12
1392,2,3.232686066958047e-05,600,20
1392,3,2.5771990363864067e-06,900,4
1392,4,0.2776688772744978,1200,6
1392,5,0.9999999999985996,1500,0
1393,0,0.14910719835808472,0,3
1393,1,5.45120271135495e-07,300,14
1393,2,5.002456973328501e-05,600,17
1393,3,2.5771990363864067e-06,900,10
1393,4,0.1909462349745365,1200,10
1393,5,0.9999999999985996,1500,0
1394,0,0.14910719835808472,0,5
1394,1,2.1140342678113337e-07,300,12
1394,2,5.002456973328501e-05,600,27
1394,3,2.5771990363864067e-06,900,3
1394,4,0.1909462349745365,1200,7
1394,5,0.9999999999985996,1500,0
1395,0,0.14910719835808472,0,11
1395,1,2.5583966325755026e-07,300,5
1395,2,4.6670284367435576e-05,600,18
1395,3,2.5771990363864067e-06,900,8
1395,4,0.16146700221958693,1200,12
1395,5,0.9999999999985996,1500,0
1396,0,0.14910719835808472,0,7
1396,1,2.5583966325755026e-07,300,4
1396,2,4.7004923875508925e-05,600,26
1396,3,3.7793988120443025e-06,900,9
1396,4,0.2870189438997865,1200,8
1396,5,0.9999999999985996,1500,0
1397,0,0.14910719835808472,0,12
1397,1,3.9659138201225044e-07,300,8
1397,2,4.0341101730687356e-05,600,15
1397,3,3.7793988120443025e-06,900,13
1397,4,0.2870189438997865,1200,6
1397,5,0.9999999999978666,1500,0
1398,0,0.11059448229192767,0,3
1398,1,3.9659138201225044e-07,300,9
1398,2,4.727614628387251e-05,600,25
1398,3,3.7793988120443025e-06,900,8
1398,4,0.2870189438997865,1200,9
1398,5,0.9999999999982565,1500,0
1399,0,0.11059448229192767,0,11
1399,1,3.9659138201225044e-07,300,8
1399,2,4.727614628387251e-05,600,12
1399,3,4.523917697130525e-06,900,14
1399,4,0.1933693799764685,1200,9
1399,5,0.9999999999986955,1500,0
1400,0,0.11059448229192767,0,10
1400,1,3.157779116871715e-07,300,8
1400,2,4.727614628387251e-05,600,20
1400,3,5.863378206181304e-06,900,6
1400,4,0.3113906484589002,1200,10
1400,5,0.9999999999986955,1500,0
1401,0,0.07535215852929962,0,1
1401,1,3.157779116871715e-07,300,15
1401,2,4.727614628387251e-05,600,18
1401,3,5.863378206181304e-06,900,11
1401,4,0.3543348401625175,1200,9
1401,5,0.9999999999986955,1500,0
1402,0,0.05446978942577816,0,12
1402,1,2.1563269373974961e-07,300,8
1402,2,5.6562084440739345e-05,600,14
1402,3,5.366125150229149e-06,900,10
1402,4,0.3543348401625175,1200,8
1402,5,0.9999999999986955,1500,0
1403,0,0.0633902569236193,0,4
1403,1,2.1563269373974961e-07,300,6
1403,2,3.5209816324875475e-05,600,26
1403,3,5.366125150229149e-06,900,9
1403,4,0.21161263277785844,1200,7
1403,5,0.9999999999986955,1500,0
1404,0,0.0633902569236193,0,5
1404,1,2.1563269373974961e-07,300,15
1404,2,3.122025516049193e-05,600,19
1404,3,7.987708765549904e-06,900,8
1404,4,0.21161263277785844,1200,7
1404,5,0.9999999999986955,1500,0
1405,0,0.0633902569236193,0,5
1405,1,2.1563269373974961e-07,300,10
1405,2,2.7467427187536613e-05,600,25
1405,3,1.632533866732409e-05,900,7
1405,4,0.21161263277785844,1200,5
1405,5,0.9999999999986955,1500,0
1406,0,0.0719626386719135,0,10
1406,1,3.178150966739324e-07,300,11
1406,2,2.7467427187536613e-05,600,17
1406,3,1.7506414719286874e-05,900,6
1406,4,0.21161263277785844,1200,10
1406,5,0.9999999999986955,1500,0
1407,0,0.10156911296203715,0,7
1407,1,3.178150966739324e-07,300,7
1407,2,2.7467427187536613e-05,600,14
1407,3,1.7506414719286874e-05,900,14
1407,4,0.16310002893798872,1200,12
1407,5,0.9999999999984401,1500,0
1408,0,0.10156911296203715,0,10
1408,1,7.604596165700026e-07,300,7
1408,2,2.7467427187536613e-05,600,16
1408,3,1.7506414719286874e-05,900,11
1408,4,0.24205037871354684,1200,10
1408,5,0.9999999999984401,1500,0
1409,0,0.10156911296203715,0,13
1409,1,7.160810396447071e-07,300,8
1409,2,1.597592479121871e-05,600,20
1409,3,1.0761983600063828e-05,900,3
1409,4,0.24205037871354684,1200,8
1409,5,0.9999999999984401,1500,0
1410,0,0.10156911296203715,0,7
1410,1,7.160810396447071e-07,300,13
1410,2,1.597592479121871e-05,600,16
1410,3,1.0761983600063828e-05,900,10
1410,4,0.45442103341278617,1200,8
1410,5,0.9999999999994267,1500,0
1411,0,0.11840381851292327,0,6
1411,1,7.160810396447071e-07,300,14
1411,2,1.253689865415867e-05,600,14
1411,3,1.0761983600063828e-05,900,14
1411,4,0.45442103341278617,1200,5
1411,5,0.9999999999994267,1500,0
1412,0,0.11840381851292327,0,8
1412,1,6.645708833507447e-07,300,12
1412,2,9.593723400587038e-06,600,18
1412,3,1.0761983600063828e-05,900,8
1412,4,0.44758257695836945,1200,8
1412,5,0.9999999999994267,1500,0
1413,0,0.13871944538220488,0,10
1413,1,4.1881649117601913e-07,300,10
1413,2,9.593723400587038e-06,600,12
1413,3,1.0761983600063828e-05,900,11
1413,4,0.3925124689061844,1200,11
1413,5,0.9999999999994267,1500,0
1414,0,0.13871944538220488,0,13
1414,1,4.1881649117601913e-07,300,7
1414,2,9.593723400587038e-06,600,14
1414,3,1.1829895613418302e-05,900,12
1414,4,0.5268932229495694,1200,8
1414,5,0.9999999999995681,1500,0
1415,0,0.13871944538220488,0,9
1415,1,4.1881649117601913e-07,300,6
1415,2,9.593723400587038e-06,600,25
1415,3,1.1829895613418302e-05,900,5
1415,4,0.23313763551083103,1200,9
1415,5,0.9999999999995681,1500,0
1416,0,0.143839549630861,0,12
1416,1,4.1881649117601913e-07,300,8
1416,2,9.593723400587038e-06,600,17
1416,3,1.1829895613418302e-05,900,6
1416,4,0.23313763551083103,1200,11
1416,5,0.9999999999996605,1500,0
1417,0,0.143839549630861,0,14
1417,1,1.7541635071643244e-07,300,5
1417,2,9.593723400587038e-06,600,13
1417,3,1.7312672696250157e-05,900,12
1417,4,0.23313763551083103,1200,10
1417,5,0.9999999999996605,1500,0
1418,0,0.143839549630861,0,5
1418,1,3.542359984944025e-07,300,22
1418,2,9.593723400587038e-06,600,19
1418,3,1.5177653280507027e-05,900,3
1418,4,0.21633736071505713,1200,5
1418,5,0.9999999999997955,1500,0
1419,0,0.1616570986549468,0,9
1419,1,1.9758125027872067e-07,300,8
1419,2,9.593723400587038e-06,600,17
1419,3,1.5177653280507027e-05,900,12
1419,4,0.2032033909145163,1200,8
1419,5,0.9999999999997955,1500,0
1420,0,0.16788316960275057,0,9
1420,1,1.9758125027872067e-07,300,5
1420,2,9.593723400587038e-06,600,21
1420,3,1.5177653280507027e-05,900,7
1420,4,0.22860428015495204,1200,12
1420,5,0.9999999999997153,1500,0
1421,0,0.17255922500154572,0,4
1421,1,1.2329322914544313e-07,300,9
1421,2,9.593723400587038e-06,600,24
1421,3,1.5177653280507027e-05,900,10
1421,4,0.22860428015495204,1200,5
1421,5,0.9999999999997076,1500,0
1422,0,0.18329267384674375,0,11
1422,1,1.2329322914544313e-07,300,5
1422,2,9.593723400587038e-06,600,20
1422,3,6.040216644892135e-06,900,13
1422,4,0.27478921865073774,1200,5
1422,5,0.9999999999997076,1500,0
1423,0,0.18329267384674375,0,7
1423,1,1.2329322914544313e-07,300,12
1423,2,9.593723400587038e-06,600,22
1423,3,2.661115794757748e-06,900,10
1423,4,0.19484146066517277,1200,2
1423,5,0.9999999999997076,1500,0
1424,0,0.18329267384674375,0,6
1424,1,1.2329322914544313e-07,300,7
1424,2,7.629109183708018e-06,600,24
1424,3,2.661115794757748e-06,900,7
1424,4,0.299600530969453,1200,8
1424,5,0.9999999999997071,1500,0
1425,0,0.18329267384674375,0,5
1425,1,3.409449525454389e-07,300,12
1425,2,7.629109183708018e-06,600,22
1425,3,3.511033683320079e-06,900,12
1425,4,0.299600530969453,1200,3
1425,5,0.9999999999997071,1500,0
1426,0,0.18329267384674375,0,6
1426,1,3.409449525454389e-07,300,10
1426,2,2.7074243157031863e-06,600,17
1426,3,3.511033683320079e-06,900,8
1426,4,0.2221906370042,1200,13
1426,5,0.9999999999997071,1500,0
1427,0,0.18329267384674375,0,9
1427,1,3.409449525454389e-07,300,12
1427,2,2.265075680817065e-06,600,19
1427,3,4.3333912461632085e-06,900,9
1427,4,0.1979347429179096,1200,5
1427,5,0.9999999999997071,1500,0
1428,0,0.18329267384674375,0,8
1428,1,4.989433417343215e-07,300,3
1428,2,2.265075680817065e-06,600,22
1428,3,4.3333912461632085e-06,900,6
1428,4,0.1979347429179096,1200,13
1428,5,0.9999999999997071,1500,0
1429,0,0.26095748397509805,0,12
1429,1,8.986249194280435e-07,300,7
1429,2,1.8931659659774826e-06,600,19
1429,3,4.3333912461632085e-06,900,3
1429,4,0.1979347429179096,1200,12
1429,5,0.9999999999997071,1500,0
1430,0,0.2613696319865334,0,18
1430,1,8.986249194280435e-07,300,9
1430,2,1.8931659659774826e-06,600,7
1430,3,4.3333912461632085e-06,900,10
1430,4,0.1979347429179096,1200,10
1430,5,0.9999999999997071,1500,0
1431,0,0.2613696319865334,0,8
1431,1,4.917559641498066e-07,300,6
1431,2,1.08856468491485e-06,600,26
1431,3,3.7603394622428787e-06,900,7
1431,4,0.1979347429179096,1200,7
1431,5,0.9999999999997071,1500,0
1432,0,0.2613696319865334,0,7
1432,1,3.887732184118569e-07,300,9
1432,2,7.572103485660031e-07,600,23
1432,3,3.7603394622428787e-06,900,13
1432,4,0.15509966728680785,1200,2
1432,5,0.9999999999997071,1500,0
1433,0,0.2613696319865334,0,6
1433,1,1.0995291436059794e-07,300,17
1433,2,7.572103485660031e-07,600,13
1433,3,3.7603394622428787e-06,900,11
1433,4,0.15509966728680785,1200,7
1433,5,0.9999999999997584,1500,0
1434,0,0.19979651739213009,0,7
1434,1,7.836467909389208e-08,300,9
1434,2,7.572103485660031e-07,600,24
1434,3,3.7603394622428787e-06,900,4
1434,4,0.15509966728680785,1200,10
1434,5,0.9999999999997764,1500,0
1435,0,0.19979651739213009,0,10
1435,1,7.911031683545941e-08,300,12
1435,2,7.572103485660031e-07,600,19
1435,3,4.806151102624539e-06,900,6
1435,4,0.20806545044754501,1200,7
1435,5,0.9999999999997764,1500,0
1436,0,0.19979651739213009,0,10
1436,1,7.911031683545941e-08,300,5
1436,2,5.856371384177978e-07,600,19
1436,3,4.806151102624539e-06,900,11
1436,4,0.1474245401228766,1200,9
1436,5,0.9999999999997764,1500,0
1437,0,0.19979651739213009,0,11
1437,1,7.911031683545941e-08,300,10
1437,2,6.020040627339959e-07,600,24
1437,3,4.806151102624539e-06,900,3
1437,4,0.15937148460009126,1200,6
1437,5,0.9999999999995377,1500,0
1438,0,0.19979651739213009,0,9
1438,1,9.939884776416706e-08,300,7
1438,2,6.020040627339959e-07,600,18
1438,3,3.285794773611162e-06,900,10
1438,4,0.15937148460009126,1200,9
1438,5,0.9999999999994944,1500,0
1439,0,0.17627827862515558,0,6
1439,1,8.907621719990478e-08,300,10
1439,2,5.782476941646553e-07,600,20
1439,3,3.285794773611162e-06,900,11
1439,4,0.18127347979471034,1200,6
1439,5,0.9999999999994944,1500,0
1440,0,0.14545109851480764,0,7
1440,1,8.907621719990478e-08,300,12
1440,2,5.782476941646553e-07,600,14
1440,3,3.727014463393883e-06,900,11
1440,4,0.2687731118276714,1200,10
1440,5,0.9999999999994944,1500,0
1441,0,0.14545109851480764,0,9
1441,1,1.3429929734841443e-07,300,8
1441,2,5.782476941646553e-07,600,16
1441,3,3.22661052968825e-06,900,9
1441,4,0.33887304158607734,1200,12
1441,5,0.9999999999994944,1500,0
1442,0,0.14545109851480764,0,8
1442,1,1.8922884037342372e-07,300,11
1442,2,5.782476941646553e-07,600,15
1442,3,3.22661052968825e-06,900,5
1442,4,0.33887304158607734,1200,15
1442,5,0.999999999999083,1500,0
1443,0,0.06427395113593973,0,9
1443,1,1.8922884037342372e-07,300,8
1443,2,5.782476941646553e-07,600,15
1443,3,3.22661052968825e-06,900,12
1443,4,0.3622152328662537,1200,10
1443,5,0.999999999999083,1500,0
1444,0,0.05472649350365311,0,11
1444,1,1.7575418967982165e-07,300,15
1444,2,5.782476941646553e-07,600,20
1444,3,2.4258887791393267e-06,900,0
1444,4,0.3340969199640468,1200,8
1444,5,0.9999999999991096,1500,0
1445,0,0.10656446426310807,0,10
1445,1,1.316580702860924e-07,300,13
1445,2,6.909545958473516e-07,600,17
1445,3,2.4258887791393267e-06,900,8
1445,4,0.3340969199640468,1200,5
1445,5,0.9999999999991096,1500,0
1446,0,0.10656446426310807,0,10
1446,1,1.1156421987860519e-07,300,10
1446,2,6.909545958473516e-07,600,13
1446,3,2.4258887791393267e-06,900,5
1446,4,0.42743444725822693,1200,16
1446,5,0.9999999999986298,1500,0
1447,0,0.10656446426310807,0,7
1447,1,6.473321838340797e-08,300,12
1447,2,6.909545958473516e-07,600,18
1447,3,2.4258887791393267e-06,900,11
1447,4,0.43757041435055055,1200,6
1447,5,0.9999999999990077,1500,0
1448,0,0.10656446426310807,0,7
1448,1,3.178809137812325e-08,300,14
1448,2,6.909545958473516e-07,600,18
1448,3,5.232286624289019e-06,900,5
1448,4,0.43757041435055055,1200,9
1448,5,0.9999999999990077,1500,0
1449,0,0.12080426454269078,0,3
1449,1,3.23284654696813e-08,300,15
1449,2,7.331662070250471e-07,600,17
1449,3,5.232286624289019e-06,900,8
1449,4,0.4171280788206009,1200,10
1449,5,0.9999999999990077,1500,0
1450,0,0.12080426454269078,0,9
1450,1,3.23284654696813e-08,300,14
1450,2,2.323166610021861e-06,600,18
1450,3,5.232286624289019e-06,900,8
1450,4,0.49541069735139676,1200,5
1450,5,0.9999999999990077,1500,0
1451,0,0.12080426454269078,0,4
1451,1,3.23284654696813e-08,300,9
1451,2,2.323166610021861e-06,600,17
1451,3,5.232286624289019e-06,900,8
1451,4,0.6400243811451167,1200,16
1451,5,0.999999999999122,1500,0
1452,0,0.07384155768226205,0,12
1452,1,3.6686171263844344e-08,300,12
1452,2,2.323166610021861e-06,600,10
1452,3,5.2733256167739126e-06,900,13
1452,4,0.6400243811451167,1200,6
1452,5,0.999999999999122,1500,0
1453,0,0.07384155768226205,0,9
1453,1,3.6686171263844344e-08,300,11
1453,2,1.485477899121408e-06,600,15
1453,3,3.5099514893297973e-06,900,7
1453,4,0.6400243811451167,1200,10
1453,5,0.999999999999122,1500,0
1454,0,0.07384155768226205,0,6
1454,1,3.6686171263844344e-08,300,13
1454,2,1.3010561135198513e-06,600,15
1454,3,3.037347614856218e-06,900,11
1454,4,0.6285502358602445,1200,9
1454,5,0.9999999999982276,1500,0
1455,0,0.04399356265618445,0,9
1455,1,3.6686171263844344e-08,300,14
1455,2,1.3010561135198513e-06,600,13
1455,3,3.037347614856218e-06,900,5
1455,4,0.6285502358602445,1200,12
1455,5,0.9999999999982276,1500,0
1456,0,0.04399356265618445,0,6
1456,1,3.6686171263844344e-08,300,7
1456,2,1.0277319056109097e-06,600,17
1456,3,4.013897736768689e-06,900,7
1456,4,0.6285502358602445,1200,15
1456,5,0.9999999999973574,1500,0
1457,0,0.04399356265618445,0,6
1457,1,3.6686171263844344e-08,300,10
1457,2,1.537733818914324e-06,600,13
1457,3,2.8889747151727664e-06,900,7
1457,4,0.6285502358602445,1200,16
1457,5,0.9999999999973574,1500,0
1458,0,0.04399356265618445,0,4
1458,1,3.6686171263844344e-08,300,14
1458,2,1.0207562870532432e-06,600,12
1458,3,2.8889747151727664e-06,900,5
1458,4,0.7933328986678002,1200,19
1458,5,0.9999999999973574,1500,0
1459,0,0.04399356265618445,0,11
1459,1,2.214447529661455e-08,300,10
1459,2,1.0207562870532432e-06,600,17
1459,3,2.468286379185549e-06,900,7
1459,4,0.7933328986678002,1200,9
1459,5,0.9999999999973574,1500,0
1460,0,0.04399356265618445,0,2
1460,1,2.918787019205851e-08,300,12
1460,2,1.0207562870532432e-06,600,16
1460,3,2.9709917476158127e-06,900,11
1460,4,0.7933328986678002,1200,12
1460,5,0.9999999999969176,1500,0
1461,0,0.04399356265618445,0,8
1461,1,2.918787019205851e-08,300,9
1461,2,1.0207562870532432e-06,600,16
1461,3,2.9709917476158127e-06,900,10
1461,4,0.6391701262681871,1200,10
1461,5,0.9999999999958513,1500,0
1462,0,0.04399356265618445,0,3
1462,1,2.918787019205851e-08,300,20
1462,2,1.0207562870532432e-06,600,19
1462,3,2.9709917476158127e-06,900,7
1462,4,0.7605234304427594,1200,5
1462,5,0.9999999999862377,1500,0
1463,0,0.04399356265618445,0,7
1463,1,1.0026144168591684e-08,300,16
1463,2,1.0207562870532432e-06,600,10
1463,3,2.9709917476158127e-06,900,14
1463,4,0.7605234304427594,1200,6
1463,5,0.9999999999862377,1500,0
1464,0,0.0435331274911513,0,2
1464,1,1.0026144168591684e-08,300,19
1464,2,6.166307670994693e-07,600,14
1464,3,2.9709917476158127e-06,900,3
1464,4,0.7605234304427594,1200,16
1464,5,0.9999999999916991,1500,0
1465,0,0.031150726686708964,0,14
1465,1,8.144328732664054e-09,300,17
1465,2,5.555351371298689e-07,600,12
1465,3,2.9709917476158127e-06,900,7
1465,4,0.6948306449535853,1200,4
1465,5,0.9999999999916991,1500,0
1466,0,0.04142656183732402,0,10
1466,1,8.144328732664054e-09,300,18
1466,2,3.981720192852843e-07,600,12
1466,3,3.658482079866021e-06,900,2
1466,4,0.6948306449535853,1200,11
1466,5,0.9999999999895102,1500,0
1467,0,0.04142656183732402,0,3
1467,1,8.144328732664054e-09,300,15
1467,2,5.254185599050159e-07,600,18
1467,3,3.658482079866021e-06,900,10
1467,4,0.6948306449535853,1200,8
1467,5,0.9999999999803142,1500,0
1468,0,0.044008947577618286,0,7
1468,1,8.144328732664054e-09,300,13
1468,2,5.254185599050159e-07,600,13
1468,3,1.9371527695333436e-06,900,4
1468,4,0.6948306449535853,1200,16
1468,5,0.9999999999803142,1500,0
1469,0,0.05094364490149334,0,8
1469,1,5.399031475439868e-09,300,17
1469,2,5.254185599050159e-07,600,10
1469,3,1.9371527695333436e-06,900,8
1469,4,0.6948306449535853,1200,11
1469,5,0.9999999999803142,1500,0
1470,0,0.05094364490149334,0,11
1470,1,4.2045549441300855e-09,300,11
1470,2,5.254185599050159e-07,600,13
1470,3,4.412788152388173e-06,900,6
1470,4,0.6865910102354317,1200,13
1470,5,0.9999999999803142,1500,0
1471,0,0.049163087051631964,0,8
1471,1,5.106922546729128e-09,300,10
1471,2,5.254185599050159e-07,600,9
1471,3,4.412788152388173e-06,900,9
1471,4,0.6865910102354317,1200,16
1471,5,0.9999999999709468,1500,0
1472,0,0.049163087051631964,0,6
1472,1,6.99137350373838e-09,300,7
1472,2,5.254185599050159e-07,600,28
1472,3,4.570980496335466e-06,900,8
1472,4,0.6865910102354317,1200,5
1472,5,0.9999999999736993,1500,0
1473,0,0.07706386796838963,0,9
1473,1,6.99137350373838e-09,300,10
1473,2,5.254185599050159e-07,600,22
1473,3,3.39340718971948e-06,900,8
1473,4,0.7040643408644907,1200,5
1473,5,0.9999999999736993,1500,0
1474,0,0.07706386796838963,0,9
1474,1,6.99137350373838e-09,300,11
1474,2,5.921297890905446e-07,600,10
1474,3,3.730525539016522e-06,900,9
1474,4,0.6318984773409871,1200,15
1474,5,0.9999999999736993,1500,0
1475,0,0.05757190058004683,0,7
1475,1,6.99137350373838e-09,300,9
1475,2,4.1528042173821784e-07,600,15
1475,3,3.730525539016522e-06,900,8
1475,4,0.6365969371268588,1200,14
1475,5,0.9999999999736993,1500,0
1476,0,0.06822486978555664,0,8
1476,1,6.99137350373838e-09,300,17
1476,2,1.0288416120991475e-06,600,16
1476,3,3.730525539016522e-06,900,5
1476,4,0.6365969371268588,1200,8
1476,5,0.9999999999711047,1500,0
1477,0,0.06822486978555664,0,9
1477,1,6.99137350373838e-09,300,15
1477,2,1.0288416120991475e-06,600,18
1477,3,3.730525539016522e-06,900,4
1477,4,0.7015710215639044,1200,7
1477,5,0.9999999999711047,1500,0
1478,0,0.06822486978555664,0,8
1478,1,6.99137350373838e-09,300,10
1478,2,1.0288416120991475e-06,600,17
1478,3,5.72289557310149e-06,900,12
1478,4,0.7015710215639044,1200,7
1478,5,0.9999999999818225,1500,0
1479,0,0.06822486978555664,0,7
1479,1,1.0222937825221589e-08,300,17
1479,2,1.0288416120991475e-06,600,10
1479,3,5.72289557310149e-06,900,10
1479,4,0.7045865222131977,1200,10
1479,5,0.9999999999862934,1500,0
1480,0,0.05434800968312051,0,11
1480,1,1.0222937825221589e-08,300,11
1480,2,1.2578679591274352e-06,600,16
1480,3,8.001393828986274e-06,900,6
1480,4,0.7045865222131977,1200,10
1480,5,0.9999999999862934,1500,0
1481,0,0.05434800968312051,0,4
1481,1,1.7470418710579888e-08,300,9
1481,2,1.2578679591274352e-06,600,17
1481,3,8.766747779887132e-06,900,13
1481,4,0.5008230385430388,1200,10
1481,5,0.9999999999862934,1500,0
1482,0,0.05434800968312051,0,7
1482,1,1.7470418710579888e-08,300,10
1482,2,1.2578679591274352e-06,600,18
1482,3,8.766747779887132e-06,900,3
1482,4,0.4769879168420118,1200,14
1482,5,0.9999999999702884,1500,0
1483,0,0.07392068141981831,0,9
1483,1,1.2169969844838976e-08,300,9
1483,2,1.2578679591274352e-06,600,18
1483,3,8.766747779887132e-06,900,8
1483,4,0.4769879168420118,1200,9
1483,5,0.9999999999702884,1500,0
1484,0,0.10875629206586979,0,11
1484,1,1.2169969844838976e-08,300,10
1484,2,1.137824220064562e-06,600,12
1484,3,7.891686331487133e-06,900,9
1484,4,0.5456819644395304,1200,12
1484,5,0.9999999999702884,1500,0
1485,0,0.07479133860120166,0,8
1485,1,1.2169969844838976e-08,300,5
1485,2,9.731277163475637e-07,600,25
1485,3,3.701442081445237e-06,900,8
1485,4,0.5456819644395304,1200,8
1485,5,0.9999999999702884,1500,0
1486,0,0.07479133860120166,0,9
1486,1,1.7087805372841194e-08,300,15
1486,2,7.944511072554629e-07,600,10
1486,3,3.233515778052373e-06,900,7
1486,4,0.5456819644395304,1200,13
1486,5,0.9999999999331315,1500,0
1487,0,0.07479133860120166,0,7
1487,1,1.7087805372841194e-08,300,9
1487,2,7.944511072554629e-07,600,25
1487,3,6.297187159072379e-06,900,3
1487,4,0.5456819644395304,1200,10
1487,5,0.9999999999374807,1500,0
1488,0,0.07479133860120166,0,11
1488,1,2.0590079763773195e-08,300,5
1488,2,7.944511072554629e-07,600,15
1488,3,7.277311287481986e-06,900,11
1488,4,0.4356336584791647,1200,12
1488,5,0.9999999999374807,1500,0
1489,0,0.07479133860120166,0,7
1489,1,2.0590079763773195e-08,300,10
1489,2,7.944511072554629e-07,600,15
1489,3,1.4641933288647048e-05,900,8
1489,4,0.407700437152431,1200,14
1489,5,0.9999999999374807,1500,0
1490,0,0.07479133860120166,0,11
1490,1,2.566890370325887e-08,300,7
1490,2,8.71436671639769e-07,600,20
1490,3,1.4641933288647048e-05,900,10
1490,4,0.4313390318226217,1200,5
1490,5,0.9999999999425921,1500,0
1491,0,0.07479133860120166,0,15
1491,1,3.229588735642899e-08,300,11
1491,2,8.71436671639769e-07,600,8
1491,3,1.4641933288647048e-05,900,6
1491,4,0.46936076417952205,1200,14
1491,5,0.9999999999386748,1500,0
1492,0,0.07479133860120166,0,9
1492,1,2.7243491675364885e-08,300,7
1492,2,2.0948056412454992e-06,600,11
1492,3,1.4641933288647048e-05,900,10
1492,4,0.46451081188131776,1200,16
1492,5,0.9999999999386748,1500,0
1493,0,0.0595145667880305,0,9
1493,1,8.563522137153425e-08,300,9
1493,2,2.547396103738505e-06,600,17
1493,3,1.4641933288647048e-05,900,9
1493,4,0.46451081188131776,1200,10
1493,5,0.9999999999386748,1500,0
1494,0,0.0595145667880305,0,7
1494,1,8.563522137153425e-08,300,5
1494,2,3.2140374887807222e-06,600,22
1494,3,1.4641933288647048e-05,900,7
1494,4,0.48690336179167565,1200,12
1494,5,0.9999999998388134,1500,0
1495,0,0.06598206380314603,0,5
1495,1,8.563522137153425e-08,300,4
1495,2,3.2140374887807222e-06,600,21
1495,3,1.3305973171793871e-05,900,14
1495,4,0.5521136638787177,1200,9
1495,5,0.9999999998388134,1500,0
1496,0,0.06598206380314603,0,7
1496,1,8.563522137153425e-08,300,9
1496,2,7.332828072511928e-06,600,19
1496,3,8.270429425094598e-06,900,7
1496,4,0.5521136638787177,1200,11
1496,5,0.9999999998793951,1500,0
1497,0,0.06598206380314603,0,6
1497,1,1.0731932714108471e-07,300,11
1497,2,7.332828072511928e-06,600,14
1497,3,8.270429425094598e-06,900,10
1497,4,0.5521136638787177,1200,12
1497,5,0.9999999998549733,1500,0
1498,0,0.06598206380314603,0,5
1498,1,6.696179016484957e-08,300,15
1498,2,7.332828072511928e-06,600,18
1498,3,8.270429425094598e-06,900,8
1498,4,0.49003285733202967,1200,8
1498,5,0.9999999998549733,1500,0
1499,0,0.09125577562338318,0,9
1499,1,6.696179016484957e-08,300,9
1499,2,8.203784175249176e-06,600,13
1499,3,8.270429425094598e-06,900,10
1499,4,0.4723163704166879,1200,13
1499,5,0.9999999998549733,1500,0
1500,0,0.0878867769658708,0,2
1500,1,6.696179016484957e-08,300,11
1500,2,8.203784175249176e-06,600,17
1500,3,8.270429425094598e-06,900,8
1500,4,0.46683889992732663,1200,16
1500,5,0.9999999998819773,1500,0
1501,0,0.0878867769658708,0,10
1501,1,6.696179016484957e-08,300,15
1501,2,3.1962821640673737e-06,600,16
1501,3,8.270429425094598e-06,900,9
1501,4,0.46683889992732663,1200,4
1501,5,0.9999999998819773,1500,0
1502,0,0.0878867769658708,0,7
1502,1,6.77484540058711e-08,300,18
1502,2,3.1962821640673737e-06,600,10
1502,3,2.6382427492435355e-06,900,9
1502,4,0.46683889992732663,1200,10
1502,5,0.9999999998519113,1500,0
1503,0,0.09807238786298171,0,10
1503,1,6.77484540058711e-08,300,14
1503,2,1.7701204091607235e-06,600,12
1503,3,2.6382427492435355e-06,900,6
1503,4,0.4445539925154357,1200,11
1503,5,0.9999999998519113,1500,0
1504,0,0.09807238786298171,0,9
1504,1,9.375229569079666e-08,300,10
1504,2,7.484846166723384e-07,600,19
1504,3,2.6382427492435355e-06,900,8
1504,4,0.4445539925154357,1200,8
1504,5,0.9999999998519113,1500,0
1505,0,0.25814963524248896,0,9
1505,1,6.281900081735064e-08,300,7
1505,2,7.484846166723384e-07,600,23
1505,3,2.6382427492435355e-06,900,3
1505,4,0.4445539925154357,1200,11
1505,5,0.9999999998519113,1500,0
1506,0,0.25814963524248896,0,12
1506,1,3.368972255118543e-08,300,12
1506,2,7.484846166723384e-07,600,7
1506,3,1.6436563104738543e-06,900,9
1506,4,0.46309878705182583,1200,14
1506,5,0.9999999998519113,1500,0
1507,0,0.25814963524248896,0,12
1507,1,3.140661436547889e-08,300,11
1507,2,1.1839768407538482e-06,600,17
1507,3,1.6436563104738543e-06,900,4
1507,4,0.46309878705182583,1200,10
1507,5,0.9999999998519113,1500,0
1508,0,0.27786290939101066,0,6
1508,1,3.140661436547889e-08,300,6
1508,2,5.449666089256991e-07,600,22
1508,3,1.6436563104738543e-06,900,6
1508,4,0.480791796825455,1200,14
1508,5,0.9999999998519113,1500,0
1509,0,0.27786290939101066,0,7
1509,1,2.389111455282647e-08,300,13
1509,2,5.449666089256991e-07,600,14
1509,3,2.078461720216999e-06,900,11
1509,4,0.480791796825455,1200,9
1509,5,0.9999999998519113,1500,0
1510,0,0.5503718009992539,0,6
1510,1,2.389111455282647e-08,300,6
1510,2,5.449666089256991e-07,600,21
1510,3,2.94640032997264e-06,900,9
1510,4,0.49623384406542187,1200,12
1510,5,0.9999999998519113,1500,0
1511,0,0.5503718009992539,0,10
1511,1,2.389111455282647e-08,300,12
1511,2,5.449666089256991e-07,600,15
1511,3,8.644419986058337e-07,900,5
1511,4,0.4699371371213426,1200,12
1511,5,0.9999999998519113,1500,0
1512,0,0.5503718009992539,0,15
1512,1,2.389111455282647e-08,300,9
1512,2,5.449666089256991e-07,600,7
1512,3,1.4007124655403039e-06,900,7
1512,4,0.3847213131442038,1200,16
1512,5,0.9999999998519113,1500,0
1513,0,0.5503718009992539,0,3
1513,1,2.389111455282647e-08,300,12
1513,2,5.449666089256991e-07,600,25
1513,3,3.3764426236741515e-06,900,5
1513,4,0.3847213131442038,1200,9
1513,5,0.9999999999027191,1500,0
1514,0,0.6672365086845419,0,10
1514,1,2.389111455282647e-08,300,8
1514,2,5.449666089256991e-07,600,14
1514,3,3.501317695811259e-06,900,10
1514,4,0.3847213131442038,1200,12
1514,5,0.9999999998866784,1500,0
1515,0,0.6672365086845419,0,9
1515,1,1.9697849562141112e-08,300,9
1515,2,5.449666089256991e-07,600,11
1515,3,3.6200243813841276e-06,900,9
1515,4,0.40426859566551837,1200,16
1515,5,0.9999999998866784,1500,0
1516,0,0.785176453495905,0,11
1516,1,1.9697849562141112e-08,300,10
1516,2,5.449666089256991e-07,600,15
1516,3,5.908581594424474e-06,900,15
1516,4,0.44057579005070663,1200,3
1516,5,0.9999999998866784,1500,0
1517,0,0.785176453495905,0,8
1517,1,2.046130499702335e-08,300,10
1517,2,2.4871593672772565e-07,600,13
1517,3,5.908581594424474e-06,900,16
1517,4,0.44057579005070663,1200,7
1517,5,0.9999999998866784,1500,0
1518,0,0.785176453495905,0,8
1518,1,1.009658803885791e-08,300,9
1518,2,2.4871593672772565e-07,600,13
1518,3,5.908581594424474e-06,900,12
1518,4,0.32934455522286255,1200,10
1518,5,0.9999999998866784,1500,0
1519,0,0.8512899278947622,0,9
1519,1,1.009658803885791e-08,300,7
1519,2,1.9330150784146506e-07,600,12
1519,3,4.903280789454782e-06,900,14
1519,4,0.32934455522286255,1200,12
1519,5,0.9999999998866784,1500,0
1520,0,0.8512899278947622,0,10
1520,1,1.009658803885791e-08,300,10
1520,2,1.9330150784146506e-07,600,13
1520,3,4.620999456417543e-06,900,15
1520,4,0.32934455522286255,1200,6
1520,5,0.9999999998866784,1500,0
1521,0,0.8512899278947622,0,8
1521,1,1.6357511479229675e-08,300,5
1521,2,1.9330150784146506e-07,600,12
1521,3,4.620999456417543e-06,900,21
1521,4,0.29948046700422815,1200,8
1521,5,0.9999999998970699,1500,0
1522,0,0.8136594340638362,0,5
1522,1,9.508125130236658e-09,300,10
1522,2,1.9330150784146506e-07,600,18
1522,3,4.620999456417543e-06,900,11
1522,4,0.29948046700422815,1200,10
1522,5,0.9999999999657332,1500,0
1523,0,0.8136594340638362,0,13
1523,1,9.508125130236658e-09,300,5
1523,2,1.9330150784146506e-07,600,16
1523,3,4.620999456417543e-06,900,11
1523,4,0.29948046700422815,1200,8
1523,5,0.9999999998939115,1500,0
1524,0,0.5770888588955725,0,13
1524,1,9.508125130236658e-09,300,5
1524,2,2.1855009748068378e-07,600,13
1524,3,4.620999456417543e-06,900,15
1524,4,0.29948046700422815,1200,8
1524,5,0.9999999998939115,1500,0
1525,0,0.631384014933695,0,13
1525,1,9.700337281151399e-09,300,5
1525,2,2.1855009748068378e-07,600,13
1525,3,4.620999456417543e-06,900,14
1525,4,0.29948046700422815,1200,9
1525,5,0.9999999999004645,1500,0
1526,0,0.631384014933695,0,7
1526,1,9.700337281151399e-09,300,7
1526,2,4.530194485370958e-07,600,26
1526,3,4.620999456417543e-06,900,11
1526,4,0.29948046700422815,1200,3
1526,5,0.9999999999283784,1500,0
1527,0,0.631384014933695,0,9
1527,1,9.700337281151399e-09,300,4
1527,2,5.167718664237957e-07,600,15
1527,3,4.620999456417543e-06,900,15
1527,4,0.25250145859755346,1200,11
1527,5,0.9999999999283784,1500,0
1528,0,0.5382493356414504,0,9
1528,1,9.700337281151399e-09,300,9
1528,2,5.167718664237957e-07,600,13
1528,3,4.620999456417543e-06,900,14
1528,4,0.25250145859755346,1200,9
1528,5,0.9999999999283784,1500,0
1529,0,0.26101520087681723,0,5
1529,1,1.1521884819812203e-08,300,7
1529,2,5.167718664237957e-07,600,19
1529,3,4.620999456417543e-06,900,8
1529,4,0.25250145859755346,1200,15
1529,5,0.9999999999283784,1500,0
1530,0,0.26101520087681723,0,6
1530,1,4.3785018870266e-09,300,10
1530,2,6.026211658263495e-07,600,16
1530,3,4.620999456417543e-06,900,10
1530,4,0.25250145859755346,1200,11
1530,5,0.9999999999298099,1500,0
1531,0,0.23370943477790673,0,4
1531,1,4.3785018870266e-09,300,10
1531,2,6.026211658263495e-07,600,21
1531,3,4.620999456417543e-06,900,10
1531,4,0.25250145859755346,1200,9
1531,5,0.9999999998396254,1500,0
1532,0,0.23370943477790673,0,11
1532,1,4.3785018870266e-09,300,6
1532,2,6.026211658263495e-07,600,24
1532,3,4.620999456417543e-06,900,10
1532,4,0.3225835463836036,1200,3
1532,5,0.9999999999402951,1500,0
1533,0,0.3373731845901929,0,10
1533,1,5.410013861183786e-09,300,11
1533,2,6.026211658263495e-07,600,16
1533,3,3.7603263596561276e-06,900,6
1533,4,0.3225835463836036,1200,11
1533,5,0.9999999999402951,1500,0
1534,0,0.3373731845901929,0,3
1534,1,1.9027006610706253e-09,300,17
1534,2,1.015541749877072e-06,600,11
1534,3,3.7603263596561276e-06,900,13
1534,4,0.3225835463836036,1200,10
1534,5,0.9999999999402951,1500,0
1535,0,0.3692376161657565,0,3
1535,1,1.525604629600301e-09,300,13
1535,2,1.015541749877072e-06,600,22
1535,3,3.7603263596561276e-06,900,10
1535,4,0.3225835463836036,1200,6
1535,5,0.9999999999753408,1500,0
1536,0,0.3692376161657565,0,6
1536,1,1.525604629600301e-09,300,5
1536,2,9.98362936903244e-07,600,18
1536,3,3.7603263596561276e-06,900,13
1536,4,0.331603216565469,1200,9
1536,5,0.9999999999872733,1500,0
1537,0,0.3692376161657565,0,9
1537,1,1.525604629600301e-09,300,10
1537,2,1.1845144988850212e-06,600,16
1537,3,3.7603263596561276e-06,900,9
1537,4,0.331603216565469,1200,10
1537,5,0.9999999999872733,1500,0
1538,0,0.3692376161657565,0,15
1538,1,1.525604629600301e-09,300,9
1538,2,1.8299018950132002e-06,600,17
1538,3,2.9794362459959353e-06,900,9
1538,4,0.544576843050041,1200,2
1538,5,0.9999999999872733,1500,0
1539,0,0.34571619883754845,0,11
1539,1,1.5501773745974185e-09,300,9
1539,2,1.2424741894537156e-06,600,14
1539,3,3.8032278804506984e-06,900,13
1539,4,0.544576843050041,1200,7
1539,5,0.9999999999872733,1500,0
1540,0,0.34571619883754845,0,12
1540,1,1.5501773745974185e-09,300,17
1540,2,3.0149465964667247e-06,600,9
1540,3,3.8032278804506984e-06,900,9
1540,4,0.544576843050041,1200,7
1540,5,0.9999999999902829,1500,0
1541,0,0.34571619883754845,0,9
1541,1,1.5501773745974185e-09,300,11
1541,2,7.774400417774178e-06,600,18
1541,3,3.8032278804506984e-06,900,8
1541,4,0.544576843050041,1200,8
1541,5,0.9999999999902829,1500,0
1542,0,0.34571619883754845,0,9
1542,1,1.5501773745974185e-09,300,12
1542,2,7.774400417774178e-06,600,14
1542,3,2.2984512506903853e-06,900,9
1542,4,0.544576843050041,1200,10
1542,5,0.99999999998916,1500,0
1543,0,0.34571619883754845,0,11
1543,1,2.498066996339698e-09,300,8
1543,2,8.085957810552843e-06,600,18
1543,3,2.2984512506903853e-06,900,12
1543,4,0.544576843050041,1200,5
1543,5,0.9999999999820557,1500,0
1544,0,0.45387687257930737,0,12
1544,1,2.498066996339698e-09,300,10
1544,2,6.764718727763878e-06,600,11
1544,3,2.2984512506903853e-06,900,9
1544,4,0.544576843050041,1200,11
1544,5,0.9999999999820557,1500,0
1545,0,0.45387687257930737,0,11
1545,1,3.3942847774484615e-09,300,10
1545,2,6.764718727763878e-06,600,15
1545,3,1.7211187235124583e-06,900,10
1545,4,0.3870604383973178,1200,8
1545,5,0.9999999999820557,1500,0
1546,0,0.5001160982575656,0,11
1546,1,1.926964914154775e-09,300,8
1546,2,6.764718727763878e-06,600,11
1546,3,1.7211187235124583e-06,900,10
1546,4,0.3870604383973178,1200,14
1546,5,0.9999999999829392,1500,0
1547,0,0.5264267801250817,0,9
1547,1,1.5920414205109562e-09,300,9
1547,2,6.764718727763878e-06,600,13
1547,3,1.2871626224938612e-06,900,14
1547,4,0.3870604383973178,1200,7
1547,5,0.9999999999829392,1500,0
1548,0,0.5264267801250817,0,12
1548,1,1.5920414205109562e-09,300,4
1548,2,6.211574120482104e-06,600,18
1548,3,2.0485285380696485e-06,900,8
1548,4,0.38178223645176795,1200,12
1548,5,0.9999999999829392,1500,0
1549,0,0.5264267801250817,0,9
1549,1,1.5920414205109562e-09,300,12
1549,2,6.007195685030071e-06,600,11
1549,3,3.4706017129690727e-06,900,12
1549,4,0.4404059890058621,1200,8
1549,5,0.9999999999829392,1500,0
1550,0,0.5264267801250817,0,8
1550,1,2.728368069957408e-09,300,9
1550,2,6.007195685030071e-06,600,14
1550,3,3.4706017129690727e-06,900,11
1550,4,0.44763842803087217,1200,12
1550,5,0.9999999999829392,1500,0
1551,0,0.47298487979840254,0,8
1551,1,2.728368069957408e-09,300,8
1551,2,6.007195685030071e-06,600,14
1551,3,2.801359067289153e-06,900,15
1551,4,0.44763842803087217,1200,8
1551,5,0.9999999999829392,1500,0
1552,0,0.47298487979840254,0,9
1552,1,3.483625458559611e-09,300,5
1552,2,4.249095339202083e-06,600,19
1552,3,2.801359067289153e-06,900,13
1552,4,0.44763842803087217,1200,8
1552,5,0.9999999999860816,1500,0
1553,0,0.47298487979840254,0,10
1553,1,3.483625458559611e-09,300,10
1553,2,4.249095339202083e-06,600,15
1553,3,4.017751148647245e-06,900,7
1553,4,0.44763842803087217,1200,12
1553,5,0.9999999999896829,1500,0
1554,0,0.47298487979840254,0,11
1554,1,4.536821426172787e-09,300,7
1554,2,4.249095339202083e-06,600,11
1554,3,2.0178444673073654e-06,900,8
1554,4,0.44763842803087217,1200,17
1554,5,0.9999999999890032,1500,0
1555,0,0.47298487979840254,0,7
1555,1,7.688029753675486e-09,300,9
1555,2,4.249095339202083e-06,600,18
1555,3,2.0178444673073654e-06,900,9
1555,4,0.46362003438210286,1200,10
1555,5,0.9999999999839659,1500,0
1556,0,0.47298487979840254,0,12
1556,1,5.1417923553055685e-09,300,14
1556,2,8.972310607547852e-06,600,13
1556,3,2.0178444673073654e-06,900,7
1556,4,0.46362003438210286,1200,8
1556,5,0.9999999999825613,1500,0
1557,0,0.47298487979840254,0,6
1557,1,2.5031979655149234e-09,300,9
1557,2,8.972310607547852e-06,600,16
1557,3,4.3786838455378116e-06,900,12
1557,4,0.5004007208528376,1200,11
1557,5,0.9999999999825613,1500,0
1558,0,0.46260863269274477,0,9
1558,1,2.5031979655149234e-09,300,2
1558,2,8.972310607547852e-06,600,22
1558,3,4.3786838455378116e-06,900,10
1558,4,0.6804827953329254,1200,11
1558,5,0.9999999999867812,1500,0
1559,0,0.46260863269274477,0,5
1559,1,2.5031979655149234e-09,300,3
1559,2,7.228252020213944e-06,600,19
1559,3,1.0090401516437528e-05,900,11
1559,4,0.6804827953329254,1200,15
1559,5,0.9999999999867812,1500,0
1560,0,0.46260863269274477,0,4
1560,1,2.5031979655149234e-09,300,9
1560,2,3.890255338655426e-06,600,15
1560,3,1.0090401516437528e-05,900,10
1560,4,0.6804827953329254,1200,15
1560,5,0.9999999999903744,1500,0
1561,0,0.41580194492111733,0,11
1561,1,1.5500508822088682e-09,300,13
1561,2,3.890255338655426e-06,600,15
1561,3,1.0090401516437528e-05,900,5
1561,4,0.710110877374995,1200,9
1561,5,0.9999999999903744,1500,0
1562,0,0.3700867270320354,0,3
1562,1,1.5500508822088682e-09,300,20
1562,2,6.263591564925596e-06,600,17
1562,3,7.159796776085084e-06,900,5
1562,4,0.7578903395865819,1200,9
1562,5,0.9999999999903744,1500,0
1563,0,0.30197329681683904,0,10
1563,1,2.718585029689228e-09,300,20
1563,2,6.420922431066913e-06,600,11
1563,3,7.159796776085084e-06,900,2
1563,4,0.743907573246996,1200,10
1563,5,0.9999999999903744,1500,0
1564,0,0.30197329681683904,0,10
1564,1,1.7536132446076014e-09,300,13
1564,2,3.985366903794694e-06,600,17
1564,3,7.159796776085084e-06,900,2
1564,4,0.7796053876658735,1200,12
1564,5,0.9999999999920048,1500,0
1565,0,0.2193520924191884,0,9
1565,1,1.7536132446076014e-09,300,7
1565,2,3.754202227461133e-06,600,16
1565,3,7.159796776085084e-06,900,8
1565,4,0.7796053876658735,1200,14
1565,5,0.9999999999941211,1500,0
1566,0,0.15622076117505984,0,10
1566,1,1.7536132446076014e-09,300,14
1566,2,3.754202227461133e-06,600,9
1566,3,4.572699741482912e-06,900,7
1566,4,0.6938649580457471,1200,14
1566,5,0.9999999999941211,1500,0
1567,0,0.15622076117505984,0,7
1567,1,1.7536132446076014e-09,300,11
1567,2,6.716275998591741e-06,600,16
1567,3,4.572699741482912e-06,900,7
1567,4,0.6938649580457471,1200,13
1567,5,0.9999999999830955,1500,0
1568,0,0.15622076117505984,0,2
1568,1,2.351099513181304e-09,300,12
1568,2,6.716275998591741e-06,600,12
1568,3,3.0691878264848475e-06,900,10
1568,4,0.6938649580457471,1200,18
1568,5,0.9999999999830955,1500,0
1569,0,0.15622076117505984,0,8
1569,1,2.3089460053635176e-09,300,5
1569,2,6.716275998591741e-06,600,17
1569,3,4.273017044354987e-06,900,9
1569,4,0.7227563245277172,1200,14
1569,5,0.9999999999830955,1500,0
1570,0,0.29848200109600176,0,10
1570,1,2.3089460053635176e-09,300,15
1570,2,6.716275998591741e-06,600,8
1570,3,4.273017044354987e-06,900,10
1570,4,0.7227563245277172,1200,11
1570,5,0.9999999999916589,1500,0
1571,0,0.29848200109600176,0,7
1571,1,2.8230086336737093e-09,300,14
1571,2,5.393235888233346e-06,600,19
1571,3,4.273017044354987e-06,900,8
1571,4,0.7227563245277172,1200,6
1571,5,0.9999999999822147,1500,0
1572,0,0.29848200109600176,0,10
1572,1,2.8230086336737093e-09,300,12
1572,2,5.393235888233346e-06,600,18
1572,3,4.273017044354987e-06,900,3
1572,4,0.6417901883604318,1200,11
1572,5,0.9999999999822147,1500,0
1573,0,0.29848200109600176,0,6
1573,1,9.733249863318903e-10,300,9
1573,2,8.68877753921865e-06,600,22
1573,3,4.273017044354987e-06,900,11
1573,4,0.6417901883604318,1200,6
1573,5,0.9999999999822147,1500,0
1574,0,0.29848200109600176,0,12
1574,1,9.733249863318903e-10,300,9
1574,2,1.627607868510452e-05,600,13
1574,3,4.225694600998587e-06,900,9
1574,4,0.6417901883604318,1200,11
1574,5,0.9999999999822147,1500,0
1575,0,0.29848200109600176,0,12
1575,1,4.1320339017935714e-10,300,7
1575,2,1.704015551831082e-05,600,19
1575,3,4.1972589042700185e-06,900,6
1575,4,0.6417901883604318,1200,10
1575,5,0.9999999999822147,1500,0
1576,0,0.29848200109600176,0,8
1576,1,4.1320339017935714e-10,300,15
1576,2,1.704015551831082e-05,600,14
1576,3,4.1972589042700185e-06,900,6
1576,4,0.5774811594664524,1200,11
1576,5,0.9999999999823188,1500,0
1577,0,0.29848200109600176,0,6
1577,1,6.037877500744097e-10,300,17
1577,2,2.006784389323696e-05,600,18
1577,3,4.1972589042700185e-06,900,9
1577,4,0.5774811594664524,1200,4
1577,5,0.9999999999823188,1500,0
1578,0,0.29848200109600176,0,15
1578,1,5.757481425580441e-10,300,9
1578,2,2.006784389323696e-05,600,15
1578,3,4.2089335988230794e-06,900,8
1578,4,0.4411107953640827,1200,6
1578,5,0.9999999999855405,1500,0
1579,0,0.29848200109600176,0,8
1579,1,5.757481425580441e-10,300,12
1579,2,1.34763763418131e-05,600,12
1579,3,6.899179832800433e-06,900,11
1579,4,0.4411107953640827,1200,11
1579,5,0.9999999999841445,1500,0
1580,0,0.31937585860225004,0,12
1580,1,7.486239361372179e-10,300,10
1580,2,1.5977307095339043e-05,600,13
1580,3,6.899179832800433e-06,900,11
1580,4,0.5035401378812546,1200,8
1580,5,0.9999999999861373,1500,0
1581,0,0.31792181608449266,0,12
1581,1,9.66818312558064e-10,300,6
1581,2,1.093189026456969e-05,600,12
1581,3,6.899179832800433e-06,900,19
1581,4,0.5035401378812546,1200,5
1581,5,0.9999999999861373,1500,0
1582,0,0.31792181608449266,0,12
1582,1,9.66818312558064e-10,300,5
1582,2,1.093189026456969e-05,600,12
1582,3,6.899179832800433e-06,900,14
1582,4,0.5035401378812546,1200,11
1582,5,0.9999999999800133,1500,0
1583,0,0.37778436031387835,0,13
1583,1,1.4404960482370485e-09,300,13
1583,2,1.093189026456969e-05,600,11
1583,3,6.899179832800433e-06,900,10
1583,4,0.6374495901227772,1200,7
1583,5,0.9999999999800133,1500,0
1584,0,0.42593870986544574,0,9
1584,1,1.4404960482370485e-09,300,14
1584,2,1.093189026456969e-05,600,12
1584,3,2.6993059041440735e-06,900,8
1584,4,0.6374495901227772,1200,9
1584,5,0.9999999999800133,1500,0
1585,0,0.42593870986544574,0,9
1585,1,1.4404960482370485e-09,300,10
1585,2,1.093189026456969e-05,600,9
1585,3,1.1066360542613438e-05,900,7
1585,4,0.6374495901227772,1200,19
1585,5,0.9999999999800133,1500,0
1586,0,0.42593870986544574,0,9
1586,1,1.4404960482370485e-09,300,8
1586,2,8.945058549804478e-06,600,12
1586,3,1.1066360542613438e-05,900,12
1586,4,0.6374495901227772,1200,13
1586,5,0.9999999999800133,1500,0
1587,0,0.42593870986544574,0,9
1587,1,2.115558585046282e-09,300,15
1587,2,7.131376199832048e-06,600,13
1587,3,1.1066360542613438e-05,900,7
1587,4,0.6374495901227772,1200,10
1587,5,0.9999999999708329,1500,0
1588,0,0.42593870986544574,0,9
1588,1,3.34677940473245e-09,300,13
1588,2,7.131376199832048e-06,600,17
1588,3,1.1066360542613438e-05,900,4
1588,4,0.5600527259402098,1200,11
1588,5,0.9999999999708329,1500,0
1589,0,0.42593870986544574,0,9
1589,1,3.34677940473245e-09,300,13
1589,2,8.397692557926151e-06,600,13
1589,3,1.1066360542613438e-05,900,8
1589,4,0.6207757818593362,1200,10
1589,5,0.9999999999708329,1500,0
1590,0,0.2734870256485447,0,9
1590,1,3.34677940473245e-09,300,8
1590,2,7.666334213684511e-06,600,18
1590,3,1.542809489298089e-05,900,7
1590,4,0.6207757818593362,1200,12
1590,5,0.9999999999708329,1500,0
1591,0,0.2957559419602434,0,6
1591,1,1.3934875242464686e-09,300,10
1591,2,7.666334213684511e-06,600,18
1591,3,1.542809489298089e-05,900,10
1591,4,0.6207757818593362,1200,9
1591,5,0.9999999999708329,1500,0
1592,0,0.1436641596958544,0,8
1592,1,1.3934875242464686e-09,300,14
1592,2,5.47579446442279e-06,600,14
1592,3,1.542809489298089e-05,900,8
1592,4,0.6207757818593362,1200,10
1592,5,0.9999999999708329,1500,0
1593,0,0.1436641596958544,0,6
1593,1,1.3934875242464686e-09,300,13
1593,2,2.9467048624842887e-06,600,11
1593,3,1.542809489298089e-05,900,6
1593,4,0.4814193888626112,1200,18
1593,5,0.9999999999832438,1500,0
1594,0,0.1436641596958544,0,11
1594,1,1.3934875242464686e-09,300,10
1594,2,2.9467048624842887e-06,600,17
1594,3,1.542809489298089e-05,900,6
1594,4,0.5602271607005145,1200,10
1594,5,0.9999999999815616,1500,0
1595,0,0.1436641596958544,0,12
1595,1,1.3934875242464686e-09,300,14
1595,2,6.512199067177333e-06,600,11
1595,3,1.542809489298089e-05,900,7
1595,4,0.5602271607005145,1200,10
1595,5,0.9999999999815616,1500,0
1596,0,0.1436641596958544,0,11
1596,1,1.3934875242464686e-09,300,4
1596,2,6.512199067177333e-06,600,15
1596,3,1.421399563852331e-05,900,13
1596,4,0.43958503086659056,1200,11
1596,5,0.9999999999758573,1500,0
1597,0,0.1436641596958544,0,5
1597,1,1.0722669246825894e-09,300,11
1597,2,7.211942942078742e-06,600,16
1597,3,1.421399563852331e-05,900,11
1597,4,0.6910806428632978,1200,10
1597,5,0.9999999999758573,1500,0
1598,0,0.1436641596958544,0,12
1598,1,1.2306739750823722e-09,300,13
1598,2,7.211942942078742e-06,600,9
1598,3,1.1961859269271409e-05,900,5
1598,4,0.8009293414496435,1200,15
1598,5,0.9999999999651943,1500,0
1599,0,0.08112288827271565,0,12
1599,1,1.2306739750823722e-09,300,12
1599,2,8.303064730146175e-06,600,15
1599,3,1.1961859269271409e-05,900,7
1599,4,0.9098106926024214,1200,7
1599,5,0.9999999999651943,1500,0
1600,0,0.08112288827271565,0,10
1600,1,1.3458873607688685e-09,300,15
1600,2,1.0584505084577245e-05,600,10
1600,3,4.813160618918935e-06,900,6
1600,4,0.9098106926024214,1200,12
1600,5,0.9999999999651943,1500,0
1601,0,0.08112288827271565,0,9
1601,1,6.859288012749885e-10,300,12
1601,2,1.0584505084577245e-05,600,11
1601,3,4.813160618918935e-06,900,4
1601,4,0.839165856195011,1200,15
1601,5,0.9999999999662792,1500,0
1602,0,0.20245746955114421,0,13
1602,1,6.646031159432104e-10,300,17
1602,2,1.0584505084577245e-05,600,13
1602,3,4.813160618918935e-06,900,5
1602,4,0.8052548467561861,1200,6
1602,5,0.9999999999662792,1500,0
1603,0,0.17420364358329848,0,16
1603,1,3.9058069314783146e-10,300,8
1603,2,1.0584505084577245e-05,600,21
1603,3,4.813160618918935e-06,900,6
1603,4,0.6878244516156801,1200,3
1603,5,0.9999999999662792,1500,0
1604,0,0.16073418178900217,0,10
1604,1,3.9058069314783146e-10,300,14
1604,2,1.0584505084577245e-05,600,20
1604,3,2.832623961368741e-06,900,4
1604,4,0.6579508158460148,1200,6
1604,5,0.9999999999514939,1500,0
1605,0,0.16073418178900217,0,11
1605,1,3.9058069314783146e-10,300,15
1605,2,9.77274588881663e-06,600,9
1605,3,9.068615216898435e-06,900,6
1605,4,0.6579508158460148,1200,11
1605,5,0.9999999999514939,1500,0
1606,0,0.14088422102863707,0,6
1606,1,3.9058069314783146e-10,300,11
1606,2,9.77274588881663e-06,600,8
1606,3,9.068615216898435e-06,900,15
1606,4,0.6579508158460148,1200,14
1606,5,0.999999999979406,1500,0
1607,0,0.14088422102863707,0,7
1607,1,2.843395496271725e-10,300,16
1607,2,8.750348281994512e-06,600,11
1607,3,1.0102218291801096e-05,900,4
1607,4,0.6579508158460148,1200,12
1607,5,0.999999999979406,1500,0
1608,0,0.14088422102863707,0,10
1608,1,2.843395496271725e-10,300,9
1608,2,8.750348281994512e-06,600,14
1608,3,3.887722015084053e-06,900,11
1608,4,0.48098107166228826,1200,10
1608,5,0.999999999979406,1500,0
1609,0,0.14088422102863707,0,10
1609,1,2.843395496271725e-10,300,11
1609,2,8.750348281994512e-06,600,17
1609,3,2.0893177380845583e-06,900,9
1609,4,0.26908689277108344,1200,7
1609,5,0.999999999979406,1500,0
1610,0,0.14088422102863707,0,4
1610,1,1.521818711574798e-10,300,10
1610,2,8.750348281994512e-06,600,28
1610,3,2.0893177380845583e-06,900,1
1610,4,0.26908689277108344,1200,10
1610,5,0.9999999999870499,1500,0
1611,0,0.1675990973008362,0,6
1611,1,1.521818711574798e-10,300,8
1611,2,8.750348281994512e-06,600,21
1611,3,1.3990187620497811e-06,900,8
1611,4,0.26908689277108344,1200,11
1611,5,0.9999999999876383,1500,0
1612,0,0.20054507976650443,0,8
1612,1,1.521818711574798e-10,300,7
1612,2,8.750348281994512e-06,600,20
1612,3,1.5864953951226344e-06,900,7
1612,4,0.20109993251486433,1200,10
1612,5,0.9999999999822484,1500,0
1613,0,0.20054507976650443,0,12
1613,1,1.521818711574798e-10,300,6
1613,2,1.3667320830842692e-05,600,16
1613,3,1.5864953951226344e-06,900,7
1613,4,0.08684006559197618,1200,13
1613,5,0.9999999999822484,1500,0
1614,0,0.18282550043660525,0,6
1614,1,1.521818711574798e-10,300,13
1614,2,1.0702785522396295e-05,600,17
1614,3,1.5864953951226344e-06,900,10
1614,4,0.07723717624795166,1200,8
1614,5,0.999999999980997,1500,0
1615,0,0.18282550043660525,0,7
1615,1,1.521818711574798e-10,300,12
1615,2,1.6308531380905746e-05,600,22
1615,3,5.628536648161661e-06,900,9
1615,4,0.07723717624795166,1200,4
1615,5,0.999999999980997,1500,0
1616,0,0.18282550043660525,0,6
1616,1,2.011175004437962e-10,300,3
1616,2,1.6308531380905746e-05,600,29
1616,3,5.628536648161661e-06,900,9
1616,4,0.07723717624795166,1200,7
1616,5,0.9999999999855158,1500,0
1617,0,0.1877588124679981,0,12
1617,1,1.9648213347783785e-10,300,11
1617,2,1.6308531380905746e-05,600,18
1617,3,5.628536648161661e-06,900,5
1617,4,0.07723717624795166,1200,8
1617,5,0.9999999999715128,1500,0
1618,0,0.22822278874082025,0,9
1618,1,4.3819985524885856e-11,300,10
1618,2,1.6308531380905746e-05,600,18
1618,3,5.628536648161661e-06,900,8
1618,4,0.07723717624795166,1200,9
1618,5,0.9999999999715128,1500,0
1619,0,0.22636018827399298,0,4
1619,1,4.3819985524885856e-11,300,11
1619,2,1.6308531380905746e-05,600,16
1619,3,1.5248381418962668e-05,900,11
1619,4,0.07723717624795166,1200,10
1619,5,0.9999999999715128,1500,0
1620,0,0.21999947878061732,0,10
1620,1,4.3819985524885856e-11,300,11
1620,2,3.216634228308289e-05,600,12
1620,3,1.5248381418962668e-05,900,12
1620,4,0.07723717624795166,1200,8
1620,5,0.9999999999715128,1500,0
1621,0,0.21999947878061732,0,12
1621,1,4.115627833762112e-11,300,13
1621,2,3.216634228308289e-05,600,16
1621,3,1.5248381418962668e-05,900,8
1621,4,0.04713231840738613,1200,5
1621,5,0.9999999999706679,1500,0
1622,0,0.21250475590661633,0,5
1622,1,1.976230828858333e-11,300,7
1622,2,3.216634228308289e-05,600,24
1622,3,1.5248381418962668e-05,900,12
1622,4,0.04713231840738613,1200,4
1622,5,0.9999999999706679,1500,0
1623,0,0.21250475590661633,0,12
1623,1,1.976230828858333e-11,300,6
1623,2,3.216634228308289e-05,600,17
1623,3,1.3042260426957328e-05,900,9
1623,4,0.04046998097558436,1200,8
1623,5,0.9999999999706679,1500,0
1624,0,0.21250475590661633,0,10
1624,1,1.976230828858333e-11,300,15
1624,2,5.593428558364299e-05,600,16
1624,3,1.3042260426957328e-05,900,5
1624,4,0.030702921606465546,1200,7
1624,5,0.9999999999706679,1500,0
1625,0,0.14246478890182931,0,10
1625,1,1.976230828858333e-11,300,9
1625,2,7.452514124584264e-05,600,20
1625,3,1.3042260426957328e-05,900,11
1625,4,0.030702921606465546,1200,4
1625,5,0.9999999999706679,1500,0
1626,0,0.2599197009944534,0,8
1626,1,1.67147962505749e-11,300,12
1626,2,0.00010011168874041461,600,20
1626,3,1.3042260426957328e-05,900,9
1626,4,0.030702921606465546,1200,5
1626,5,0.9999999999706679,1500,0
1627,0,0.10525955926263561,0,12
1627,1,1.67147962505749e-11,300,5
1627,2,0.00010011168874041461,600,13
1627,3,1.3042260426957328e-05,900,12
1627,4,0.030702921606465546,1200,7
1627,5,0.9999999999706679,1500,0
1628,0,0.09306272064279933,0,7
1628,1,1.5225174722360474e-11,300,6
1628,2,8.377925059896272e-05,600,25
1628,3,1.3042260426957328e-05,900,7
1628,4,0.033932445072467045,1200,9
1628,5,0.9999999999706679,1500,0
1629,0,0.06792345731166087,0,10
1629,1,1.5225174722360474e-11,300,10
1629,2,8.377925059896272e-05,600,21
1629,3,1.3042260426957328e-05,900,5
1629,4,0.033932445072467045,1200,7
1629,5,0.9999999999507654,1500,0
1630,0,0.06792345731166087,0,8
1630,1,1.5225174722360474e-11,300,10
1630,2,6.729204500026261e-05,600,19
1630,3,1.3042260426957328e-05,900,7
1630,4,0.04785228190814445,1200,10
1630,5,0.999999999978153,1500,0
1631,0,0.06159632944327204,0,5
1631,1,1.7927035247090996e-11,300,4
1631,2,6.729204500026261e-05,600,26
1631,3,2.0717225580940952e-05,900,10
1631,4,0.04785228190814445,1200,6
1631,5,0.999999999978153,1500,0
1632,0,0.06159632944327204,0,10
1632,1,1.6411750346616862e-11,300,6
1632,2,6.729204500026261e-05,600,20
1632,3,2.0717225580940952e-05,900,9
1632,4,0.04785228190814445,1200,9
1632,5,0.9999999999813509,1500,0
1633,0,0.06159632944327204,0,12
1633,1,1.3675716986951493e-11,300,7
1633,2,6.729204500026261e-05,600,21
1633,3,1.0664891099535547e-05,900,10
1633,4,0.04785228190814445,1200,4
1633,5,0.9999999999813509,1500,0
1634,0,0.06159632944327204,0,9
1634,1,2.1611883786032246e-11,300,11
1634,2,6.729204500026261e-05,600,21
1634,3,7.491666798592546e-06,900,6
1634,4,0.05540110871222747,1200,7
1634,5,0.9999999999813509,1500,0
1635,0,0.06159632944327204,0,9
1635,1,2.1611883786032246e-11,300,11
1635,2,3.749482049373733e-05,600,20
1635,3,4.9592928924986984e-06,900,5
1635,4,0.05540110871222747,1200,6
1635,5,0.9999999999716669,1500,0
1636,0,0.07913803747006223,0,6
1636,1,2.1611883786032246e-11,300,7
1636,2,2.1090954202011004e-05,600,24
1636,3,4.9592928924986984e-06,900,11
1636,4,0.0587745675248465,1200,6
1636,5,0.9999999999716669,1500,0
1637,0,0.07913803747006223,0,5
1637,1,2.1611883786032246e-11,300,15
1637,2,2.1090954202011004e-05,600,17
1637,3,1.1047187748584572e-05,900,9
1637,4,0.09183978918008942,1200,6
1637,5,0.9999999999658233,1500,0
1638,0,0.03190393184271124,0,3
1638,1,1.7712786867219504e-11,300,8
1638,2,2.1090954202011004e-05,600,27
1638,3,1.2905163906572814e-05,900,9
1638,4,0.09183978918008942,1200,6
1638,5,0.9999999999658233,1500,0
1639,0,0.03111479809571929,0,12
1639,1,1.7712786867219504e-11,300,8
1639,2,1.736072418338103e-05,600,14
1639,3,1.2905163906572814e-05,900,6
1639,4,0.14165322914242567,1200,11
1639,5,0.9999999999658233,1500,0
1640,0,0.024660981912171986,0,5
1640,1,1.7712786867219504e-11,300,5
1640,2,1.736072418338103e-05,600,23
1640,3,1.2905163906572814e-05,900,9
1640,4,0.14165322914242567,1200,11
1640,5,0.9999999999597131,1500,0
1641,0,0.027003727168596198,0,6
1641,1,1.7712786867219504e-11,300,11
1641,2,1.102737945749461e-05,600,21
1641,3,2.4906773539081834e-05,900,10
1641,4,0.14165322914242567,1200,5
1641,5,0.9999999999597131,1500,0
1642,0,0.027003727168596198,0,4
1642,1,1.6124859558728378e-11,300,7
1642,2,1.102737945749461e-05,600,22
1642,3,2.258120602412e-05,900,13
1642,4,0.1666394323130039,1200,6
1642,5,0.9999999999597131,1500,0
1643,0,0.037930102201271014,0,5
1643,1,1.6124859558728378e-11,300,9
1643,2,1.102737945749461e-05,600,17
1643,3,2.258120602412e-05,900,11
1643,4,0.1666394323130039,1200,12
1643,5,0.9999999999581219,1500,0
1644,0,0.04878660964740213,0,3
1644,1,1.6124859558728378e-11,300,10
1644,2,1.393485406759568e-05,600,22
1644,3,1.8184625728287253e-05,900,9
1644,4,0.1666394323130039,1200,10
1644,5,0.9999999999581219,1500,0
1645,0,0.04878660964740213,0,10
1645,1,1.6124859558728378e-11,300,6
1645,2,1.393485406759568e-05,600,17
1645,3,2.376133929113249e-05,900,10
1645,4,0.2838375623085887,1200,11
1645,5,0.9999999999581219,1500,0
1646,0,0.04369224033821186,0,6
1646,1,1.6124859558728378e-11,300,11
1646,2,1.393485406759568e-05,600,19
1646,3,2.0394254023527414e-05,900,9
1646,4,0.30679073647548816,1200,7
1646,5,0.9999999999581219,1500,0
1647,0,0.020843335631875924,0,9
1647,1,1.431943302056376e-11,300,9
1647,2,1.393485406759568e-05,600,21
1647,3,2.5896175324074524e-05,900,3
1647,4,0.30679073647548816,1200,12
1647,5,0.9999999999581219,1500,0
1648,0,0.020843335631875924,0,4
1648,1,1.4730618248427036e-11,300,13
1648,2,1.3837643163699031e-05,600,14
1648,3,2.5896175324074524e-05,900,8
1648,4,0.30679073647548816,1200,15
1648,5,0.9999999999581219,1500,0
1649,0,0.018152994766920047,0,11
1649,1,1.4730618248427036e-11,300,13
1649,2,9.154144432682715e-06,600,15
1649,3,2.5896175324074524e-05,900,5
1649,4,0.2671831860450078,1200,10
1649,5,0.9999999999581219,1500,0
1650,0,0.018152994766920047,0,5
1650,1,1.0750306391189634e-11,300,11
1650,2,9.154144432682715e-06,600,16
1650,3,2.7396520147106003e-05,900,7
1650,4,0.2671831860450078,1200,14
1650,5,0.999999999967147,1500,0
1651,0,0.018152994766920047,0,6
1651,1,1.0750306391189634e-11,300,8
1651,2,4.782532000990973e-06,600,27
1651,3,2.7396520147106003e-05,900,5
1651,4,0.2671831860450078,1200,5
1651,5,0.9999999999623164,1500,0
1652,0,0.018152994766920047,0,1
1652,1,9.994376812339283e-12,300,15
1652,2,5.822760694415918e-06,600,14
1652,3,2.7396520147106003e-05,900,7
1652,4,0.37971058228166943,1200,15
1652,5,0.9999999999623164,1500,0
1653,0,0.006937692115660827,0,5
1653,1,7.261074842091358e-12,300,13
1653,2,5.822760694415918e-06,600,24
1653,3,3.4648623823073375e-05,900,5
1653,4,0.37971058228166943,1200,7
1653,5,0.9999999999623164,1500,0
1654,0,0.0059316285868794985,0,4
1654,1,7.261074842091358e-12,300,6
1654,2,5.822760694415918e-06,600,17
1654,3,3.4648623823073375e-05,900,9
1654,4,0.24206757434929696,1200,18
1654,5,0.9999999999623164,1500,0
1655,0,0.011455799836161004,0,12
1655,1,7.261074842091358e-12,300,8
1655,2,3.658668889935952e-06,600,12
1655,3,3.4648623823073375e-05,900,6
1655,4,0.24206757434929696,1200,14
1655,5,0.9999999999623164,1500,0
1656,0,0.01251410299087261,0,12
1656,1,1.0022031929981253e-11,300,3
1656,2,3.658668889935952e-06,600,22
1656,3,8.743785593186477e-05,900,6
1656,4,0.24206757434929696,1200,11
1656,5,0.9999999999623164,1500,0
1657,0,0.01251410299087261,0,8
1657,1,1.0022031929981253e-11,300,8
1657,2,3.96812731168259e-06,600,14
1657,3,8.743785593186477e-05,900,16
1657,4,0.2742666523981352,1200,8
1657,5,0.9999999999327491,1500,0
1658,0,0.010345114565818556,0,7
1658,1,1.0022031929981253e-11,300,5
1658,2,3.96812731168259e-06,600,21
1658,3,0.00011929680874193168,900,11
1658,4,0.33181828838941674,1200,10
1658,5,0.9999999999327491,1500,0
1659,0,0.01245261063557519,0,12
1659,1,7.427847344972687e-12,300,9
1659,2,3.96812731168259e-06,600,14
1659,3,0.00011929680874193168,900,10
1659,4,0.41323337200885785,1200,9
1659,5,0.9999999999327491,1500,0
1660,0,0.03021092785854449,0,9
1660,1,7.427847344972687e-12,300,9
1660,2,3.5290953015581782e-06,600,19
1660,3,0.00011929680874193168,900,6
1660,4,0.41323337200885785,1200,11
1660,5,0.9999999999327491,1500,0
1661,0,0.03021092785854449,0,4
1661,1,7.427847344972687e-12,300,7
1661,2,1.1786139067153666e-06,600,19
1661,3,0.00011929680874193168,900,16
1661,4,0.41323337200885785,1200,6
1661,5,0.9999999998686193,1500,0
1662,0,0.03021092785854449,0,7
1662,1,1.2622292571561333e-11,300,6
1662,2,1.1786139067153666e-06,600,26
1662,3,8.161233462454437e-05,900,4
1662,4,0.41323337200885785,1200,10
1662,5,0.9999999998382676,1500,0
1663,0,0.03021092785854449,0,7
1663,1,7.711967420895694e-12,300,19
1663,2,1.1786139067153666e-06,600,12
1663,3,8.161233462454437e-05,900,7
1663,4,0.4539054616052086,1200,8
1663,5,0.9999999998706921,1500,0
1664,0,0.015301398861060926,0,9
1664,1,7.711967420895694e-12,300,12
1664,2,1.1786139067153666e-06,600,20
1664,3,5.633941097613743e-05,900,6
1664,4,0.4539054616052086,1200,5
1664,5,0.9999999998706921,1500,0
1665,0,0.015301398861060926,0,7
1665,1,7.711967420895694e-12,300,6
1665,2,4.422647420929015e-07,600,18
1665,3,5.633941097613743e-05,900,13
1665,4,0.4539054616052086,1200,10
1665,5,0.9999999998706921,1500,0
1666,0,0.015301398861060926,0,8
1666,1,7.711967420895694e-12,300,10
1666,2,4.422647420929015e-07,600,25
1666,3,0.00011427871436524477,900,4
1666,4,0.4539054616052086,1200,7
1666,5,0.9999999998706921,1500,0
1667,0,0.013204248039186019,0,10
1667,1,7.711967420895694e-12,300,9
1667,2,4.5257811464414006e-07,600,25
1667,3,0.00011427871436524477,900,3
1667,4,0.4355677672810688,1200,6
1667,5,0.9999999996660764,1500,0
1668,0,0.013204248039186019,0,7
1668,1,1.221822167997056e-11,300,8
1668,2,3.658543687717446e-07,600,20
1668,3,7.698302148033287e-05,900,6
1668,4,0.4355677672810688,1200,12
1668,5,0.9999999996660764,1500,0
1669,0,0.013204248039186019,0,12
1669,1,1.221822167997056e-11,300,14
1669,2,4.603442520048494e-07,600,14
1669,3,6.38802089569872e-05,900,8
1669,4,0.5382946692447519,1200,6
1669,5,0.9999999996660764,1500,0
1670,0,0.013204248039186019,0,7
1670,1,8.146590657568522e-12,300,13
1670,2,4.603442520048494e-07,600,14
1670,3,6.38802089569872e-05,900,11
1670,4,0.5382946692447519,1200,9
1670,5,0.9999999996215567,1500,0
1671,0,0.013204248039186019,0,4
1671,1,4.513893291756807e-12,300,13
1671,2,1.0260520503178514e-06,600,13
1671,3,6.38802089569872e-05,900,8
1671,4,0.5382946692447519,1200,15
1671,5,0.9999999994754032,1500,0
1672,0,0.017690301213771707,0,13
1672,1,4.202905283126378e-12,300,9
1672,2,1.0260520503178514e-06,600,18
1672,3,4.9780017366583656e-05,900,5
1672,4,0.509297876888242,1200,9
1672,5,0.9999999994754032,1500,0
1673,0,0.017690301213771707,0,6
1673,1,3.6627693475145284e-12,300,13
1673,2,9.918382613371538e-07,600,8
1673,3,4.9780017366583656e-05,900,10
1673,4,0.509297876888242,1200,16
1673,5,0.9999999997834688,1500,0
1674,0,0.035365203417470875,0,9
1674,1,2.0998554258685426e-12,300,10
1674,2,9.918382613371538e-07,600,10
1674,3,4.9780017366583656e-05,900,12
1674,4,0.509297876888242,1200,13
1674,5,0.9999999997834688,1500,0
1675,0,0.030899583248998743,0,7
1675,1,1.735936615321156e-12,300,15
1675,2,9.918382613371538e-07,600,15
1675,3,4.9780017366583656e-05,900,7
1675,4,0.3736387293902513,1200,10
1675,5,0.9999999997834688,1500,0
1676,0,0.030899583248998743,0,3
1676,1,1.735936615321156e-12,300,9
1676,2,9.918382613371538e-07,600,18
1676,3,4.9780017366583656e-05,900,12
1676,4,0.3151671413356816,1200,11
1676,5,0.9999999993336246,1500,0
1677,0,0.030899583248998743,0,9
1677,1,2.551143063193347e-12,300,9
1677,2,9.918382613371538e-07,600,23
1677,3,4.9780017366583656e-05,900,8
1677,4,0.3151671413356816,1200,5
1677,5,0.9999999995279074,1500,0
1678,0,0.04084294300398027,0,12
1678,1,6.8439738052010295e-12,300,13
1678,2,9.918382613371538e-07,600,16
1678,3,4.9780017366583656e-05,900,8
1678,4,0.3151671413356816,1200,5
1678,5,0.9999999997478217,1500,0
1679,0,0.03407738084291124,0,6
1679,1,6.9951017816960325e-12,300,11
1679,2,9.918382613371538e-07,600,18
1679,3,4.9780017366583656e-05,900,9
1679,4,0.31860057320737384,1200,10
1679,5,0.9999999997478217,1500,0
1680,0,0.029519462307502173,0,6
1680,1,4.841939728162188e-12,300,7
1680,2,9.918382613371538e-07,600,16
1680,3,4.924744343105934e-05,900,11
1680,4,0.29794254242468915,1200,12
1680,5,0.9999999997952382,1500,0
1681,0,0.029519462307502173,0,8
1681,1,4.841939728162188e-12,300,10
1681,2,1.5370698640921534e-06,600,19
1681,3,3.9790139396495435e-05,900,10
1681,4,0.35666241869511217,1200,6
1681,5,0.9999999997952382,1500,0
1682,0,0.031235794857135627,0,8
1682,1,4.841939728162188e-12,300,13
1682,2,1.5370698640921534e-06,600,12
1682,3,5.3736819505242355e-05,900,4
1682,4,0.35666241869511217,1200,17
1682,5,0.9999999998272053,1500,0
1683,0,0.027669083719574942,0,5
1683,1,4.841939728162188e-12,300,9
1683,2,1.5370698640921534e-06,600,26
1683,3,9.02770968663011e-05,900,7
1683,4,0.3034386909270203,1200,7
1683,5,0.9999999998272053,1500,0
1684,0,0.027669083719574942,0,6
1684,1,5.917286252943796e-12,300,9
1684,2,1.5370698640921534e-06,600,18
1684,3,7.258543518904807e-05,900,11
1684,4,0.3034386909270203,1200,10
1684,5,0.9999999998272053,1500,0
1685,0,0.027669083719574942,0,4
1685,1,5.917286252943796e-12,300,10
1685,2,1.5370698640921534e-06,600,27
1685,3,0.00010792410562209117,900,10
1685,4,0.21204020567668355,1200,2
1685,5,0.9999999998272053,1500,0
1686,0,0.027669083719574942,0,10
1686,1,5.917286252943796e-12,300,9
1686,2,1.8857027135803853e-06,600,28
1686,3,0.0001146037512090024,900,4
1686,4,0.21204020567668355,1200,2
1686,5,0.9999999997933551,1500,0
1687,0,0.022127872038829325,0,5
1687,1,5.183947472828632e-12,300,15
1687,2,1.8857027135803853e-06,600,16
1687,3,0.0001146037512090024,900,5
1687,4,0.21204020567668355,1200,12
1687,5,0.9999999997933551,1500,0
1688,0,0.02184863879664203,0,9
1688,1,5.183947472828632e-12,300,15
1688,2,1.8857027135803853e-06,600,16
1688,3,0.0001146037512090024,900,7
1688,4,0.19253531326448298,1200,5
1688,5,0.9999999998390536,1500,0
1689,0,0.026562879632369828,0,12
1689,1,5.183947472828632e-12,300,10
1689,2,1.8857027135803853e-06,600,14
1689,3,0.0001146037512090024,900,11
1689,4,0.23291104947411587,1200,6
1689,5,0.9999999997388287,1500,0
1690,0,0.0423265945731477,0,8
1690,1,5.183947472828632e-12,300,6
1690,2,1.8667553470710654e-06,600,23
1690,3,0.0001146037512090024,900,6
1690,4,0.23291104947411587,1200,8
1690,5,0.9999999996781888,1500,0
1691,0,0.0423265945731477,0,7
1691,1,5.183947472828632e-12,300,8
1691,2,1.8667553470710654e-06,600,22
1691,3,7.536558236070539e-05,900,9
1691,4,0.19426392022691547,1200,7
1691,5,0.9999999997790086,1500,0
1692,0,0.0423265945731477,0,2
1692,1,7.004324274161949e-12,300,9
1692,2,2.692316474633151e-06,600,28
1692,3,0.00010734499690921232,900,12
1692,4,0.23132829727397283,1200,1
1692,5,0.9999999997790086,1500,0
1693,0,0.03369286298662899,0,4
1693,1,7.004324274161949e-12,300,12
1693,2,2.692316474633151e-06,600,28
1693,3,9.677844664324969e-05,900,3
1693,4,0.1405346310796623,1200,7
1693,5,0.9999999997948117,1500,0
1694,0,0.03795055534855681,0,6
1694,1,7.004324274161949e-12,300,18
1694,2,1.4842264546095911e-06,600,12
1694,3,9.11093343578176e-05,900,9
1694,4,0.1405346310796623,1200,9
1694,5,0.9999999998411948,1500,0
1695,0,0.03795055534855681,0,13
1695,1,7.004324274161949e-12,300,7
1695,2,1.836761285737007e-06,600,20
1695,3,6.597490172190247e-05,900,7
1695,4,0.1405346310796623,1200,7
1695,5,0.9999999998411948,1500,0
1696,0,0.02648790728966346,0,5
1696,1,7.004324274161949e-12,300,12
1696,2,3.959576873358281e-06,600,24
1696,3,6.597490172190247e-05,900,7
1696,4,0.1405346310796623,1200,6
1696,5,0.9999999998411948,1500,0
1697,0,0.023950018144587405,0,8
1697,1,7.004324274161949e-12,300,14
1697,2,3.959576873358281e-06,600,14
1697,3,6.597490172190247e-05,900,14
1697,4,0.09444453853689709,1200,4
1697,5,0.9999999998411948,1500,0
1698,0,0.023950018144587405,0,6
1698,1,5.324155641639387e-12,300,9
1698,2,1.1926000899328286e-05,600,17
1698,3,6.597490172190247e-05,900,12
1698,4,0.11077836780413279,1200,10
1698,5,0.9999999998411948,1500,0
1699,0,0.02747138574312306,0,7
1699,1,3.948359972462642e-12,300,16
1699,2,1.1926000899328286e-05,600,16
1699,3,4.810282941647861e-05,900,8
1699,4,0.18267656942801236,1200,5
1699,5,0.9999999998411948,1500,0
1700,0,0.03206552927355217,0,5
1700,1,3.948359972462642e-12,300,13
1700,2,1.1926000899328286e-05,600,21
1700,3,4.810282941647861e-05,900,13
1700,4,0.16111884887436356,1200,2
1700,5,0.9999999998219822,1500,0
1701,0,0.03206552927355217,0,9
1701,1,2.5968357806301807e-12,300,11
1701,2,1.1926000899328286e-05,600,21
1701,3,4.810282941647861e-05,900,9
1701,4,0.10234883088748845,1200,4
1701,5,0.9999999998219822,1500,0
1702,0,0.03445535607555547,0,6
1702,1,2.5968357806301807e-12,300,11
1702,2,1.1926000899328286e-05,600,17
1702,3,4.810282941647861e-05,900,11
1702,4,0.10234883088748845,1200,9
1702,5,0.9999999995645295,1500,0
1703,0,0.03445535607555547,0,6
1703,1,2.5968357806301807e-12,300,8
1703,2,7.940562212338006e-06,600,24
1703,3,4.622849073738851e-05,900,10
1703,4,0.10234883088748845,1200,6
1703,5,0.9999999995645295,1500,0
1704,0,0.03445535607555547,0,5
1704,1,2.451492374522037e-12,300,8
1704,2,8.920785204321525e-06,600,23
1704,3,4.622849073738851e-05,900,6
1704,4,0.05821819866130436,1200,12
1704,5,0.9999999995645295,1500,0
1705,0,0.052017834106025194,0,3
1705,1,2.451492374522037e-12,300,5
1705,2,8.920785204321525e-06,600,26
1705,3,4.622849073738851e-05,900,9
1705,4,0.08854343040468902,1200,8
1705,5,0.9999999995645295,1500,0
1706,0,0.034319567199511514,0,8
1706,1,2.451492374522037e-12,300,9
1706,2,3.6072650184535473e-06,600,20
1706,3,4.6004636277996994e-05,900,9
1706,4,0.08854343040468902,1200,8
1706,5,0.9999999994959026,1500,0
1707,0,0.034319567199511514,0,10
1707,1,1.540804660279097e-12,300,9
1707,2,4.880939578025553e-06,600,21
1707,3,4.6004636277996994e-05,900,9
1707,4,0.08854343040468902,1200,5
1707,5,0.9999999997805387,1500,0
1708,0,0.034319567199511514,0,5
1708,1,1.1401442970905369e-12,300,10
1708,2,5.188756522539369e-06,600,23
1708,3,4.6004636277996994e-05,900,11
1708,4,0.08854343040468902,1200,5
1708,5,0.9999999998870286,1500,0
1709,0,0.03691957417884977,0,9
1709,1,1.1401442970905369e-12,300,3
1709,2,5.188756522539369e-06,600,25
1709,3,4.992526636624181e-05,900,6
1709,4,0.08854343040468902,1200,9
1709,5,0.9999999998870286,1500,0
1710,0,0.014493482253535016,0,3
1710,1,1.1401442970905369e-12,300,5
1710,2,5.188756522539369e-06,600,27
1710,3,2.552533736524669e-05,900,10
1710,4,0.08854343040468902,1200,6
1710,5,0.9999999998870286,1500,0
1711,0,0.014493482253535016,0,1
1711,1,1.1401442970905369e-12,300,11
1711,2,9.477121121966954e-06,600,19
1711,3,2.552533736524669e-05,900,11
1711,4,0.11160280051610676,1200,11
1711,5,0.9999999999089744,1500,0
1712,0,0.014493482253535016,0,5
1712,1,1.1401442970905369e-12,300,4
1712,2,9.477121121966954e-06,600,26
1712,3,2.29729279629068e-05,900,10
1712,4,0.12217077589853938,1200,8
1712,5,0.9999999999122897,1500,0
1713,0,0.014493482253535016,0,9
1713,1,1.1401442970905369e-12,300,8
1713,2,1.2326468427985046e-05,600,18
1713,3,2.29729279629068e-05,900,5
1713,4,0.12217077589853938,1200,13
1713,5,0.9999999998813316,1500,0
1714,0,0.024062207005802156,0,7
1714,1,1.3180382345107004e-12,300,12
1714,2,8.523988559363928e-06,600,17
1714,3,2.29729279629068e-05,900,9
1714,4,0.12217077589853938,1200,6
1714,5,0.9999999998813316,1500,0
1715,0,0.024062207005802156,0,5
1715,1,2.094717713177836e-12,300,11
1715,2,8.523988559363928e-06,600,20
1715,3,2.29729279629068e-05,900,13
1715,4,0.14325138477540583,1200,4
1715,5,0.9999999998813316,1500,0
1716,0,0.03503598547085415,0,5
1716,1,2.094717713177836e-12,300,9
1716,2,8.523988559363928e-06,600,25
1716,3,2.29729279629068e-05,900,8
1716,4,0.14325138477540583,1200,7
1716,5,0.9999999999396361,1500,0
1717,0,0.09297940430965959,0,12
1717,1,2.6282421298963346e-12,300,8
1717,2,8.523988559363928e-06,600,11
1717,3,2.29729279629068e-05,900,7
1717,4,0.14325138477540583,1200,16
1717,5,0.9999999999396361,1500,0
1718,0,0.2883454200796451,0,9
1718,1,2.6282421298963346e-12,300,17
1718,2,8.523988559363928e-06,600,12
1718,3,2.29729279629068e-05,900,8
1718,4,0.14325138477540583,1200,8
1718,5,0.9999999999396361,1500,0
1719,0,0.2936706152041813,0,11
1719,1,4.783761615755475e-12,300,8
1719,2,8.523988559363928e-06,600,16
1719,3,2.29729279629068e-05,900,8
1719,4,0.1547153793071002,1200,11
1719,5,0.9999999999166158,1500,0
1720,0,0.2936706152041813,0,4
1720,1,4.783761615755475e-12,300,11
1720,2,8.523988559363928e-06,600,21
1720,3,1.968621739681422e-05,900,10
1720,4,0.13557143953072,1200,8
1720,5,0.9999999999166158,1500,0
1721,0,0.2936706152041813,0,6
1721,1,1.892157391026038e-12,300,9
1721,2,1.0910519019083983e-05,600,15
1721,3,2.844847615118432e-05,900,11
1721,4,0.13557143953072,1200,13
1721,5,0.9999999999166158,1500,0
1722,0,0.2936706152041813,0,15
1722,1,1.7717891974864592e-12,300,5
1722,2,8.462923316418388e-06,600,13
1722,3,2.4185938206243235e-05,900,15
1722,4,0.146929385641873,1200,5
1722,5,0.9999999999166158,1500,0
1723,0,0.2936706152041813,0,13
1723,1,1.7717891974864592e-12,300,18
1723,2,9.311403579780415e-06,600,8
1723,3,2.4185938206243235e-05,900,5
1723,4,0.17583573773539135,1200,10
1723,5,0.9999999999166158,1500,0
1724,0,0.1958699507714242,0,12
1724,1,1.7717891974864592e-12,300,10
1724,2,9.311403579780415e-06,600,19
1724,3,1.8714236201173672e-05,900,7
1724,4,0.17583573773539135,1200,5
1724,5,0.9999999999166158,1500,0
1725,0,0.1958699507714242,0,7
1725,1,2.015100054625509e-12,300,9
1725,2,9.311403579780415e-06,600,25
1725,3,6.0616385233423575e-05,900,6
1725,4,0.17583573773539135,1200,7
1725,5,0.9999999999166158,1500,0
1726,0,0.11287325832142177,0,7
1726,1,2.015100054625509e-12,300,8
1726,2,9.311403579780415e-06,600,20
1726,3,4.478010456169053e-05,900,12
1726,4,0.14596065417792867,1200,6
1726,5,0.9999999999166158,1500,0
1727,0,0.11287325832142177,0,5
1727,1,2.015100054625509e-12,300,10
1727,2,1.615519256821391e-05,600,28
1727,3,4.478010456169053e-05,900,9
1727,4,0.14596065417792867,1200,2
1727,5,0.9999999999166158,1500,0
1728,0,0.11287325832142177,0,10
1728,1,2.015100054625509e-12,300,12
1728,2,1.615519256821391e-05,600,22
1728,3,4.0624999461166135e-05,900,5
1728,4,0.10677742660040881,1200,4
1728,5,0.999999999844174,1500,0
1729,0,0.11287325832142177,0,8
1729,1,2.015100054625509e-12,300,7
1729,2,1.615519256821391e-05,600,18
1729,3,4.0624999461166135e-05,900,11
1729,4,0.2269441388604925,1200,8
1729,5,0.9999999999166354,1500,0
1730,0,0.11287325832142177,0,14
1730,1,2.015100054625509e-12,300,8
1730,2,1.7348653371868484e-05,600,15
1730,3,4.0624999461166135e-05,900,5
1730,4,0.2601369521647739,1200,12
1730,5,0.9999999999073446,1500,0
1731,0,0.0812404491347878,0,6
1731,1,2.015100054625509e-12,300,13
1731,2,1.1514902523460882e-05,600,24
1731,3,4.0624999461166135e-05,900,4
1731,4,0.2601369521647739,1200,7
1731,5,0.999999999902246,1500,0
1732,0,0.0812404491347878,0,6
1732,1,2.015100054625509e-12,300,10
1732,2,1.560666337159829e-05,600,15
1732,3,3.749625327297705e-05,900,10
1732,4,0.23681139983016006,1200,12
1732,5,0.999999999902246,1500,0
1733,0,0.0812404491347878,0,9
1733,1,2.015100054625509e-12,300,12
1733,2,1.2921243811669913e-05,600,21
1733,3,1.9528813383162927e-05,900,4
1733,4,0.23199030655748365,1200,8
1733,5,0.999999999902246,1500,0
1734,0,0.0812404491347878,0,6
1734,1,2.015100054625509e-12,300,12
1734,2,9.788391499778776e-06,600,13
1734,3,1.9528813383162927e-05,900,10
1734,4,0.4602440834514056,1200,13
1734,5,0.9999999999449665,1500,0
1735,0,0.06892449100340131,0,6
1735,1,2.015100054625509e-12,300,17
1735,2,9.788391499778776e-06,600,13
1735,3,1.9528813383162927e-05,900,13
1735,4,0.4194430295205253,1200,5
1735,5,0.999999999924807,1500,0
1736,0,0.06892449100340131,0,4
1736,1,2.015100054625509e-12,300,16
1736,2,9.788391499778776e-06,600,16
1736,3,2.189362961425971e-05,900,6
1736,4,0.4492233437443538,1200,12
1736,5,0.9999999999199884,1500,0
1737,0,0.06892449100340131,0,6
1737,1,2.015100054625509e-12,300,12
1737,2,1.3034377544323173e-05,600,15
1737,3,2.189362961425971e-05,900,10
1737,4,0.4478014616510972,1200,11
1737,5,0.9999999999199884,1500,0
1738,0,0.06399287672875452,0,10
1738,1,2.015100054625509e-12,300,6
1738,2,1.3745265481797646e-05,600,14
1738,3,2.2612128696534525e-05,900,11
1738,4,0.4478014616510972,1200,12
1738,5,0.9999999999199884,1500,0
1739,0,0.059457982978905234,0,9
1739,1,2.015100054625509e-12,300,10
1739,2,9.525929785455159e-06,600,15
1739,3,2.5287593688399125e-05,900,4
1739,4,0.5184685028161031,1200,16
1739,5,0.9999999999199884,1500,0
1740,0,0.059457982978905234,0,4
1740,1,1.3558522178102614e-12,300,15
1740,2,9.525929785455159e-06,600,14
1740,3,2.5287593688399125e-05,900,11
1740,4,0.48918896880473783,1200,8
1740,5,0.9999999999459335,1500,0
1741,0,0.059457982978905234,0,10
1741,1,1.3558522178102614e-12,300,6
1741,2,3.2410690593308243e-06,600,20
1741,3,3.631948440344166e-05,900,8
1741,4,0.48918896880473783,1200,8
1741,5,0.9999999999515552,1500,0
1742,0,0.08715069080581572,0,10
1742,1,1.3558522178102614e-12,300,15
1742,2,3.956489633687243e-06,600,14
1742,3,3.631948440344166e-05,900,6
1742,4,0.5654124085378696,1200,7
1742,5,0.9999999999515552,1500,0
1743,0,0.08715069080581572,0,8
1743,1,1.3558522178102614e-12,300,18
1743,2,3.4464540177221645e-06,600,16
1743,3,4.489305753737191e-05,900,6
1743,4,0.5825703297641021,1200,6
1743,5,0.9999999999515552,1500,0
1744,0,0.08715069080581572,0,7
1744,1,1.3526340959819116e-12,300,11
1744,2,4.541136136616414e-06,600,15
1744,3,5.606174294295448e-05,900,8
1744,4,0.5825703297641021,1200,13
1744,5,0.999999999960417,1500,0
1745,0,0.11809491919235723,0,12
1745,1,6.829372607339095e-13,300,10
1745,2,4.541136136616414e-06,600,14
1745,3,5.606174294295448e-05,900,10
1745,4,0.5776854361955263,1200,8
1745,5,0.999999999960417,1500,0
1746,0,0.13873553635389343,0,10
1746,1,5.572647623072724e-13,300,11
1746,2,4.541136136616414e-06,600,18
1746,3,5.606174294295448e-05,900,5
1746,4,0.5776854361955263,1200,7
1746,5,0.9999999999267088,1500,0
1747,0,0.11057233744564973,0,5
1747,1,5.572647623072724e-13,300,11
1747,2,2.8875837391543765e-06,600,17
1747,3,0.00010761188142413608,900,10
1747,4,0.5776854361955263,1200,11
1747,5,0.9999999999155675,1500,0
1748,0,0.07951523685225356,0,11
1748,1,5.572647623072724e-13,300,11
1748,2,2.8875837391543765e-06,600,7
1748,3,0.00018513078897060037,900,3
1748,4,0.5776854361955263,1200,22
1748,5,0.9999999999257452,1500,0
1749,0,0.10179415497301213,0,16
1749,1,4.24504464647003e-13,300,7
1749,2,3.612689372126785e-06,600,11
1749,3,0.00018513078897060037,900,6
1749,4,0.5776854361955263,1200,14
1749,5,0.999999999939255,1500,0
1750,0,0.10179415497301213,0,8
1750,1,4.24504464647003e-13,300,7
1750,2,3.612689372126785e-06,600,18
1750,3,0.00018513078897060037,900,9
1750,4,0.2883757408302141,1200,12
1750,5,0.999999999939255,1500,0
1751,0,0.10179415497301213,0,12
1751,1,4.24504464647003e-13,300,15
1751,2,3.612689372126785e-06,600,10
1751,3,0.00015034771679653446,900,6
1751,4,0.4298506083729433,1200,11
1751,5,0.999999999939255,1500,0
1752,0,0.10179415497301213,0,10
1752,1,4.24504464647003e-13,300,7
1752,2,3.612689372126785e-06,600,19
1752,3,0.000106971158566461,900,11
1752,4,0.4298506083729433,1200,7
1752,5,0.9999999999739335,1500,0
1753,0,0.08222737351647644,0,4
1753,1,4.24504464647003e-13,300,12
1753,2,6.081739635960685e-06,600,20
1753,3,0.000106971158566461,900,10
1753,4,0.4298506083729433,1200,8
1753,5,0.9999999999739335,1500,0
1754,0,0.14464409338112152,0,14
1754,1,4.853389023516068e-13,300,5
1754,2,6.081739635960685e-06,600,20
1754,3,0.00016270568286191146,900,6
1754,4,0.4298506083729433,1200,8
1754,5,0.9999999999739335,1500,0
1755,0,0.14464409338112152,0,10
1755,1,9.197404506161758e-13,300,5
1755,2,6.081739635960685e-06,600,14
1755,3,0.00016270568286191146,900,14
1755,4,0.41343884964762767,1200,11
1755,5,0.9999999999739335,1500,0
1756,0,0.2307813843221707,0,6
1756,1,9.103708278304822e-13,300,11
1756,2,1.2518405423741323e-05,600,16
1756,3,0.00016270568286191146,900,8
1756,4,0.41343884964762767,1200,13
1756,5,0.9999999999739335,1500,0
1757,0,0.2307813843221707,0,8
1757,1,9.103708278304822e-13,300,15
1757,2,1.2518405423741323e-05,600,20
1757,3,0.00016270568286191146,900,4
1757,4,0.6178661815031089,1200,7
1757,5,0.9999999999739335,1500,0
1758,0,0.2307813843221707,0,13
1758,1,9.103708278304822e-13,300,5
1758,2,8.014494821048714e-06,600,18
1758,3,0.00016270568286191146,900,12
1758,4,0.6178661815031089,1200,5
1758,5,0.9999999999739335,1500,0
1759,0,0.2307813843221707,0,8
1759,1,6.29721884108333e-13,300,8
1759,2,8.014494821048714e-06,600,19
1759,3,0.00016270568286191146,900,13
1759,4,0.6178661815031089,1200,5
1759,5,0.9999999999830556,1500,0
1760,0,0.1316454082326727,0,8
1760,1,6.29721884108333e-13,300,13
1760,2,8.494123811655212e-06,600,6
1760,3,0.00016270568286191146,900,9
1760,4,0.6178661815031089,1200,18
1760,5,0.9999999999830556,1500,0
1761,0,0.12690632490448298,0,8
1761,1,6.29721884108333e-13,300,9
1761,2,4.939063298997794e-06,600,22
1761,3,0.0001929273017705759,900,5
1761,4,0.5721361695161686,1200,10
1761,5,0.9999999999830556,1500,0
1762,0,0.1197314728764454,0,9
1762,1,7.583840948466806e-13,300,7
1762,2,2.730965057619724e-06,600,18
1762,3,0.00022658250379520168,900,7
1762,4,0.5721361695161686,1200,13
1762,5,0.9999999999830556,1500,0
1763,0,0.04699142771549242,0,6
1763,1,9.476353712141554e-13,300,12
1763,2,2.730965057619724e-06,600,15
1763,3,0.00022658250379520168,900,4
1763,4,0.5721361695161686,1200,17
1763,5,0.9999999999830556,1500,0
1764,0,0.04699142771549242,0,11
1764,1,7.109174869210875e-13,300,9
1764,2,2.730965057619724e-06,600,17
1764,3,0.00027383314194088355,900,13
1764,4,0.5869267581663707,1200,4
1764,5,0.9999999999830556,1500,0
1765,0,0.04699142771549242,0,3
1765,1,7.109174869210875e-13,300,15
1765,2,5.391422563901986e-06,600,20
1765,3,0.0003086240788294774,900,8
1765,4,0.5869267581663707,1200,7
1765,5,0.9999999999830556,1500,0
1766,0,0.04265532698916973,0,12
1766,1,7.109174869210875e-13,300,6
1766,2,5.391422563901986e-06,600,11
1766,3,0.0003086240788294774,900,8
1766,4,0.6205591673463788,1200,16
1766,5,0.9999999999920557,1500,0
1767,0,0.029966153528000018,0,8
1767,1,7.109174869210875e-13,300,10
1767,2,5.391422563901986e-06,600,17
1767,3,0.0003086240788294774,900,8
1767,4,0.6904648679744737,1200,10
1767,5,0.9999999999920557,1500,0
1768,0,0.029966153528000018,0,9
1768,1,7.109174869210875e-13,300,12
1768,2,5.391422563901986e-06,600,11
1768,3,0.0003086240788294774,900,9
1768,4,0.7489866615920111,1200,13
1768,5,0.9999999999809404,1500,0
1769,0,0.029966153528000018,0,11
1769,1,4.492655408307647e-13,300,14
1769,2,3.898932066533954e-06,600,11
1769,3,0.00034823986145767394,900,5
1769,4,0.7489866615920111,1200,12
1769,5,0.9999999999809404,1500,0
1770,0,0.029966153528000018,0,10
1770,1,3.0183062081339446e-13,300,14
1770,2,4.739150104038585e-06,600,15
1770,3,0.00034823986145767394,900,6
1770,4,0.723858254177369,1200,7
1770,5,0.9999999999809404,1500,0
1771,0,0.03942963935769489,0,2
1771,1,3.0183062081339446e-13,300,9
1771,2,6.61913804710445e-06,600,19
1771,3,0.00034823986145767394,900,11
1771,4,0.723858254177369,1200,13
1771,5,0.9999999999535292,1500,0
1772,0,0.07386307053011962,0,5
1772,1,3.0183062081339446e-13,300,18
1772,2,6.61913804710445e-06,600,10
1772,3,0.00034823986145767394,900,7
1772,4,0.723858254177369,1200,13
1772,5,0.9999999999816076,1500,0
1773,0,0.07386307053011962,0,13
1773,1,2.247771092683918e-13,300,15
1773,2,5.9677639520913664e-06,600,14
1773,3,0.0004463992460670531,900,4
1773,4,0.723858254177369,1200,8
1773,5,0.9999999999816076,1500,0
1774,0,0.09748309716948202,0,6
1774,1,2.4973136625129535e-13,300,16
1774,2,5.9677639520913664e-06,600,9
1774,3,0.0004463992460670531,900,9
1774,4,0.723858254177369,1200,13
1774,5,0.9999999999724787,1500,0
1775,0,0.09748309716948202,0,6
1775,1,2.4973136625129535e-13,300,9
1775,2,3.933723374783325e-06,600,22
1775,3,0.0006801104483801219,900,13
1775,4,0.6188446073103625,1200,4
1775,5,0.9999999999724787,1500,0
1776,0,0.09748309716948202,0,8
1776,1,4.682373563377183e-13,300,18
1776,2,3.933723374783325e-06,600,11
1776,3,0.0006801104483801219,900,7
1776,4,0.6188446073103625,1200,10
1776,5,0.999999999973666,1500,0
1777,0,0.09748309716948202,0,10
1777,1,4.682373563377183e-13,300,13
1777,2,3.933723374783325e-06,600,13
1777,3,0.002218935227652063,900,6
1777,4,0.6188446073103625,1200,12
1777,5,0.999999999973666,1500,0
1778,0,0.09748309716948202,0,5
1778,1,5.77581772616956e-13,300,12
1778,2,8.393274550183887e-06,600,14
1778,3,0.002218935227652063,900,9
1778,4,0.6188446073103625,1200,14
1778,5,0.9999999999500471,1500,0
1779,0,0.13321452952601617,0,13
1779,1,6.70376728595789e-13,300,12
1779,2,9.628156782295912e-06,600,8
1779,3,0.0015238770185378467,900,5
1779,4,0.6188446073103625,1200,16
1779,5,0.9999999999500471,1500,0
1780,0,0.13321452952601617,0,11
1780,1,3.0369720304228296e-13,300,9
1780,2,9.628156782295912e-06,600,21
1780,3,0.0015238770185378467,900,6
1780,4,0.6188446073103625,1200,6
1780,5,0.9999999999021751,1500,0
1781,0,0.13321452952601617,0,12
1781,1,2.242307149727591e-13,300,8
1781,2,9.628156782295912e-06,600,21
1781,3,0.0015238770185378467,900,5
1781,4,0.6548483132834875,1200,7
1781,5,0.999999999901978,1500,0
1782,0,0.13321452952601617,0,7
1782,1,2.242307149727591e-13,300,14
1782,2,9.628156782295912e-06,600,11
1782,3,0.0029088356441781997,900,7
1782,4,0.6548483132834875,1200,14
1782,5,0.9999999997935647,1500,0
1783,0,0.13321452952601617,0,11
1783,1,3.033337420149343e-13,300,12
1783,2,9.628156782295912e-06,600,15
1783,3,0.0015134601691635552,900,9
1783,4,0.6548483132834875,1200,7
1783,5,0.9999999998713125,1500,0
1784,0,0.13321452952601617,0,7
1784,1,2.6311234174881106e-13,300,10
1784,2,7.411194993166798e-06,600,13
1784,3,0.0016528158961281818,900,15
1784,4,0.6548483132834875,1200,9
1784,5,0.9999999999113502,1500,0
1785,0,0.13321452952601617,0,7
1785,1,2.6311234174881106e-13,300,6
1785,2,7.886832333824177e-06,600,17
1785,3,0.0016528158961281818,900,10
1785,4,0.5181641822913374,1200,14
1785,5,0.9999999999113502,1500,0
1786,0,0.10155567782884674,0,7
1786,1,3.1831244134175097e-13,300,11
1786,2,7.886832333824177e-06,600,19
1786,3,0.0027941083266647118,900,7
1786,4,0.5181641822913374,1200,10
1786,5,0.9999999999113502,1500,0
1787,0,0.10729331425822825,0,6
1787,1,4.444282949141625e-13,300,11
1787,2,7.886832333824177e-06,600,23
1787,3,0.0029218501944928907,900,4
1787,4,0.5181641822913374,1200,10
1787,5,0.9999999999113502,1500,0
1788,0,0.10729331425822825,0,10
1788,1,4.444282949141625e-13,300,5
1788,2,7.886832333824177e-06,600,22
1788,3,0.0023596515048973335,900,6
1788,4,0.4607787887408019,1200,9
1788,5,0.9999999999113502,1500,0
1789,0,0.10729331425822825,0,4
1789,1,4.478365929237671e-13,300,18
1789,2,9.556504991993488e-06,600,16
1789,3,0.0023596515048973335,900,4
1789,4,0.4607787887408019,1200,12
1789,5,0.9999999999113502,1500,0
1790,0,0.10889390254344565,0,6
1790,1,6.968597433871462e-13,300,12
1790,2,9.556504991993488e-06,600,23
1790,3,0.002379803752879746,900,5
1790,4,0.5381724149485798,1200,5
1790,5,0.9999999999113502,1500,0
1791,0,0.10889390254344565,0,8
1791,1,6.968597433871462e-13,300,9
1791,2,7.572151071183456e-06,600,16
1791,3,0.002379803752879746,900,7
1791,4,0.30439529046419483,1200,13
1791,5,0.9999999999113502,1500,0
1792,0,0.10889390254344565,0,4
1792,1,1.0488535029409186e-12,300,11
1792,2,1.1279663962667585e-05,600,25
1792,3,0.002379803752879746,900,9
1792,4,0.30439529046419483,1200,3
1792,5,0.9999999999113502,1500,0
1793,0,0.09188357490489739,0,8
1793,1,5.6736194524116e-13,300,7
1793,2,1.2931828625983332e-05,600,21
1793,3,0.002379803752879746,900,8
1793,4,0.30439529046419483,1200,10
1793,5,0.9999999999113502,1500,0
1794,0,0.09188357490489739,0,8
1794,1,6.786566400027384e-13,300,12
1794,2,1.2931828625983332e-05,600,12
1794,3,0.00142292671983631,900,11
1794,4,0.24322903436576457,1200,11
1794,5,0.9999999999113502,1500,0
1795,0,0.11296731322232964,0,9
1795,1,1.3659786129809876e-12,300,7
1795,2,1.1481446547223029e-05,600,22
1795,3,0.00142292671983631,900,10
1795,4,0.24322903436576457,1200,3
1795,5,0.9999999999113502,1500,0
1796,0,0.11296731322232964,0,10
1796,1,1.3659786129809876e-12,300,6
1796,2,1.1481446547223029e-05,600,21
1796,3,0.0026676920590902836,900,10
1796,4,0.24322903436576457,1200,4
1796,5,0.9999999999113502,1500,0
1797,0,0.08399316853655282,0,4
1797,1,8.997019576473383e-13,300,9
1797,2,1.1481446547223029e-05,600,26
1797,3,0.002884538246228393,900,7
1797,4,0.24322903436576457,1200,5
1797,5,0.9999999999113502,1500,0
1798,0,0.08399316853655282,0,5
1798,1,8.997019576473383e-13,300,15
1798,2,1.4779384053007116e-05,600,16
1798,3,0.007572479826651392,900,13
1798,4,0.24322903436576457,1200,5
1798,5,0.9999999999171012,1500,0
1799,0,0.08399316853655282,0,6
1799,1,6.463803750774225e-13,300,9
1799,2,1.4779384053007116e-05,600,17
1799,3,0.012359676105322646,900,9
1799,4,0.24322903436576457,1200,10
1799,5,0.9999999999171012,1500,0
1800,0,0.08338753736642236,0,8
1800,1,3.525695040424892e-13,300,9
1800,2,1.4779384053007116e-05,600,14
1800,3,0.012359676105322646,900,8
1800,4,0.2821656989413301,1200,15
1800,5,0.9999999999171012,1500,0
1801,0,0.12098123501247876,0,2
1801,1,3.525695040424892e-13,300,8
1801,2,1.4779384053007116e-05,600,17
1801,3,0.012359676105322646,900,10
1801,4,0.2821656989413301,1200,17
1801,5,0.999999999959484,1500,0
1802,0,0.09333080176737485,0,7
1802,1,3.525695040424892e-13,300,12
1802,2,1.2853762947690882e-05,600,16
1802,3,0.018137009217094085,900,7
1802,4,0.2821656989413301,1200,10
1802,5,0.9999999999647742,1500,0
1803,0,0.1020798196014875,0,9
1803,1,3.525695040424892e-13,300,10
1803,2,9.513202239413664e-06,600,16
1803,3,0.018137009217094085,900,7
1803,4,0.2821656989413301,1200,12
1803,5,0.9999999999404645,1500,0
1804,0,0.1020798196014875,0,8
1804,1,3.525695040424892e-13,300,16
1804,2,1.1840285730526767e-05,600,13
1804,3,0.019837212029716396,900,8
1804,4,0.5352350959254444,1200,9
1804,5,0.9999999999404645,1500,0
1805,0,0.1020798196014875,0,11
1805,1,3.525695040424892e-13,300,10
1805,2,5.69904709914388e-06,600,15
1805,3,0.019837212029716396,900,9
1805,4,0.4027917481349774,1200,8
1805,5,0.9999999999404645,1500,0
1806,0,0.1020798196014875,0,12
1806,1,3.525695040424892e-13,300,9
1806,2,5.69904709914388e-06,600,11
1806,3,0.008594911805448299,900,11
1806,4,0.4027917481349774,1200,11
1806,5,0.9999999999404645,1500,0
1807,0,0.1020798196014875,0,5
1807,1,3.525695040424892e-13,300,16
1807,2,3.5732144409895867e-06,600,18
1807,3,0.008594911805448299,900,7
1807,4,0.5371657993246932,1200,8
1807,5,0.9999999999311444,1500,0
1808,0,0.10037548493374666,0,7
1808,1,2.694768871054581e-13,300,10
1808,2,3.5732144409895867e-06,600,16
1808,3,0.008594911805448299,900,7
1808,4,0.5422877136842349,1200,14
1808,5,0.9999999999311444,1500,0
1809,0,0.10037548493374666,0,10
1809,1,1.9760353190868725e-13,300,19
1809,2,3.1721662144004195e-06,600,9
1809,3,0.008594911805448299,900,9
1809,4,0.463030220414555,1200,7
1809,5,0.9999999999311444,1500,0
1810,0,0.10037548493374666,0,8
1810,1,4.4500294002935847e-13,300,13
1810,2,3.1721662144004195e-06,600,19
1810,3,0.008594911805448299,900,6
1810,4,0.463030220414555,1200,8
1810,5,0.9999999999311444,1500,0
1811,0,0.10037548493374666,0,4
1811,1,2.666411593137761e-13,300,5
1811,2,3.1721662144004195e-06,600,21
1811,3,0.008594911805448299,900,7
1811,4,0.463030220414555,1200,17
1811,5,0.9999999999284754,1500,0
1812,0,0.09121011514571817,0,5
1812,1,2.732763844897894e-13,300,4
1812,2,3.1721662144004195e-06,600,19
1812,3,0.016316768125624714,900,8
1812,4,0.3713187947507821,1200,17
1812,5,0.9999999999284754,1500,0
1813,0,0.07935590338859885,0,8
1813,1,2.732763844897894e-13,300,17
1813,2,2.0117205475046807e-06,600,19
1813,3,0.016316768125624714,900,2
1813,4,0.2824842988220206,1200,8
1813,5,0.9999999999284754,1500,0
1814,0,0.04632377176746079,0,10
1814,1,2.732763844897894e-13,300,7
1814,2,2.0117205475046807e-06,600,18
1814,3,0.012694773837899633,900,7
1814,4,0.22260604431807937,1200,12
1814,5,0.9999999999284754,1500,0
1815,0,0.09218375260482715,0,5
1815,1,1.7629768827179116e-13,300,13
1815,2,2.0117205475046807e-06,600,14
1815,3,0.012822747273564286,900,12
1815,4,0.22069290965381422,1200,10
1815,5,0.9999999999284754,1500,0
1816,0,0.12436919883334424,0,9
1816,1,1.7629768827179116e-13,300,10
1816,2,2.6911925973842026e-06,600,23
1816,3,0.010018503935467507,900,4
1816,4,0.22069290965381422,1200,8
1816,5,0.9999999999153546,1500,0
1817,0,0.2727962772320808,0,10
1817,1,1.7629768827179116e-13,300,14
1817,2,2.6911925973842026e-06,600,11
1817,3,0.006281790877540433,900,11
1817,4,0.22069290965381422,1200,8
1817,5,0.9999999999153546,1500,0
1818,0,0.1529357591926345,0,10
1818,1,1.7629768827179116e-13,300,6
1818,2,3.403212321527603e-06,600,22
1818,3,0.006281790877540433,900,8
1818,4,0.22069290965381422,1200,6
1818,5,0.9999999998870042,1500,0
1819,0,0.1371109479878721,0,7
1819,1,1.1976276105350712e-13,300,10
1819,2,3.403212321527603e-06,600,28
1819,3,0.006281790877540433,900,4
1819,4,0.1561148487821828,1200,4
1819,5,0.9999999998870042,1500,0
1820,0,0.27846472336878314,0,7
1820,1,8.40717597688596e-14,300,11
1820,2,2.563350780148084e-06,600,18
1820,3,0.006281790877540433,900,9
1820,4,0.1561148487821828,1200,9
1820,5,0.9999999998870042,1500,0
1821,0,0.27846472336878314,0,12
1821,1,7.43533551784639e-14,300,7
1821,2,5.5114053005129035e-06,600,15
1821,3,0.006281790877540433,900,14
1821,4,0.1561148487821828,1200,6
1821,5,0.9999999998870042,1500,0
1822,0,0.27846472336878314,0,12
1822,1,5.695120622525347e-14,300,5
1822,2,5.5114053005129035e-06,600,15
1822,3,0.006482003042715397,900,9
1822,4,0.1561148487821828,1200,13
1822,5,0.9999999998870042,1500,0
1823,0,0.27846472336878314,0,13
1823,1,2.2394901628281271e-13,300,6
1823,2,5.5114053005129035e-06,600,17
1823,3,0.006482003042715397,900,8
1823,4,0.1561148487821828,1200,7
1823,5,0.9999999998870042,1500,0
1824,0,0.24326018597839857,0,8
1824,1,2.2394901628281271e-13,300,12
1824,2,5.116477315384327e-06,600,15
1824,3,0.006482003042715397,900,9
1824,4,0.12147118061002221,1200,10
1824,5,0.9999999998870042,1500,0
1825,0,0.24326018597839857,0,12
1825,1,2.8745602731560463e-13,300,6
1825,2,5.116477315384327e-06,600,11
1825,3,0.006482003042715397,900,13
1825,4,0.12147118061002221,1200,11
1825,5,0.9999999999135454,1500,0
1826,0,0.24326018597839857,0,9
1826,1,2.8745602731560463e-13,300,4
1826,2,7.4605822876629795e-06,600,25
1826,3,0.00999453927776145,900,14
1826,4,0.12147118061002221,1200,2
1826,5,0.9999999999446014,1500,0
1827,0,0.4134737318442816,0,10
1827,1,2.8745602731560463e-13,300,11
1827,2,7.4605822876629795e-06,600,22
1827,3,0.00999453927776145,900,4
1827,4,0.12147118061002221,1200,7
1827,5,0.9999999999590585,1500,0
1828,0,0.4134737318442816,0,8
1828,1,2.8745602731560463e-13,300,12
1828,2,1.397557165715202e-05,600,16
1828,3,0.004007021358585006,900,10
1828,4,0.12147118061002221,1200,8
1828,5,0.9999999999590585,1500,0
1829,0,0.39886417089359405,0,11
1829,1,2.8745602731560463e-13,300,10
1829,2,1.397557165715202e-05,600,14
1829,3,0.004007021358585006,900,9
1829,4,0.20176287275786559,1200,9
1829,5,0.9999999999590585,1500,0
1830,0,0.39886417089359405,0,12
1830,1,3.2232154103508253e-13,300,8
1830,2,1.397557165715202e-05,600,19
1830,3,0.0015808223883158616,900,10
1830,4,0.20176287275786559,1200,5
1830,5,0.9999999999590585,1500,0
1831,0,0.39886417089359405,0,11
1831,1,2.2107679647240732e-13,300,13
1831,2,1.397557165715202e-05,600,11
1831,3,0.0015808223883158616,900,9
1831,4,0.20176287275786559,1200,8
1831,5,0.999999999934178,1500,0
1832,0,0.39886417089359405,0,7
1832,1,2.2107679647240732e-13,300,9
1832,2,1.423045772873232e-05,600,16
1832,3,0.0015808223883158616,900,11
1832,4,0.31521136704143543,1200,11
1832,5,0.9999999999298028,1500,0
1833,0,0.39886417089359405,0,8
1833,1,2.609307176404035e-13,300,11
1833,2,2.3810193739569164e-05,600,12
1833,3,0.0025121967219843837,900,9
1833,4,0.31521136704143543,1200,14
1833,5,0.9999999999298028,1500,0
1834,0,0.39886417089359405,0,10
1834,1,2.609307176404035e-13,300,17
1834,2,4.037178401430346e-05,600,15
1834,3,0.0025121967219843837,900,5
1834,4,0.31521136704143543,1200,5
1834,5,0.9999999999298028,1500,0
1835,0,0.39886417089359405,0,10
1835,1,2.609307176404035e-13,300,7
1835,2,3.1068415069246925e-05,600,20
1835,3,0.0025121967219843837,900,10
1835,4,0.20443425608572297,1200,5
1835,5,0.9999999999298028,1500,0
1836,0,0.39886417089359405,0,6
1836,1,1.8601967022657986e-13,300,6
1836,2,5.317440158118892e-05,600,13
1836,3,0.00263490261185511,900,15
1836,4,0.17627743113989996,1200,12
1836,5,0.9999999999298028,1500,0
1837,0,0.37045234541450117,0,6
1837,1,1.8601967022657986e-13,300,11
1837,2,5.317440158118892e-05,600,21
1837,3,0.00263490261185511,900,9
1837,4,0.17627743113989996,1200,7
1837,5,0.9999999998172899,1500,0
1838,0,0.37045234541450117,0,11
1838,1,1.8601967022657986e-13,300,11
1838,2,9.229997467177096e-05,600,14
1838,3,0.00263490261185511,900,11
1838,4,0.1944880197401695,1200,6
1838,5,0.9999999998172899,1500,0
1839,0,0.37045234541450117,0,10
1839,1,2.239528517645895e-13,300,10
1839,2,8.461109476218686e-05,600,14
1839,3,0.002400033095586779,900,9
1839,4,0.1944880197401695,1200,10
1839,5,0.9999999998172899,1500,0
1840,0,0.37045234541450117,0,14
1840,1,2.239528517645895e-13,300,5
1840,2,0.00010663554279371893,600,13
1840,3,0.0027234039991870544,900,12
1840,4,0.1944880197401695,1200,8
1840,5,0.9999999998172899,1500,0
1841,0,0.37045234541450117,0,5
1841,1,2.239528517645895e-13,300,12
1841,2,4.944662044160249e-05,600,16
1841,3,0.0017972301299954078,900,12
1841,4,0.2697667215000702,1200,9
1841,5,0.9999999998172899,1500,0
1842,0,0.37045234541450117,0,8
1842,1,2.239528517645895e-13,300,7
1842,2,1.7636206587817066e-05,600,20
1842,3,0.0012837702017597903,900,10
1842,4,0.2697667215000702,1200,9
1842,5,0.9999999998172899,1500,0
1843,0,0.37045234541450117,0,14
1843,1,1.4928488205544684e-13,300,9
1843,2,1.7636206587817066e-05,600,16
1843,3,0.0012837702017597903,900,10
1843,4,0.23217341795935578,1200,5
1843,5,0.9999999998145952,1500,0
1844,0,0.37045234541450117,0,8
1844,1,1.3560851065131302e-13,300,7
1844,2,1.4514132880819182e-05,600,24
1844,3,0.001274798700369837,900,8
1844,4,0.23217341795935578,1200,5
1844,5,0.9999999998145952,1500,0
1845,0,0.37045234541450117,0,13
1845,1,1.3560851065131302e-13,300,10
1845,2,9.446927013155174e-06,600,9
1845,3,0.001274798700369837,900,12
1845,4,0.13968606535387904,1200,9
1845,5,0.9999999998487641,1500,0
1846,0,0.2804162630452173,0,8
1846,1,1.3560851065131302e-13,300,13
1846,2,9.446927013155174e-06,600,19
1846,3,0.0019506175945290106,900,7
1846,4,0.13968606535387904,1200,7
1846,5,0.9999999998487641,1500,0
1847,0,0.2953425941706521,0,9
1847,1,8.262869922697715e-14,300,10
1847,2,9.873813873711515e-06,600,20
1847,3,0.0019506175945290106,900,4
1847,4,0.13968606535387904,1200,10
1847,5,0.9999999998053017,1500,0
1848,0,0.2953425941706521,0,10
1848,1,8.262869922697715e-14,300,13
1848,2,9.873813873711515e-06,600,14
1848,3,0.0019506175945290106,900,7
1848,4,0.08901881736964663,1200,10
1848,5,0.9999999999211358,1500,0
1849,0,0.17785042260329728,0,7
1849,1,9.942564642001829e-14,300,8
1849,2,1.2035007684581979e-05,600,23
1849,3,0.0019506175945290106,900,8
1849,4,0.08901881736964663,1200,8
1849,5,0.9999999999211358,1500,0
1850,0,0.17785042260329728,0,7
1850,1,9.942564642001829e-14,300,16
1850,2,6.336793877717272e-06,600,14
1850,3,0.0019506175945290106,900,7
1850,4,0.09616769807474035,1200,9
1850,5,0.9999999999363289,1500,0
1851,0,0.17785042260329728,0,10
1851,1,4.875835430673044e-14,300,9
1851,2,6.336793877717272e-06,600,23
1851,3,0.0019506175945290106,900,4
1851,4,0.16963912129195644,1200,7
1851,5,0.9999999999363289,1500,0
1852,0,0.09417411530467208,0,9
1852,1,4.875835430673044e-14,300,12
1852,2,4.397569696289565e-06,600,21
1852,3,0.0019506175945290106,900,5
1852,4,0.16401824609320326,1200,7
1852,5,0.9999999999363289,1500,0
1853,0,0.09417411530467208,0,6
1853,1,2.4261432562509736e-14,300,6
1853,2,4.397569696289565e-06,600,22
1853,3,0.0019506175945290106,900,8
1853,4,0.16401824609320326,1200,9
1853,5,0.9999999999609765,1500,0
1854,0,0.07042490083176964,0,5
1854,1,2.4261432562509736e-14,300,7
1854,2,4.397569696289565e-06,600,27
1854,3,0.0040518595436539444,900,6
1854,4,0.1584610931499752,1200,9
1854,5,0.9999999999609765,1500,0
1855,0,0.07598067158824957,0,5
1855,1,2.4261432562509736e-14,300,14
1855,2,4.397569696289565e-06,600,18
1855,3,0.0040518595436539444,900,11
1855,4,0.1584610931499752,1200,6
1855,5,0.9999999999501576,1500,0
1856,0,0.07598067158824957,0,12
1856,1,3.588844726619353e-14,300,9
1856,2,4.397569696289565e-06,600,15
1856,3,0.002816054625594389,900,11
1856,4,0.1584610931499752,1200,6
1856,5,0.9999999999673934,1500,0
1857,0,0.06344333235293464,0,3
1857,1,8.342438393858711e-14,300,4
1857,2,4.397569696289565e-06,600,26
1857,3,0.002816054625594389,900,12
1857,4,0.10642642599080115,1200,8
1857,5,0.9999999999673934,1500,0
1858,0,0.06344333235293464,0,3
1858,1,1.2576440461426847e-13,300,11
1858,2,4.397569696289565e-06,600,25
1858,3,0.002630072511405294,900,12
1858,4,0.10642642599080115,1200,2
1858,5,0.9999999999823317,1500,0
1859,0,0.06344333235293464,0,12
1859,1,1.1326831007858328e-13,300,8
1859,2,4.277871172452482e-06,600,22
1859,3,0.002178082888454618,900,5
1859,4,0.10642642599080115,1200,6
1859,5,0.9999999999823317,1500,0
1860,0,0.06344333235293464,0,10
1860,1,1.1326831007858328e-13,300,9
1860,2,4.277871172452482e-06,600,15
1860,3,0.002178082888454618,900,11
1860,4,0.10642642599080115,1200,8
1860,5,0.9999999999264984,1500,0
1861,0,0.06128571579230093,0,3
1861,1,9.95451521584432e-14,300,4
1861,2,4.165063008783408e-06,600,32
1861,3,0.002178082888454618,900,7
1861,4,0.09935223416205091,1200,8
1861,5,0.9999999999264984,1500,0
1862,0,0.06128571579230093,0,13
1862,1,8.716504840487727e-14,300,9
1862,2,9.609232974812226e-06,600,16
1862,3,0.002178082888454618,900,12
1862,4,0.08842582327907926,1200,3
1862,5,0.9999999999264984,1500,0
1863,0,0.05364415430723764,0,6
1863,1,8.716504840487727e-14,300,6
1863,2,9.609232974812226e-06,600,26
1863,3,0.003273020746776351,900,11
1863,4,0.09968463759703157,1200,3
1863,5,0.9999999999264984,1500,0
1864,0,0.03836822900736298,0,4
1864,1,8.716504840487727e-14,300,5
1864,2,1.0345444293111617e-05,600,26
1864,3,0.003273020746776351,900,11
1864,4,0.09968463759703157,1200,8
1864,5,0.9999999999264984,1500,0
1865,0,0.018867914150403887,0,7
1865,1,8.716504840487727e-14,300,14
1865,2,1.0345444293111617e-05,600,18
1865,3,0.003273020746776351,900,7
1865,4,0.09968463759703157,1200,8
1865,5,0.9999999999425044,1500,0
1866,0,0.018867914150403887,0,10
1866,1,7.919973170290266e-14,300,5
1866,2,1.1823056206770566e-05,600,25
1866,3,0.003273020746776351,900,6
1866,4,0.09968463759703157,1200,8
1866,5,0.9999999999130578,1500,0
1867,0,0.018867914150403887,0,2
1867,1,7.919973170290266e-14,300,10
1867,2,8.45428246536728e-06,600,27
1867,3,0.003273020746776351,900,8
1867,4,0.11390158966630039,1200,4
1867,5,0.9999999999130578,1500,0
1868,0,0.018867914150403887,0,5
1868,1,7.919973170290266e-14,300,9
1868,2,8.45428246536728e-06,600,28
1868,3,0.003273020746776351,900,3
1868,4,0.15140078981401625,1200,9
1868,5,0.9999999996783611,1500,0
1869,0,0.018867914150403887,0,4
1869,1,7.919973170290266e-14,300,11
1869,2,2.5519635255060387e-06,600,24
1869,3,0.004190555555405268,900,11
1869,4,0.15140078981401625,1200,4
1869,5,0.9999999996729902,1500,0
1870,0,0.018867914150403887,0,8
1870,1,7.919973170290266e-14,300,8
1870,2,3.0568417002432096e-06,600,23
1870,3,0.004190555555405268,900,8
1870,4,0.15140078981401625,1200,7
1870,5,0.9999999999203881,1500,0
1871,0,0.018867914150403887,0,8
1871,1,1.4074727418587472e-13,300,10
1871,2,3.0568417002432096e-06,600,23
1871,3,0.004190555555405268,900,5
1871,4,0.198371008754933,1200,8
1871,5,0.9999999998858897,1500,0
1872,0,0.028935882673740684,0,7
1872,1,1.4074727418587472e-13,300,13
1872,2,3.0568417002432096e-06,600,20
1872,3,0.004531005325845694,900,4
1872,4,0.1476535814680548,1200,8
1872,5,0.9999999998858897,1500,0
1873,0,0.028935882673740684,0,6
1873,1,1.4074727418587472e-13,300,10
1873,2,3.0568417002432096e-06,600,25
1873,3,0.005611132006462712,900,9
1873,4,0.1476535814680548,1200,3
1873,5,0.9999999999607474,1500,0
1874,0,0.028935882673740684,0,6
1874,1,1.4074727418587472e-13,300,6
1874,2,6.0663080201655066e-06,600,17
1874,3,0.005611132006462712,900,12
1874,4,0.19247178799495449,1200,13
1874,5,0.9999999999810198,1500,0
1875,0,0.028935882673740684,0,9
1875,1,1.4074727418587472e-13,300,10
1875,2,6.0663080201655066e-06,600,21
1875,3,0.005611132006462712,900,4
1875,4,0.31287634051861896,1200,10
1875,5,0.999999999978096,1500,0
1876,0,0.04197558053294763,0,1
1876,1,1.4074727418587472e-13,300,13
1876,2,9.73918459927555e-06,600,20
1876,3,0.005611132006462712,900,8
1876,4,0.341353429908869,1200,10
1876,5,0.999999999978096,1500,0
1877,0,0.04197558053294763,0,5
1877,1,2.1611955686481988e-13,300,12
1877,2,9.73918459927555e-06,600,15
1877,3,0.006090983603535821,900,10
1877,4,0.341353429908869,1200,12
1877,5,0.999999999978096,1500,0
1878,0,0.04197558053294763,0,8
1878,1,1.9103992416911098e-13,300,7
1878,2,8.366473638162991e-06,600,26
1878,3,0.0034231920695704026,900,7
1878,4,0.341353429908869,1200,6
1878,5,0.999999999978096,1500,0
1879,0,0.030657990283098728,0,6
1879,1,1.9103992416911098e-13,300,10
1879,2,8.366473638162991e-06,600,18
1879,3,0.0034231920695704026,900,8
1879,4,0.3076949260629542,1200,11
1879,5,0.999999999978096,1500,0
1880,0,0.030657990283098728,0,5
1880,1,1.9103992416911098e-13,300,13
1880,2,6.222135923051334e-06,600,22
1880,3,0.004052236978743143,900,7
1880,4,0.3076949260629542,1200,7
1880,5,0.999999999978096,1500,0
1881,0,0.03628176694383224,0,5
1881,1,1.7738239822613515e-13,300,15
1881,2,6.222135923051334e-06,600,10
1881,3,0.0012136730160016102,900,7
1881,4,0.3076949260629542,1200,17
1881,5,0.999999999978096,1500,0
1882,0,0.03628176694383224,0,10
1882,1,1.497610985326257e-13,300,7
1882,2,6.222135923051334e-06,600,19
1882,3,0.001186204124396041,900,9
1882,4,0.3076949260629542,1200,8
1882,5,0.9999999999887081,1500,0
1883,0,0.03628176694383224,0,6
1883,1,1.1029838175833156e-13,300,16
1883,2,6.222135923051334e-06,600,17
1883,3,0.001186204124396041,900,5
1883,4,0.3955730066123549,1200,10
1883,5,0.9999999999765548,1500,0
1884,0,0.03628176694383224,0,9
1884,1,4.712590361229041e-14,300,9
1884,2,6.783606661052008e-06,600,21
1884,3,0.001186204124396041,900,11
1884,4,0.3955730066123549,1200,3
1884,5,0.9999999999765548,1500,0
1885,0,0.043637218162840705,0,5
1885,1,4.620177189553926e-14,300,8
1885,2,6.783606661052008e-06,600,20
1885,3,0.0011531692114609617,900,9
1885,4,0.3955730066123549,1200,10
1885,5,0.9999999999746068,1500,0
1886,0,0.043637218162840705,0,13
1886,1,4.620177189553926e-14,300,7
1886,2,6.594017051886802e-06,600,15
1886,3,0.0023771656065185226,900,11
1886,4,0.3955730066123549,1200,8
1886,5,0.9999999999821023,1500,0
1887,0,0.03917271949452658,0,6
1887,1,4.620177189553926e-14,300,5
1887,2,4.917450349873289e-06,600,19
1887,3,0.002596024729049456,900,5
1887,4,0.36632779669904836,1200,18
1887,5,0.9999999999821023,1500,0
1888,0,0.03917271949452658,0,6
1888,1,4.31567308237554e-14,300,10
1888,2,7.546249537115733e-06,600,14
1888,3,0.002596024729049456,900,8
1888,4,0.4291960092070133,1200,16
1888,5,0.9999999999821023,1500,0
1889,0,0.03917271949452658,0,11
1889,1,4.31567308237554e-14,300,8
1889,2,5.988718313504168e-06,600,22
1889,3,0.002596024729049456,900,8
1889,4,0.4291960092070133,1200,4
1889,5,0.9999999999425613,1500,0
1890,0,0.03917271949452658,0,11
1890,1,4.1516800133243635e-14,300,9
1890,2,5.988718313504168e-06,600,14
1890,3,0.0013664928258948679,900,6
1890,4,0.42717074232650787,1200,14
1890,5,0.9999999999565954,1500,0
1891,0,0.03917271949452658,0,7
1891,1,4.1516800133243635e-14,300,10
1891,2,5.988718313504168e-06,600,21
1891,3,0.0016638986107119333,900,3
1891,4,0.2640181633560456,1200,11
1891,5,0.999999999975242,1500,0
1892,0,0.023980893195174307,0,10
1892,1,3.963209534843953e-14,300,8
1892,2,5.988718313504168e-06,600,17
1892,3,0.0016638986107119333,900,5
1892,4,0.2640181633560456,1200,11
1892,5,0.999999999975242,1500,0
1893,0,0.023980893195174307,0,11
1893,1,3.963209534843953e-14,300,6
1893,2,5.988718313504168e-06,600,13
1893,3,0.0016638986107119333,900,9
1893,4,0.30209501298962155,1200,15
1893,5,0.9999999999850482,1500,0
1894,0,0.023980893195174307,0,6
1894,1,3.963209534843953e-14,300,17
1894,2,7.824367517423199e-06,600,10
1894,3,0.0016638986107119333,900,7
1894,4,0.49561916187254107,1200,14
1894,5,0.9999999999928302,1500,0
1895,0,0.023980893195174307,0,7
1895,1,3.963209534843953e-14,300,10
1895,2,9.826263398553584e-06,600,20
1895,3,0.0016638986107119333,900,3
1895,4,0.6369972354666622,1200,14
1895,5,0.9999999999928302,1500,0
1896,0,0.023980893195174307,0,5
1896,1,2.3186744738216038e-14,300,11
1896,2,9.808405820666546e-06,600,16
1896,3,0.0009195677716105912,900,5
1896,4,0.6369972354666622,1200,17
1896,5,0.9999999999928302,1500,0
1897,0,0.025507523591333698,0,0
1897,1,2.3186744738216038e-14,300,15
1897,2,6.483644530342191e-06,600,21
1897,3,0.0012450488632968105,900,8
1897,4,0.6369972354666622,1200,10
1897,5,0.9999999999928302,1500,0
1898,0,0.02403815007511806,0,8
1898,1,1.9463059524067636e-14,300,16
1898,2,6.483644530342191e-06,600,11
1898,3,0.0012450488632968105,900,10
1898,4,0.6982552662729954,1200,9
1898,5,0.9999999999928302,1500,0
1899,0,0.02403815007511806,0,12
1899,1,1.2864067279761068e-14,300,6
1899,2,3.943184811600841e-06,600,18
1899,3,0.0021318379861158866,900,8
1899,4,0.6982552662729954,1200,10
1899,5,0.9999999999928302,1500,0
1900,0,0.02403815007511806,0,7
1900,1,1.2864067279761068e-14,300,7
1900,2,3.943184811600841e-06,600,20
1900,3,0.0031737707766202445,900,10
1900,4,0.6982552662729954,1200,9
1900,5,0.9999999999933356,1500,0
1901,0,0.02241902731490445,0,11
1901,1,1.2864067279761068e-14,300,9
1901,2,3.4724636759337635e-06,600,7
1901,3,0.0031737707766202445,900,16
1901,4,0.6982552662729954,1200,10
1901,5,0.9999999999933356,1500,0
1902,0,0.023687893058259007,0,7
1902,1,1.2021635796124165e-14,300,9
1902,2,2.7368309412817453e-06,600,13
1902,3,0.0031737707766202445,900,6
1902,4,0.6982552662729954,1200,17
1902,5,0.9999999999933356,1500,0
1903,0,0.023687893058259007,0,6
1903,1,1.2021635796124165e-14,300,12
1903,2,2.46554423784227e-06,600,12
1903,3,0.0031737707766202445,900,9
1903,4,0.656670612353749,1200,13
1903,5,0.9999999999946299,1500,0
1904,0,0.026616242676239302,0,8
1904,1,1.461786454466008e-14,300,11
1904,2,2.46554423784227e-06,600,16
1904,3,0.0031737707766202445,900,10
1904,4,0.656670612353749,1200,8
1904,5,0.9999999999914837,1500,0
1905,0,0.042540653292224576,0,9
1905,1,1.9160619392680004e-14,300,15
1905,2,2.46554423784227e-06,600,12
1905,3,0.0031737707766202445,900,8
1905,4,0.656670612353749,1200,9
1905,5,0.9999999999914837,1500,0
1906,0,0.03451829492006415,0,7
1906,1,2.9017084298505484e-14,300,17
1906,2,2.46554423784227e-06,600,12
1906,3,0.0031737707766202445,900,6
1906,4,0.7802564234932357,1200,12
1906,5,0.9999999999914837,1500,0
1907,0,0.03451829492006415,0,7
1907,1,3.3527322870315735e-14,300,19
1907,2,2.46554423784227e-06,600,13
1907,3,0.0031737707766202445,900,6
1907,4,0.756395261765288,1200,9
1907,5,0.9999999999897726,1500,0
1908,0,0.03451829492006415,0,4
1908,1,3.3527322870315735e-14,300,17
1908,2,2.46554423784227e-06,600,17
1908,3,0.004547632964928672,900,7
1908,4,0.756395261765288,1200,9
1908,5,0.9999999999874185,1500,0
1909,0,0.03451829492006415,0,8
1909,1,1.4633362321771037e-14,300,12
1909,2,2.46554423784227e-06,600,16
1909,3,0.0051139108670688,900,7
1909,4,0.756395261765288,1200,10
1909,5,0.9999999999922076,1500,0
1910,0,0.01703450413400206,0,7
1910,1,1.4633362321771037e-14,300,4
1910,2,1.5263437121878199e-06,600,20
1910,3,0.002759437955090152,900,10
1910,4,0.756395261765288,1200,11
1910,5,0.9999999999922076,1500,0
1911,0,0.01703450413400206,0,6
1911,1,1.7451358033047468e-14,300,13
1911,2,1.0313425577710118e-06,600,19
1911,3,0.002371962165126209,900,6
1911,4,0.8575964115548987,1200,10
1911,5,0.9999999999922076,1500,0
1912,0,0.01703450413400206,0,7
1912,1,1.7451358033047468e-14,300,6
1912,2,9.275382928567799e-07,600,17
1912,3,0.0015661594847532496,900,16
1912,4,0.8575964115548987,1200,6
1912,5,0.9999999999941531,1500,0
1913,0,0.01703450413400206,0,7
1913,1,3.3476077049478056e-14,300,15
1913,2,9.275382928567799e-07,600,12
1913,3,0.0015661594847532496,900,8
1913,4,0.8575964115548987,1200,12
1913,5,0.9999999999945386,1500,0
1914,0,0.01703450413400206,0,5
1914,1,3.3476077049478056e-14,300,20
1914,2,9.275382928567799e-07,600,15
1914,3,0.0005317727852232615,900,9
1914,4,0.8575964115548987,1200,5
1914,5,0.9999999999945386,1500,0
1915,0,0.014544191251026808,0,1
1915,1,3.3476077049478056e-14,300,25
1915,2,4.16080913872941e-07,600,14
1915,3,0.0005317727852232615,900,5
1915,4,0.8401673673145593,1200,9
1915,5,0.9999999999945386,1500,0
1916,0,0.03875012243768181,0,8
1916,1,3.3476077049478056e-14,300,11
1916,2,4.16080913872941e-07,600,24
1916,3,0.00024428068890757274,900,0
1916,4,0.8401673673145593,1200,11
1916,5,0.9999999999945386,1500,0
1917,0,0.03875012243768181,0,6
1917,1,3.3418701605324563e-14,300,16
1917,2,2.780351164879892e-07,600,21
1917,3,0.00024428068890757274,900,9
1917,4,0.8568594186920748,1200,2
1917,5,0.9999999999960636,1500,0
1918,0,0.03875012243768181,0,6
1918,1,3.2977582388787044e-14,300,7
1918,2,2.780351164879892e-07,600,18
1918,3,0.0002902153262589968,900,6
1918,4,0.8582839843090245,1200,16
1918,5,0.9999999999934908,1500,0
1919,0,0.03875012243768181,0,7
1919,1,3.2977582388787044e-14,300,10
1919,2,2.780351164879892e-07,600,19
1919,3,0.00011360209811356358,900,13
1919,4,0.8582839843090245,1200,4
1919,5,0.99999999999252,1500,0
1920,0,0.024765916049730646,0,9
1920,1,3.2977582388787044e-14,300,18
1920,2,2.780351164879892e-07,600,6
1920,3,0.00011360209811356358,900,6
1920,4,0.8117373843981052,1200,15
1920,5,0.99999999999252,1500,0
1921,0,0.024765916049730646,0,6
1921,1,3.728300288071834e-14,300,13
1921,2,2.780351164879892e-07,600,10
1921,3,8.311996701567625e-05,900,7
1921,4,0.774943518938656,1200,18
1921,5,0.99999999999252,1500,0
1922,0,0.024765916049730646,0,8
1922,1,3.728300288071834e-14,300,11
1922,2,2.780351164879892e-07,600,17
1922,3,8.311996701567625e-05,900,11
1922,4,0.8522550208615184,1200,7
1922,5,0.9999999999974798,1500,0
1923,0,0.024765916049730646,0,12
1923,1,3.908432369658654e-14,300,18
1923,2,2.67301327407181e-07,600,7
1923,3,8.311996701567625e-05,900,8
1923,4,0.9161958596806982,1200,9
1923,5,0.9999999999974798,1500,0
1924,0,0.031288513211243485,0,6
1924,1,3.908432369658654e-14,300,15
1924,2,2.67301327407181e-07,600,16
1924,3,6.071033025340221e-05,900,4
1924,4,0.9161958596806982,1200,13
1924,5,0.9999999999974798,1500,0
1925,0,0.031288513211243485,0,9
1925,1,3.908432369658654e-14,300,18
1925,2,2.67301327407181e-07,600,14
1925,3,5.089862830208182e-05,900,1
1925,4,0.9504091803908088,1200,12
1925,5,0.9999999999974798,1500,0
1926,0,0.06490799208702387,0,6
1926,1,3.908432369658654e-14,300,16
1926,2,2.67301327407181e-07,600,18
1926,3,8.5638633628421e-05,900,8
1926,4,0.9504091803908088,1200,6
1926,5,0.9999999999974798,1500,0
1927,0,0.06490799208702387,0,11
1927,1,3.908432369658654e-14,300,11
1927,2,4.4478405849684215e-07,600,20
1927,3,8.5638633628421e-05,900,6
1927,4,0.9504091803908088,1200,4
1927,5,0.9999999999979918,1500,0
1928,0,0.10021141136105177,0,11
1928,1,3.572768574621895e-14,300,18
1928,2,4.4478405849684215e-07,600,16
1928,3,8.5638633628421e-05,900,5
1928,4,0.9504091803908088,1200,4
1928,5,0.9999999999979918,1500,0
1929,0,0.09961407936535786,0,13
1929,1,4.540769746098274e-14,300,16
1929,2,6.985899586585342e-07,600,17
1929,3,8.5638633628421e-05,900,2
1929,4,0.9504091803908088,1200,5
1929,5,0.9999999999977807,1500,0
1930,0,0.029496762177150276,0,5
1930,1,4.540769746098274e-14,300,13
1930,2,6.985899586585342e-07,600,19
1930,3,8.5638633628421e-05,900,7
1930,4,0.9455150366437559,1200,9
1930,5,0.9999999999977807,1500,0
1931,0,0.011705577206894538,0,6
1931,1,4.540769746098274e-14,300,15
1931,2,6.985899586585342e-07,600,15
1931,3,0.00010061701328650519,900,8
1931,4,0.9455150366437559,1200,9
1931,5,0.9999999999977807,1500,0
1932,0,0.011705577206894538,0,10
1932,1,5.0893509128374576e-14,300,17
1932,2,4.506112456015191e-07,600,14
1932,3,0.00010061701328650519,900,8
1932,4,0.9248099402678154,1200,5
1932,5,0.9999999999977807,1500,0
1933,0,0.008529619252438163,0,7
1933,1,3.91003331689835e-14,300,19
1933,2,6.609276399279619e-07,600,16
1933,3,0.00011053214028743501,900,3
1933,4,0.9248099402678154,1200,9
1933,5,0.9999999999977807,1500,0
1934,0,0.006057422143975801,0,7
1934,1,3.91003331689835e-14,300,14
1934,2,6.609276399279619e-07,600,14
1934,3,0.00011053214028743501,900,9
1934,4,0.9248099402678154,1200,10
1934,5,0.9999999999965117,1500,0
1935,0,0.006057422143975801,0,7
1935,1,3.91003331689835e-14,300,12
1935,2,6.609276399279619e-07,600,12
1935,3,0.00011053214028743501,900,6
1935,4,0.9248099402678154,1200,15
1935,5,0.9999999999977232,1500,0
1936,0,0.003881094565069747,0,10
1936,1,3.7517768603056e-14,300,15
1936,2,6.609276399279619e-07,600,12
1936,3,0.00010958849249549676,900,8
1936,4,0.9405329759975466,1200,8
1936,5,0.9999999999977232,1500,0
1937,0,0.003881094565069747,0,4
1937,1,3.7517768603056e-14,300,13
1937,2,1.1232010990489822e-06,600,20
1937,3,3.6061943598275205e-05,900,7
1937,4,0.9405329759975466,1200,8
1937,5,0.9999999999977232,1500,0
1938,0,0.0029586829705483654,0,3
1938,1,3.7517768603056e-14,300,18
1938,2,1.1232010990489822e-06,600,14
1938,3,3.371975450980574e-05,900,6
1938,4,0.9405329759975466,1200,9
1938,5,0.999999999996873,1500,0
1939,0,0.0029586829705483654,0,10
1939,1,3.7517768603056e-14,300,16
1939,2,6.839835520905019e-07,600,11
1939,3,4.466889087417187e-05,900,4
1939,4,0.9405329759975466,1200,12
1939,5,0.9999999999955493,1500,0
1940,0,0.0029586829705483654,0,10
1940,1,3.7517768603056e-14,300,14
1940,2,6.839835520905019e-07,600,16
1940,3,4.466889087417187e-05,900,8
1940,4,0.9405329759975466,1200,5
1940,5,0.9999999999959497,1500,0
1941,0,0.0029586829705483654,0,7
1941,1,3.7517768603056e-14,300,18
1941,2,6.839835520905019e-07,600,15
1941,3,4.993380548433224e-05,900,6
1941,4,0.9424661861485023,1200,8
1941,5,0.9999999999987692,1500,0
1942,0,0.00381773985722903,0,10
1942,1,3.7517768603056e-14,300,12
1942,2,1.766041854245676e-06,600,18
1942,3,4.993380548433224e-05,900,4
1942,4,0.943535937795073,1200,9
1942,5,0.9999999999987692,1500,0
1943,0,0.0021533763012711194,0,15
1943,1,3.7517768603056e-14,300,16
1943,2,2.013950351525663e-06,600,11
1943,3,4.381447955803925e-05,900,7
1943,4,0.943535937795073,1200,4
1943,5,0.9999999999987692,1500,0
1944,0,0.001437537673074895,0,11
1944,1,3.7517768603056e-14,300,11
1944,2,2.013950351525663e-06,600,12
1944,3,4.381447955803925e-05,900,7
1944,4,0.943535937795073,1200,13
1944,5,0.9999999999987692,1500,0
1945,0,0.001437537673074895,0,12
1945,1,3.7517768603056e-14,300,14
1945,2,2.013950351525663e-06,600,13
1945,3,4.328440149572254e-05,900,8
1945,4,0.943535937795073,1200,7
1945,5,0.9999999999972433,1500,0
1946,0,0.001437537673074895,0,4
1946,1,3.7517768603056e-14,300,17
1946,2,2.013950351525663e-06,600,12
1946,3,4.328440149572254e-05,900,10
1946,4,0.9495869221616934,1200,9
1946,5,0.9999999999973539,1500,0
1947,0,0.001437537673074895,0,3
1947,1,3.7517768603056e-14,300,12
1947,2,3.3390836096912967e-06,600,20
1947,3,5.693929396719387e-05,900,10
1947,4,0.9495869221616934,1200,7
1947,5,0.9999999999973539,1500,0
1948,0,0.001437537673074895,0,12
1948,1,7.203639295810015e-14,300,9
1948,2,3.3390836096912967e-06,600,13
1948,3,8.693957419176225e-05,900,16
1948,4,0.9495869221616934,1200,4
1948,5,0.9999999999973919,1500,0
1949,0,0.0019429856928904917,0,10
1949,1,7.203639295810015e-14,300,12
1949,2,3.3390836096912967e-06,600,19
1949,3,8.693957419176225e-05,900,5
1949,4,0.9634235838470848,1200,8
1949,5,0.9999999999969871,1500,0
1950,0,0.002912280029165317,0,9
1950,1,7.203639295810015e-14,300,16
1950,2,3.3390836096912967e-06,600,14
1950,3,8.693957419176225e-05,900,7
1950,4,0.9581182539311762,1200,7
1950,5,0.9999999999980489,1500,0
1951,0,0.0012255410262746532,0,8
1951,1,7.203639295810015e-14,300,12
1951,2,3.3390836096912967e-06,600,11
1951,3,7.571266027265245e-05,900,8
1951,4,0.9336635945989049,1200,15
1951,5,0.9999999999980489,1500,0
1952,0,0.0012255410262746532,0,9
1952,1,7.203639295810015e-14,300,11
1952,2,5.56629137665339e-06,600,19
1952,3,7.571266027265245e-05,900,5
1952,4,0.9417886505412519,1200,10
1952,5,0.9999999999986766,1500,0
1953,0,0.0012413661466426174,0,8
1953,1,7.203639295810015e-14,300,16
1953,2,5.56629137665339e-06,600,12
1953,3,7.571266027265245e-05,900,5
1953,4,0.9417886505412519,1200,13
1953,5,0.9999999999964604,1500,0
1954,0,0.0012413661466426174,0,6
1954,1,7.654000257278029e-14,300,17
1954,2,5.56629137665339e-06,600,11
1954,3,7.571266027265245e-05,900,12
1954,4,0.9366828182675185,1200,8
1954,5,0.9999999999964604,1500,0
1955,0,0.0019187710494786095,0,3
1955,1,6.592978972757368e-14,300,17
1955,2,5.56629137665339e-06,600,24
1955,3,7.571266027265245e-05,900,2
1955,4,0.949799861038561,1200,7
1955,5,0.9999999999964604,1500,0
1956,0,0.0019187710494786095,0,12
1956,1,6.592978972757368e-14,300,9
1956,2,5.56629137665339e-06,600,10
1956,3,0.0002302282415239527,900,7
1956,4,0.9387101345466929,1200,16
1956,5,0.9999999999964604,1500,0
1957,0,0.0019187710494786095,0,12
1957,1,5.361293407155668e-14,300,12
1957,2,4.030522282707127e-06,600,13
1957,3,0.0002084073952367208,900,11
1957,4,0.9387101345466929,1200,6
1957,5,0.9999999999964604,1500,0
1958,0,0.0019187710494786095,0,6
1958,1,3.6294319808573303e-14,300,15
1958,2,4.030522282707127e-06,600,15
1958,3,0.0002084073952367208,900,7
1958,4,0.8730303540912022,1200,11
1958,5,0.9999999999964604,1500,0
1959,0,0.0019187710494786095,0,6
1959,1,3.6294319808573303e-14,300,16
1959,2,4.522317944671453e-06,600,13
1959,3,0.00023124230030936022,900,8
1959,4,0.8435137052484389,1200,11
1959,5,0.999999999994591,1500,0
1960,0,0.0007603730609331504,0,5
1960,1,4.221615838635041e-14,300,19
1960,2,2.10779565316017e-06,600,11
1960,3,0.00023124230030936022,900,7
1960,4,0.8435137052484389,1200,12
1960,5,0.999999999994591,1500,0
1961,0,0.0014547683756983472,0,6
1961,1,4.221615838635041e-14,300,13
1961,2,2.227296889561426e-06,600,13
1961,3,0.00023124230030936022,900,9
1961,4,0.842390120633435,1200,13
1961,5,0.999999999994591,1500,0
1962,0,0.0014547683756983472,0,9
1962,1,6.261562327424209e-14,300,14
1962,2,2.227296889561426e-06,600,16
1962,3,0.00030310053868131163,900,4
1962,4,0.842390120633435,1200,11
1962,5,0.999999999994591,1500,0
1963,0,0.001372450546771932,0,4
1963,1,4.802327197282217e-14,300,17
1963,2,2.227296889561426e-06,600,12
1963,3,0.00030310053868131163,900,11
1963,4,0.7620816426358328,1200,10
1963,5,0.999999999994591,1500,0
1964,0,0.0019160227654737582,0,3
1964,1,4.393228742392611e-14,300,17
1964,2,1.6589768099826823e-06,600,16
1964,3,0.00023977421565710534,900,6
1964,4,0.7620816426358328,1200,12
1964,5,0.999999999994591,1500,0
1965,0,0.0019160227654737582,0,7
1965,1,4.393228742392611e-14,300,15
1965,2,1.6589768099826823e-06,600,11
1965,3,0.00017220388012824094,900,10
1965,4,0.8747302339451593,1200,9
1965,5,0.999999999994591,1500,0
1966,0,0.0019160227654737582,0,8
1966,1,3.243021845145541e-14,300,12
1966,2,1.6589768099826823e-06,600,14
1966,3,0.00017220388012824094,900,3
1966,4,0.7797486062077483,1200,14
1966,5,0.999999999994591,1500,0
1967,0,0.001017906677677711,0,7
1967,1,3.8407548179912935e-14,300,13
1967,2,1.6589768099826823e-06,600,13
1967,3,0.00017220388012824094,900,8
1967,4,0.7797486062077483,1200,12
1967,5,0.9999999999938896,1500,0
1968,0,0.0016079998237729556,0,4
1968,1,3.8407548179912935e-14,300,22
1968,2,1.6589768099826823e-06,600,5
1968,3,0.00017220388012824094,900,9
1968,4,0.7707619830374299,1200,14
1968,5,0.9999999999909746,1500,0
1969,0,0.001348815074712132,0,4
1969,1,1.574078524659569e-14,300,13
1969,2,1.6589768099826823e-06,600,9
1969,3,0.00021111607270508773,900,8
1969,4,0.7707619830374299,1200,16
1969,5,0.9999999999907587,1500,0
1970,0,0.001348815074712132,0,7
1970,1,6.6912336057788824e-15,300,11
1970,2,1.6589768099826823e-06,600,11
1970,3,0.00014848440024665426,900,8
1970,4,0.7707619830374299,1200,14
1970,5,0.9999999999907587,1500,0
1971,0,0.001348815074712132,0,14
1971,1,4.7763387719703245e-15,300,13
1971,2,2.3611672930621284e-06,600,12
1971,3,0.00014848440024665426,900,5
1971,4,0.8081535205852128,1200,9
1971,5,0.9999999999907587,1500,0
1972,0,0.001348815074712132,0,6
1972,1,4.7763387719703245e-15,300,18
1972,2,2.3611672930621284e-06,600,13
1972,3,0.00035210458267385204,900,2
1972,4,0.8081535205852128,1200,15
1972,5,0.9999999999811455,1500,0
1973,0,0.0020555623496923163,0,6
1973,1,5.307962294495244e-15,300,10
1973,2,4.9635311525035004e-06,600,18
1973,3,0.00035210458267385204,900,12
1973,4,0.8081535205852128,1200,8
1973,5,0.9999999999811455,1500,0
1974,0,0.0020555623496923163,0,9
1974,1,5.307962294495244e-15,300,10
1974,2,4.76441142941333e-06,600,15
1974,3,0.00037325592140308845,900,9
1974,4,0.8740804826293782,1200,11
1974,5,0.9999999999811455,1500,0
1975,0,0.0020555623496923163,0,6
1975,1,5.307962294495244e-15,300,22
1975,2,4.76441142941333e-06,600,6
1975,3,0.000518368326086686,900,9
1975,4,0.8740804826293782,1200,10
1975,5,0.9999999999811455,1500,0
1976,0,0.0020555623496923163,0,6
1976,1,5.816099184040871e-15,300,12
1976,2,4.76441142941333e-06,600,15
1976,3,0.0006348171842642689,900,9
1976,4,0.8936070078180417,1200,12
1976,5,0.9999999999811455,1500,0
1977,0,0.0020555623496923163,0,9
1977,1,8.72273374636047e-15,300,20
1977,2,4.76441142941333e-06,600,11
1977,3,0.001547525045720299,900,6
1977,4,0.8801323243527233,1200,8
1977,5,0.9999999999811455,1500,0
1978,0,0.0020555623496923163,0,8
1978,1,1.735084965629394e-14,300,17
1978,2,4.76441142941333e-06,600,11
1978,3,0.0015424989325064087,900,11
1978,4,0.8801323243527233,1200,7
1978,5,0.9999999999731148,1500,0
1979,0,0.0020555623496923163,0,7
1979,1,1.735084965629394e-14,300,11
1979,2,4.76441142941333e-06,600,12
1979,3,0.0009256044292277043,900,5
1979,4,0.7624936069710054,1200,19
1979,5,0.9999999999778655,1500,0
1980,0,0.0020555623496923163,0,5
1980,1,1.735084965629394e-14,300,22
1980,2,6.94712458308943e-06,600,15
1980,3,0.0011753916534171583,900,3
1980,4,0.8337693124916988,1200,9
1980,5,0.9999999999778655,1500,0
1981,0,0.002736392548782841,0,12
1981,1,1.735084965629394e-14,300,14
1981,2,8.600549010621011e-06,600,19
1981,3,0.0020502154814494183,900,3
1981,4,0.8337693124916988,1200,6
1981,5,0.9999999999692994,1500,0
1982,0,0.0015034730322499913,0,10
1982,1,1.735084965629394e-14,300,13
1982,2,9.58875867363833e-06,600,11
1982,3,0.0019324424782485954,900,7
1982,4,0.8337693124916988,1200,12
1982,5,0.9999999999692994,1500,0
1983,0,0.0015034730322499913,0,14
1983,1,1.735084965629394e-14,300,9
1983,2,9.58875867363833e-06,600,17
1983,3,0.0024471010374654315,900,6
1983,4,0.8010712771336601,1200,8
1983,5,0.9999999999692994,1500,0
1984,0,0.0015852453620942486,0,5
1984,1,1.735084965629394e-14,300,15
1984,2,9.58875867363833e-06,600,9
1984,3,0.0025402503360720573,900,14
1984,4,0.8010712771336601,1200,11
1984,5,0.9999999999623495,1500,0
1985,0,0.0015852453620942486,0,3
1985,1,1.979372563321995e-14,300,9
1985,2,1.8027153340648842e-05,600,19
1985,3,0.0025402503360720573,900,10
1985,4,0.8010712771336601,1200,11
1985,5,0.9999999999623495,1500,0
1986,0,0.0015852453620942486,0,9
1986,1,1.979372563321995e-14,300,15
1986,2,3.063014922181066e-05,600,21
1986,3,0.0020506420172889503,900,6
1986,4,0.9018009450621016,1200,3
1986,5,0.9999999999623495,1500,0
1987,0,0.0015852453620942486,0,8
1987,1,1.8351169949068704e-14,300,18
1987,2,2.4408850759500758e-05,600,11
1987,3,0.0020506420172889503,900,9
1987,4,0.9004376191051119,1200,7
1987,5,0.9999999999623495,1500,0
1988,0,0.001373848951184189,0,6
1988,1,1.8351169949068704e-14,300,16
1988,2,1.1065272233076081e-05,600,9
1988,3,0.0020506420172889503,900,9
1988,4,0.903231062073672,1200,12
1988,5,0.9999999999623495,1500,0
1989,0,0.001373848951184189,0,11
1989,1,2.1686216334437196e-14,300,10
1989,2,1.150509221822014e-05,600,16
1989,3,0.0012527117215659078,900,4
1989,4,0.903231062073672,1200,11
1989,5,0.9999999999623495,1500,0
1990,0,0.001280712805062994,0,7
1990,1,9.794967093081717e-15,300,10
1990,2,5.407560414569174e-06,600,11
1990,3,0.0012527117215659078,900,12
1990,4,0.903231062073672,1200,14
1990,5,0.9999999999623495,1500,0
1991,0,0.001280712805062994,0,7
1991,1,9.794967093081717e-15,300,11
1991,2,5.407560414569174e-06,600,19
1991,3,0.0012527117215659078,900,8
1991,4,0.9294591609009105,1200,8
1991,5,0.9999999999114815,1500,0
1992,0,0.001280712805062994,0,8
1992,1,1.4146797172165295e-14,300,20
1992,2,5.407560414569174e-06,600,11
1992,3,0.0006030659287982785,900,6
1992,4,0.9294591609009105,1200,8
1992,5,0.9999999999114815,1500,0
1993,0,0.0012672314709793087,0,5
1993,1,1.0974329788397509e-14,300,14
1993,2,5.407560414569174e-06,600,22
1993,3,0.0003111597660863096,900,11
1993,4,0.9294591609009105,1200,2
1993,5,0.9999999999114815,1500,0
1994,0,0.00067683175659391,0,13
1994,1,1.0974329788397509e-14,300,14
1994,2,5.407560414569174e-06,600,14
1994,3,0.0003111597660863096,900,7
1994,4,0.8759635364423913,1200,6
1994,5,0.9999999998712119,1500,0
1995,0,0.0014278199953641514,0,9
1995,1,1.3538190882964387e-14,300,9
1995,2,4.049941185154385e-06,600,12
1995,3,0.00031766854778490826,900,10
1995,4,0.8759635364423913,1200,13
1995,5,0.9999999998712119,1500,0
1996,0,0.0014278199953641514,0,6
1996,1,1.3538190882964387e-14,300,18
1996,2,4.049941185154385e-06,600,11
1996,3,0.0004730020539208042,900,12
1996,4,0.8977407246665972,1200,7
1996,5,0.9999999999309566,1500,0
1997,0,0.0014278199953641514,0,10
1997,1,1.3538190882964387e-14,300,20
1997,2,2.1123757231295397e-06,600,14
1997,3,0.0004730020539208042,900,6
1997,4,0.9281838566142404,1200,3
1997,5,0.9999999999309566,1500,0
1998,0,0.0014278199953641514,0,10
1998,1,1.2817545397403716e-14,300,14
1998,2,1.6086994753857357e-06,600,13
1998,3,0.0004192833951833576,900,10
1998,4,0.9517178432416797,1200,7
1998,5,0.9999999999309566,1500,0
1999,0,0.0008084545559015687,0,11
1999,1,1.2817545397403716e-14,300,8
1999,2,1.6086994753857357e-06,600,23
1999,3,0.00039466232572989184,900,6
1999,4,0.9517178432416797,1200,5
1999,5,0.9999999999309566,1500,0
