gen,id,probability_maraud,position,successful_mating
0,0,0.01,0,8
0,1,0.01,600,10
0,2,0.01,1200,3
0,3,0.01,1800,13
0,4,0.01,2400,5
0,5,0.01,3000,15
1,0,0.011346759299024732,0,11
1,1,0.0038063287742565724,600,4
1,2,0.01,1200,11
1,3,0.01,1800,11
1,4,0.01,2400,9
1,5,0.01,3000,8
2,0,0.011346759299024732,0,7
2,1,0.0038063287742565724,600,8
2,2,0.01,1200,9
2,3,0.01,1800,12
2,4,0.004578889297679216,2400,8
2,5,0.012147345745434418,3000,10
3,0,0.010503803145987893,0,7
3,1,0.0038063287742565724,600,8
3,2,0.018375903518961314,1200,11
3,3,0.01,1800,10
3,4,0.004578889297679216,2400,4
3,5,0.012147345745434418,3000,14
4,0,0.01300041077264149,0,5
4,1,0.0038063287742565724,600,14
4,2,0.018375903518961314,1200,9
4,3,0.010981742680134635,1800,10
4,4,0.004240094622278715,2400,12
4,5,0.012147345745434418,3000,4
5,0,0.015346246350138384,0,11
5,1,0.0038063287742565724,600,8
5,2,0.02549608896461727,1200,11
5,3,0.010981742680134635,1800,9
5,4,0.004777981997766919,2400,9
5,5,0.016618012514921482,3000,6
6,0,0.015346246350138384,0,10
6,1,0.0038063287742565724,600,8
6,2,0.030232764218750777,1200,11
6,3,0.010981742680134635,1800,9
6,4,0.0032106613608456963,2400,9
6,5,0.01421686772234932,3000,7
7,0,0.015346246350138384,0,8
7,1,0.0017310029949216842,600,11
7,2,0.030232764218750777,1200,8
7,3,0.006460132290231014,1800,10
7,4,0.0032106613608456963,2400,7
7,5,0.01421686772234932,3000,10
8,0,0.015346246350138384,0,10
8,1,0.0017310029949216842,600,8
8,2,0.014370243168031538,1200,14
8,3,0.009180885123034933,1800,7
8,4,0.0032106613608456963,2400,7
8,5,0.013435666592181707,3000,8
9,0,0.011815808730741766,0,13
9,1,0.0017310029949216842,600,10
9,2,0.00818505688496004,1200,9
9,3,0.005839647129817116,1800,8
9,4,0.0032106613608456963,2400,5
9,5,0.013435666592181707,3000,9
10,0,0.010538724242009917,0,7
10,1,0.0017310029949216842,600,6
10,2,0.00818505688496004,1200,11
10,3,0.002439279091114268,1800,9
10,4,0.0032106613608456963,2400,8
10,5,0.013435666592181707,3000,13
11,0,0.010538724242009917,0,9
11,1,0.0017310029949216842,600,8
11,2,0.014338752640943572,1200,9
11,3,0.002439279091114268,1800,10
11,4,0.007415051788054393,2400,11
11,5,0.013435666592181707,3000,7
12,0,0.010538724242009917,0,8
12,1,0.003411162229965377,600,9
12,2,0.014176854177189228,1200,6
12,3,0.002439279091114268,1800,6
12,4,0.007415051788054393,2400,14
12,5,0.016095927374370517,3000,11
13,0,0.015557188114924838,0,8
13,1,0.003411162229965377,600,10
13,2,0.014176854177189228,1200,10
13,3,0.002439279091114268,1800,6
13,4,0.009260870700385485,2400,9
13,5,0.02454645735294959,3000,11
14,0,0.015557188114924838,0,5
14,1,0.0029955319855242716,600,7
14,2,0.017615566683102164,1200,9
14,3,0.002439279091114268,1800,11
14,4,0.007739592151150949,2400,12
14,5,0.02454645735294959,3000,10
15,0,0.017800165133895048,0,12
15,1,0.0029955319855242716,600,7
15,2,0.017615566683102164,1200,14
15,3,0.002439279091114268,1800,6
15,4,0.007739592151150949,2400,7
15,5,0.04644615236905308,3000,8
16,0,0.025937842982140295,0,12
16,1,0.0029955319855242716,600,8
16,2,0.017615566683102164,1200,9
16,3,0.004431109445286071,1800,9
16,4,0.006494350872519511,2400,8
16,5,0.041845049353709564,3000,8
17,0,0.025937842982140295,0,5
17,1,0.002171182557475462,600,16
17,2,0.017615566683102164,1200,9
17,3,0.004431109445286071,1800,10
17,4,0.018032977649595112,2400,8
17,5,0.03342661319157956,3000,6
18,0,0.025937842982140295,0,8
18,1,0.002171182557475462,600,12
18,2,0.016416914009130864,1200,9
18,3,0.004431109445286071,1800,6
18,4,0.017250563020338772,2400,8
18,5,0.03454039363945667,3000,11
19,0,0.025937842982140295,0,7
19,1,0.0020895276016050803,600,9
19,2,0.01751960522355654,1200,18
19,3,0.005506021400272406,1800,8
19,4,0.017250563020338772,2400,5
19,5,0.03454039363945667,3000,7
20,0,0.025937842982140295,0,8
20,1,0.0020895276016050803,600,12
20,2,0.01751960522355654,1200,13
20,3,0.005506021400272406,1800,4
20,4,0.008591670597865694,2400,8
20,5,0.04627295158981596,3000,9
21,0,0.029793828706961487,0,15
21,1,0.0020895276016050803,600,10
21,2,0.01751960522355654,1200,5
21,3,0.005506021400272406,1800,11
21,4,0.008591670597865694,2400,6
21,5,0.09859828510263834,3000,7
22,0,0.029793828706961487,0,6
22,1,0.0008279529267204607,600,14
22,2,0.011545893648403346,1200,14
22,3,0.007084523708152038,1800,8
22,4,0.008591670597865694,2400,6
22,5,0.09859828510263834,3000,6
23,0,0.051938501330097996,0,6
23,1,0.00043810620392064356,600,8
23,2,0.011545893648403346,1200,10
23,3,0.007084523708152038,1800,16
23,4,0.008591670597865694,2400,2
23,5,0.09859828510263834,3000,12
24,0,0.04258795573088183,0,4
24,1,0.00043810620392064356,600,8
24,2,0.028205226777071286,1200,12
24,3,0.0075340218108071655,1800,9
24,4,0.008224464680940383,2400,7
24,5,0.09859828510263834,3000,14
25,0,0.04258795573088183,0,6
25,1,0.0001491361486324696,600,14
25,2,0.03114732378171365,1200,11
25,3,0.0075340218108071655,1800,7
25,4,0.01005694543758212,2400,7
25,5,0.09859828510263834,3000,9
26,0,0.04258795573088183,0,4
26,1,0.0001491361486324696,600,6
26,2,0.03114732378171365,1200,12
26,3,0.006947850028648265,1800,8
26,4,0.01005694543758212,2400,8
26,5,0.2527439899288745,3000,16
27,0,0.01623934378466577,0,4
27,1,0.00028001166074230276,600,11
27,2,0.03114732378171365,1200,9
27,3,0.006947850028648265,1800,9
27,4,0.01005694543758212,2400,6
27,5,0.2527439899288745,3000,15
28,0,0.023051563450459864,0,6
28,1,0.00028001166074230276,600,15
28,2,0.02705260089682414,1200,8
28,3,0.006947850028648265,1800,7
28,4,0.01121873727521645,2400,1
28,5,0.2527439899288745,3000,17
29,0,0.023051563450459864,0,7
29,1,0.00016088533876418295,600,9
29,2,0.03223607749348003,1200,8
29,3,0.006947850028648265,1800,10
29,4,0.01121873727521645,2400,8
29,5,0.2527439899288745,3000,12
30,0,0.013100814013405047,0,7
30,1,0.00016088533876418295,600,6
30,2,0.03223607749348003,1200,12
30,3,0.005394372634905091,1800,5
30,4,0.01121873727521645,2400,11
30,5,0.2527439899288745,3000,13
31,0,0.009327377701030341,0,9
31,1,0.0003600600119219856,600,8
31,2,0.03223607749348003,1200,12
31,3,0.005394372634905091,1800,8
31,4,0.01121873727521645,2400,7
31,5,0.2527439899288745,3000,10
32,0,0.005008421646191632,0,8
32,1,0.0004382984120344905,600,7
32,2,0.03223607749348003,1200,11
32,3,0.005394372634905091,1800,9
32,4,0.01121873727521645,2400,6
32,5,0.2527439899288745,3000,13
33,0,0.005008421646191632,0,2
33,1,0.0006352370881068587,600,7
33,2,0.03223607749348003,1200,10
33,3,0.005394372634905091,1800,13
33,4,0.005976456992094911,2400,10
33,5,0.2527439899288745,3000,12
34,0,0.0059304980104419565,0,4
34,1,0.0002767466409241984,600,9
34,2,0.03223607749348003,1200,16
34,3,0.005394372634905091,1800,7
34,4,0.004625982314815909,2400,4
34,5,0.2527439899288745,3000,14
35,0,0.0059304980104419565,0,5
35,1,0.0002767466409241984,600,10
35,2,0.022006345807451515,1200,8
35,3,0.0113180328211394,1800,13
35,4,0.004625982314815909,2400,6
35,5,0.2527439899288745,3000,12
36,0,0.0059304980104419565,0,5
36,1,0.0002090071795978064,600,8
36,2,0.022006345807451515,1200,15
36,3,0.008749440527797006,1800,13
36,4,0.00329650744871761,2400,7
36,5,0.2527439899288745,3000,6
37,0,0.0059304980104419565,0,3
37,1,0.0002090071795978064,600,13
37,2,0.022006345807451515,1200,7
37,3,0.005998675881794389,1800,12
37,4,0.0022351195572882696,2400,7
37,5,0.2527439899288745,3000,12
38,0,0.008444186305906891,0,4
38,1,0.0002090071795978064,600,16
38,2,0.022006345807451515,1200,10
38,3,0.00393423955436978,1800,9
38,4,0.0022351195572882696,2400,5
38,5,0.2527439899288745,3000,10
39,0,0.008444186305906891,0,7
39,1,0.0002090071795978064,600,10
39,2,0.007803671575900125,1200,11
39,3,0.00393423955436978,1800,10
39,4,0.0022351195572882696,2400,5
39,5,0.38062197100698564,3000,11
40,0,0.019908128674440122,0,7
40,1,0.0002090071795978064,600,8
40,2,0.007707309834795868,1200,14
40,3,0.00393423955436978,1800,14
40,4,0.0022048763329609103,2400,1
40,5,0.38062197100698564,3000,10
41,0,0.019908128674440122,0,8
41,1,0.00023680984374309627,600,7
41,2,0.021871439518751725,1200,7
41,3,0.00393423955436978,1800,13
41,4,0.0024820048933970663,2400,5
41,5,0.38062197100698564,3000,14
42,0,0.019908128674440122,0,5
42,1,0.0006295856630056065,600,15
42,2,0.03063917060718334,1200,13
42,3,0.00393423955436978,1800,8
42,4,0.0024820048933970663,2400,5
42,5,0.38062197100698564,3000,8
43,0,0.028604339242915645,0,9
43,1,0.0006295856630056065,600,7
43,2,0.03063917060718334,1200,12
43,3,0.002883816824658468,1800,13
43,4,0.004065476408531009,2400,8
43,5,0.38062197100698564,3000,5
44,0,0.028604339242915645,0,4
44,1,0.0006295856630056065,600,15
44,2,0.040491094567007536,1200,11
44,3,0.0024547397399123402,1800,5
44,4,0.004065476408531009,2400,7
44,5,0.25806422805524665,3000,12
45,0,0.033388622701000216,0,6
45,1,0.0003704503197657204,600,12
45,2,0.040491094567007536,1200,12
45,3,0.0024547397399123402,1800,12
45,4,0.004065476408531009,2400,3
45,5,0.25806422805524665,3000,9
46,0,0.033388622701000216,0,6
46,1,0.0002925419086964287,600,9
46,2,0.06038188640502589,1200,10
46,3,0.0022887817003550766,1800,8
46,4,0.004065476408531009,2400,8
46,5,0.25806422805524665,3000,13
47,0,0.033388622701000216,0,6
47,1,0.0002925419086964287,600,13
47,2,0.06038188640502589,1200,8
47,3,0.0022887817003550766,1800,9
47,4,0.0071979957189116485,2400,5
47,5,0.25806422805524665,3000,13
48,0,0.033388622701000216,0,9
48,1,0.0002925419086964287,600,7
48,2,0.03935378201315402,1200,8
48,3,0.0038736905981761717,1800,13
48,4,0.0071979957189116485,2400,4
48,5,0.25806422805524665,3000,13
49,0,0.033388622701000216,0,4
49,1,0.0002925419086964287,600,10
49,2,0.03935378201315402,1200,13
49,3,0.0038736905981761717,1800,12
49,4,0.001918390615613983,2400,5
49,5,0.25806422805524665,3000,10
50,0,0.03611662258619047,0,5
50,1,0.0002925419086964287,600,8
50,2,0.0683408413127956,1200,17
50,3,0.0038736905981761717,1800,5
50,4,0.0036921515292519065,2400,5
50,5,0.25806422805524665,3000,14
51,0,0.03611662258619047,0,6
51,1,0.0002925419086964287,600,5
51,2,0.12146387369674252,1200,14
51,3,0.004771371999122334,1800,6
51,4,0.0029480625935638717,2400,6
51,5,0.25806422805524665,3000,17
52,0,0.03132592498367447,0,7
52,1,0.0002925419086964287,600,2
52,2,0.04562617180343123,1200,10
52,3,0.005175658692825485,1800,12
52,4,0.0029480625935638717,2400,10
52,5,0.25806422805524665,3000,13
53,0,0.03132592498367447,0,5
53,1,0.0002925419086964287,600,11
53,2,0.02586541315656333,1200,12
53,3,0.011016654025679015,1800,11
53,4,0.0034878109049440434,2400,3
53,5,0.25806422805524665,3000,12
54,0,0.042114436129178354,0,5
54,1,0.0003179485691508244,600,12
54,2,0.02586541315656333,1200,14
54,3,0.011016654025679015,1800,8
54,4,0.0034878109049440434,2400,3
54,5,0.25806422805524665,3000,12
55,0,0.04378353323717213,0,8
55,1,0.0003179485691508244,600,10
55,2,0.02586541315656333,1200,10
55,3,0.01345209411109586,1800,3
55,4,0.003016443232364086,2400,7
55,5,0.19612088393756905,3000,16
56,0,0.04378353323717213,0,2
56,1,0.0003179485691508244,600,10
56,2,0.02586541315656333,1200,13
56,3,0.027360393671276958,1800,10
56,4,0.0022559130582361898,2400,9
56,5,0.19612088393756905,3000,10
57,0,0.05521390751512759,0,12
57,1,0.00019232999031284159,600,10
57,2,0.02586541315656333,1200,10
57,3,0.033088643117917774,1800,9
57,4,0.0022559130582361898,2400,8
57,5,0.19612088393756905,3000,5
58,0,0.04180258384835215,0,8
58,1,0.00019232999031284159,600,10
58,2,0.027168416490998364,1200,11
58,3,0.04566650414471913,1800,12
58,4,0.0022559130582361898,2400,4
58,5,0.19612088393756905,3000,9
59,0,0.042777506009021075,0,10
59,1,0.0001561442863513899,600,8
59,2,0.027168416490998364,1200,12
59,3,0.04566650414471913,1800,7
59,4,0.002522369903891506,2400,6
59,5,0.16855243118064805,3000,11
60,0,0.042777506009021075,0,8
60,1,0.0001561442863513899,600,7
60,2,0.031180891439181856,1200,9
60,3,0.04566650414471913,1800,14
60,4,0.0008898520297121832,2400,6
60,5,0.16855243118064805,3000,10
61,0,0.042777506009021075,0,8
61,1,0.0001561442863513899,600,14
61,2,0.031180891439181856,1200,8
61,3,0.04566650414471913,1800,10
61,4,0.0011756888294552335,2400,5
61,5,0.17396819917880899,3000,9
62,0,0.042777506009021075,0,4
62,1,0.0001561442863513899,600,4
62,2,0.031180891439181856,1200,14
62,3,0.056647840195760295,1800,12
62,4,0.00100548304969823,2400,10
62,5,0.10615423786492954,3000,10
63,0,0.042005779477253716,0,7
63,1,0.00013837867163713345,600,14
63,2,0.031180891439181856,1200,10
63,3,0.056647840195760295,1800,8
63,4,0.00100548304969823,2400,10
63,5,0.09520984520065938,3000,5
64,0,0.042005779477253716,0,12
64,1,0.0004212211180453762,600,11
64,2,0.0366637100356231,1200,5
64,3,0.056647840195760295,1800,12
64,4,0.00100548304969823,2400,6
64,5,0.09179325139956136,3000,8
65,0,0.042005779477253716,0,9
65,1,0.0005082144929557361,600,4
65,2,0.0366637100356231,1200,9
65,3,0.04816981700620373,1800,10
65,4,0.00100548304969823,2400,11
65,5,0.08294710744298833,3000,11
66,0,0.042005779477253716,0,3
66,1,0.0006448825822924633,600,9
66,2,0.0366637100356231,1200,13
66,3,0.04816981700620373,1800,12
66,4,0.0008185632425548558,2400,7
66,5,0.05196124732376199,3000,10
67,0,0.042005779477253716,0,8
67,1,0.0006448825822924633,600,7
67,2,0.09003389986374216,1200,8
67,3,0.028031317843138514,1800,8
67,4,0.0008185632425548558,2400,7
67,5,0.05196124732376199,3000,16
68,0,0.042005779477253716,0,14
68,1,0.000995238775163778,600,3
68,2,0.14624454942077106,1200,10
68,3,0.028031317843138514,1800,7
68,4,0.0008185632425548558,2400,7
68,5,0.052074517609023055,3000,13
69,0,0.042005779477253716,0,9
69,1,0.0006736559902361028,600,8
69,2,0.14624454942077106,1200,12
69,3,0.028031317843138514,1800,4
69,4,0.0008185632425548558,2400,11
69,5,0.01682109377275386,3000,10
70,0,0.042005779477253716,0,12
70,1,0.0006736559902361028,600,7
70,2,0.14624454942077106,1200,8
70,3,0.07077583469944707,1800,7
70,4,0.0008185632425548558,2400,8
70,5,0.025598337838784346,3000,12
71,0,0.042005779477253716,0,9
71,1,0.0012160183697531677,600,9
71,2,0.17121801834956957,1200,10
71,3,0.07077583469944707,1800,8
71,4,0.0008185632425548558,2400,11
71,5,0.02094303017744556,3000,7
72,0,0.042005779477253716,0,12
72,1,0.0012160183697531677,600,6
72,2,0.1300035495378419,1200,9
72,3,0.13836387923384272,1800,14
72,4,0.0011614130921586182,2400,4
72,5,0.02094303017744556,3000,9
73,0,0.042005779477253716,0,12
73,1,0.0012160183697531677,600,4
73,2,0.1300035495378419,1200,11
73,3,0.13836387923384272,1800,9
73,4,0.0028511800286532244,2400,9
73,5,0.02094303017744556,3000,9
74,0,0.042005779477253716,0,11
74,1,0.0009415827589160091,600,6
74,2,0.14056961398370374,1200,5
74,3,0.13836387923384272,1800,10
74,4,0.0024731009396024286,2400,8
74,5,0.02094303017744556,3000,14
75,0,0.042005779477253716,0,9
75,1,0.0007242093032981241,600,4
75,2,0.1009004786932634,1200,5
75,3,0.18635098537316225,1800,10
75,4,0.0024731009396024286,2400,15
75,5,0.018325239464121547,3000,11
76,0,0.0676940731119837,0,12
76,1,0.0007246200167973238,600,5
76,2,0.1009004786932634,1200,7
76,3,0.18635098537316225,1800,13
76,4,0.0024731009396024286,2400,9
76,5,0.011117765710171989,3000,8
77,0,0.0676940731119837,0,10
77,1,0.0007246200167973238,600,10
77,2,0.1279949693242576,1200,7
77,3,0.22609390461015344,1800,12
77,4,0.0024731009396024286,2400,6
77,5,0.016263454867137605,3000,9
78,0,0.13475180437496453,0,16
78,1,0.00040291643517689004,600,9
78,2,0.1279949693242576,1200,12
78,3,0.22609390461015344,1800,10
78,4,0.0024731009396024286,2400,4
78,5,0.016263454867137605,3000,3
79,0,0.10192196228316512,0,13
79,1,0.00040291643517689004,600,6
79,2,0.1850947393816061,1200,10
79,3,0.19357648146448153,1800,13
79,4,0.0024731009396024286,2400,5
79,5,0.020768357251505297,3000,7
80,0,0.10192196228316512,0,11
80,1,0.00040291643517689004,600,5
80,2,0.19263357605823275,1200,10
80,3,0.19357648146448153,1800,6
80,4,0.0024731009396024286,2400,11
80,5,0.0338641791049475,3000,11
81,0,0.10192196228316512,0,15
81,1,0.00018720405678992276,600,7
81,2,0.19263357605823275,1200,4
81,3,0.32868152766832065,1800,17
81,4,0.0024731009396024286,2400,5
81,5,0.0338641791049475,3000,6
82,0,0.08290472769371536,0,10
82,1,0.00018720405678992276,600,5
82,2,0.19263357605823275,1200,6
82,3,0.32868152766832065,1800,17
82,4,0.0024731009396024286,2400,9
82,5,0.0338641791049475,3000,7
83,0,0.08290472769371536,0,9
83,1,8.145663899744331e-05,600,7
83,2,0.19263357605823275,1200,9
83,3,0.253648252287707,1800,9
83,4,0.0024731009396024286,2400,4
83,5,0.0338641791049475,3000,15
84,0,0.06001170008436559,0,15
84,1,8.145663899744331e-05,600,1
84,2,0.3157232671715378,1200,9
84,3,0.207241854190625,1800,5
84,4,0.0024731009396024286,2400,10
84,5,0.0338641791049475,3000,14
85,0,0.031175457223638348,0,6
85,1,8.145663899744331e-05,600,5
85,2,0.3157232671715378,1200,15
85,3,0.207241854190625,1800,5
85,4,0.001806858618208789,2400,10
85,5,0.0338641791049475,3000,13
86,0,0.015667925968454243,0,5
86,1,8.145663899744331e-05,600,10
86,2,0.3157232671715378,1200,7
86,3,0.207241854190625,1800,5
86,4,0.0013321247316615476,2400,9
86,5,0.0338641791049475,3000,18
87,0,0.015667925968454243,0,10
87,1,4.1041789371183655e-05,600,7
87,2,0.3157232671715378,1200,7
87,3,0.207241854190625,1800,5
87,4,0.0021744902117950605,2400,15
87,5,0.0338641791049475,3000,10
88,0,0.0129098271862843,0,6
88,1,4.1041789371183655e-05,600,4
88,2,0.1928641190059287,1200,11
88,3,0.207241854190625,1800,11
88,4,0.0019390763475874509,2400,10
88,5,0.0338641791049475,3000,12
89,0,0.014068831342850734,0,10
89,1,4.1041789371183655e-05,600,7
89,2,0.1928641190059287,1200,9
89,3,0.207241854190625,1800,5
89,4,0.0031411223325562604,2400,9
89,5,0.0338641791049475,3000,14
90,0,0.014239391405882018,0,7
90,1,4.1041789371183655e-05,600,8
90,2,0.19724644408767994,1200,12
90,3,0.1870688785145178,1800,12
90,4,0.0031411223325562604,2400,8
90,5,0.030147791755164265,3000,7
91,0,0.015333759061533959,0,10
91,1,4.1041789371183655e-05,600,10
91,2,0.13040665112525876,1200,7
91,3,0.1870688785145178,1800,13
91,4,0.0031411223325562604,2400,4
91,5,0.025084577833522734,3000,10
92,0,0.02553170141080042,0,7
92,1,4.1041789371183655e-05,600,7
92,2,0.13040665112525876,1200,12
92,3,0.12209588266770395,1800,8
92,4,0.0031411223325562604,2400,6
92,5,0.025084577833522734,3000,14
93,0,0.02553170141080042,0,3
93,1,2.2149260168252855e-05,600,8
93,2,0.13040665112525876,1200,9
93,3,0.09874604964356924,1800,14
93,4,0.0031411223325562604,2400,13
93,5,0.02015423631365294,3000,7
94,0,0.02553170141080042,0,10
94,1,2.2149260168252855e-05,600,7
94,2,0.0967435129882019,1200,8
94,3,0.09874604964356924,1800,12
94,4,0.0008715941427841528,2400,9
94,5,0.02015423631365294,3000,8
95,0,0.02392865598073169,0,9
95,1,1.7560942796866938e-05,600,8
95,2,0.0967435129882019,1200,10
95,3,0.12225492591923912,1800,9
95,4,0.0008715941427841528,2400,8
95,5,0.02015423631365294,3000,10
96,0,0.02392865598073169,0,4
96,1,9.896788364882312e-06,600,10
96,2,0.08066601296846317,1200,6
96,3,0.12225492591923912,1800,9
96,4,0.0008715941427841528,2400,11
96,5,0.027710684595192523,3000,14
97,0,0.025867301390243274,0,9
97,1,7.537560022868457e-06,600,5
97,2,0.08066601296846317,1200,12
97,3,0.08493510356515847,1800,10
97,4,0.0008715941427841528,2400,7
97,5,0.027710684595192523,3000,11
98,0,0.025867301390243274,0,10
98,1,7.537560022868457e-06,600,7
98,2,0.09043843539169007,1200,3
98,3,0.11200862355502066,1800,14
98,4,0.0008715941427841528,2400,8
98,5,0.027710684595192523,3000,12
99,0,0.029977604488169402,0,12
99,1,7.537560022868457e-06,600,5
99,2,0.21315711418267141,1200,14
99,3,0.11200862355502066,1800,6
99,4,0.0006739006735692406,2400,6
99,5,0.027710684595192523,3000,11
100,0,0.042167278058223005,0,14
100,1,7.537560022868457e-06,600,8
100,2,0.3414780786535711,1200,12
100,3,0.11200862355502066,1800,8
100,4,0.0006380830055936696,2400,3
100,5,0.027710684595192523,3000,9
101,0,0.042167278058223005,0,10
101,1,7.537560022868457e-06,600,7
101,2,0.33574232990051284,1200,8
101,3,0.11200862355502066,1800,5
101,4,0.0004832839009200201,2400,16
101,5,0.028435922285595275,3000,8
102,0,0.042167278058223005,0,8
102,1,1.0723133393417377e-05,600,11
102,2,0.33574232990051284,1200,14
102,3,0.10775496436721001,1800,2
102,4,0.0004832839009200201,2400,7
102,5,0.028435922285595275,3000,12
103,0,0.03957909992053204,0,12
103,1,1.222256610292086e-05,600,6
103,2,0.33574232990051284,1200,7
103,3,0.10775496436721001,1800,7
103,4,0.000416970514436797,2400,9
103,5,0.032789730381846925,3000,13
104,0,0.03957909992053204,0,13
104,1,1.222256610292086e-05,600,3
104,2,0.16955199783713193,1200,12
104,3,0.10226154287479246,1800,9
104,4,0.0005092589578800684,2400,6
104,5,0.032789730381846925,3000,11
105,0,0.03957909992053204,0,12
105,1,2.0630709508720575e-05,600,6
105,2,0.11714539420392539,1200,7
105,3,0.10226154287479246,1800,11
105,4,0.0005092589578800684,2400,6
105,5,0.032789730381846925,3000,12
106,0,0.03957909992053204,0,15
106,1,6.596032805742002e-06,600,1
106,2,0.11714539420392539,1200,8
106,3,0.10226154287479246,1800,8
106,4,0.0005092589578800684,2400,12
106,5,0.032789730381846925,3000,10
107,0,0.03957909992053204,0,10
107,1,1.6461174852478396e-05,600,5
107,2,0.21409082517026806,1200,11
107,3,0.10226154287479246,1800,7
107,4,0.0005092589578800684,2400,11
107,5,0.032789730381846925,3000,10
108,0,0.03957909992053204,0,13
108,1,1.6461174852478396e-05,600,8
108,2,0.2202151059263082,1200,7
108,3,0.14747265307703192,1800,10
108,4,0.0005092589578800684,2400,6
108,5,0.032789730381846925,3000,10
109,0,0.03957909992053204,0,9
109,1,1.6461174852478396e-05,600,14
109,2,0.0719468015186077,1200,3
109,3,0.1439771345314824,1800,12
109,4,0.0005092589578800684,2400,10
109,5,0.032789730381846925,3000,6
110,0,0.048719336304308726,0,14
110,1,1.6461174852478396e-05,600,8
110,2,0.050240767783041054,1200,6
110,3,0.1293111180433531,1800,6
110,4,0.0005092589578800684,2400,8
110,5,0.032789730381846925,3000,12
111,0,0.048719336304308726,0,9
111,1,1.6461174852478396e-05,600,11
111,2,0.023220506153373018,1200,5
111,3,0.1293111180433531,1800,15
111,4,0.0005092589578800684,2400,8
111,5,0.0564165708662585,3000,6
112,0,0.06763537317241596,0,15
112,1,1.6461174852478396e-05,600,9
112,2,0.023220506153373018,1200,3
112,3,0.11727514231195382,1800,9
112,4,0.0005092589578800684,2400,8
112,5,0.05041176530311747,3000,10
113,0,0.06763537317241596,0,7
113,1,1.2092355477025142e-05,600,7
113,2,0.013210544211327507,1200,7
113,3,0.11727514231195382,1800,10
113,4,0.0005092589578800684,2400,7
113,5,0.05041176530311747,3000,16
114,0,0.07631389024254906,0,9
114,1,1.2092355477025142e-05,600,12
114,2,0.013210544211327507,1200,7
114,3,0.11727514231195382,1800,12
114,4,0.0005641139352662875,2400,8
114,5,0.03099722825654053,3000,6
115,0,0.17371903334290298,0,13
115,1,1.2092355477025142e-05,600,6
115,2,0.01004683609981581,1200,5
115,3,0.13672258452499209,1800,15
115,4,0.0005641139352662875,2400,8
115,5,0.03099722825654053,3000,7
116,0,0.17371903334290298,0,11
116,1,5.213602604992868e-06,600,8
116,2,0.01004683609981581,1200,6
116,3,0.13672258452499209,1800,13
116,4,0.0005641139352662875,2400,8
116,5,0.028615414798646415,3000,8
117,0,0.17371903334290298,0,13
117,1,6.701142274876128e-06,600,8
117,2,0.01004683609981581,1200,10
117,3,0.10941387672470229,1800,9
117,4,0.0006420171201070823,2400,4
117,5,0.029610687427916355,3000,10
118,0,0.12708333941573116,0,14
118,1,6.701142274876128e-06,600,4
118,2,0.004158678035793464,1200,12
118,3,0.10941387672470229,1800,11
118,4,0.0006420171201070823,2400,8
118,5,0.029610687427916355,3000,5
119,0,0.11729491567770622,0,10
119,1,6.701142274876128e-06,600,7
119,2,0.0032047191541881206,1200,8
119,3,0.10941387672470229,1800,14
119,4,0.0006420171201070823,2400,6
119,5,0.04148929903167835,3000,9
120,0,0.11729491567770622,0,14
120,1,6.701142274876128e-06,600,9
120,2,0.0011904093126703025,1200,7
120,3,0.10941387672470229,1800,12
120,4,0.0006420171201070823,2400,8
120,5,0.04148929903167835,3000,4
121,0,0.11729491567770622,0,12
121,1,6.701142274876128e-06,600,9
121,2,0.0008359211561104055,1200,11
121,3,0.07651569782883696,1800,10
121,4,0.0006420171201070823,2400,7
121,5,0.04148929903167835,3000,5
122,0,0.1338096932540076,0,11
122,1,9.519352294652963e-06,600,9
122,2,0.0008359211561104055,1200,12
122,3,0.07651569782883696,1800,10
122,4,0.0006420171201070823,2400,7
122,5,0.04148929903167835,3000,5
123,0,0.1338096932540076,0,12
123,1,9.519352294652963e-06,600,6
123,2,0.0008359211561104055,1200,6
123,3,0.04196062996060123,1800,12
123,4,0.0006420171201070823,2400,8
123,5,0.06023236864370493,3000,10
124,0,0.10054990024567718,0,10
124,1,9.519352294652963e-06,600,15
124,2,0.0008359211561104055,1200,8
124,3,0.05938330838543429,1800,11
124,4,0.0005467136356585909,2400,5
124,5,0.07084301374837712,3000,5
125,0,0.16270461117309742,0,12
125,1,8.150025087733738e-06,600,9
125,2,0.0008359211561104055,1200,7
125,3,0.05938330838543429,1800,8
125,4,0.00024200029292970325,2400,11
125,5,0.07084301374837712,3000,7
126,0,0.16270461117309742,0,17
126,1,8.150025087733738e-06,600,3
126,2,0.0007065254012323197,1200,9
126,3,0.05938330838543429,1800,9
126,4,0.0004973764227391329,2400,4
126,5,0.07084301374837712,3000,12
127,0,0.16270461117309742,0,2
127,1,4.5151738672567905e-06,600,7
127,2,0.0007065254012323197,1200,9
127,3,0.05938330838543429,1800,13
127,4,0.0004770212711855661,2400,11
127,5,0.07084301374837712,3000,12
128,0,0.12251174495820641,0,7
128,1,5.014125084090283e-06,600,13
128,2,0.0007065254012323197,1200,9
128,3,0.05032818947264425,1800,13
128,4,0.0004770212711855661,2400,8
128,5,0.1328758568410583,3000,4
129,0,0.12251174495820641,0,7
129,1,5.014125084090283e-06,600,9
129,2,0.0006841670443202567,1200,11
129,3,0.02697609355822364,1800,11
129,4,0.0004770212711855661,2400,5
129,5,0.15390330137553693,3000,11
130,0,0.12251174495820641,0,10
130,1,6.282681126633443e-06,600,7
130,2,0.0006841670443202567,1200,9
130,3,0.012099238508041062,1800,9
130,4,0.0005292145715100592,2400,13
130,5,0.16873453171178704,3000,6
131,0,0.12251174495820641,0,8
131,1,6.918890480070471e-06,600,5
131,2,0.00027833638051352316,1200,13
131,3,0.012099238508041062,1800,11
131,4,0.0005292145715100592,2400,5
131,5,0.16873453171178704,3000,12
132,0,0.12251174495820641,0,2
132,1,6.918890480070471e-06,600,3
132,2,0.00019301597458225506,1200,20
132,3,0.00991002947262966,1800,11
132,4,0.00071254089140736,2400,9
132,5,0.16873453171178704,3000,9
133,0,0.12251174495820641,0,5
133,1,6.918890480070471e-06,600,11
133,2,0.00014755606788851148,1200,11
133,3,0.00991002947262966,1800,15
133,4,0.00071254089140736,2400,5
133,5,0.303469955785095,3000,7
134,0,0.059361368942077074,0,5
134,1,8.730495990859947e-06,600,9
134,2,0.00014755606788851148,1200,9
134,3,0.00991002947262966,1800,15
134,4,0.00071254089140736,2400,2
134,5,0.303469955785095,3000,14
135,0,0.0773139914406366,0,5
135,1,7.740160446292427e-06,600,12
135,2,0.00014755606788851148,1200,12
135,3,0.00991002947262966,1800,12
135,4,0.00071254089140736,2400,2
135,5,0.3250188396599533,3000,11
136,0,0.0773139914406366,0,6
136,1,1.858962873103381e-05,600,9
136,2,0.00014755606788851148,1200,11
136,3,0.01691591748212842,1800,12
136,4,0.00071254089140736,2400,4
136,5,0.3250188396599533,3000,12
137,0,0.0773139914406366,0,3
137,1,2.4504820664199663e-05,600,13
137,2,0.00022652111129166312,1200,9
137,3,0.01377153865583323,1800,11
137,4,0.00071254089140736,2400,7
137,5,0.3796474023955335,3000,11
138,0,0.0773139914406366,0,9
138,1,2.9282927322865176e-05,600,8
138,2,0.00022652111129166312,1200,11
138,3,0.00618870610631717,1800,8
138,4,0.00071254089140736,2400,4
138,5,0.3796474023955335,3000,14
139,0,0.08230566815477962,0,8
139,1,2.9282927322865176e-05,600,9
139,2,0.0002094436369011379,1200,16
139,3,0.0045300587450659785,1800,7
139,4,0.00042553943959052284,2400,5
139,5,0.3796474023955335,3000,9
140,0,0.09623338242182836,0,9
140,1,2.9282927322865176e-05,600,6
140,2,0.0002094436369011379,1200,11
140,3,0.0045300587450659785,1800,13
140,4,0.00042553943959052284,2400,5
140,5,0.2914152057602353,3000,10
141,0,0.09623338242182836,0,6
141,1,2.962318089585567e-05,600,10
141,2,0.0002094436369011379,1200,9
141,3,0.0045300587450659785,1800,11
141,4,0.00042553943959052284,2400,8
141,5,0.23445201875377528,3000,10
142,0,0.09623338242182836,0,5
142,1,2.962318089585567e-05,600,7
142,2,0.0002226190664068902,1200,15
142,3,0.0045300587450659785,1800,8
142,4,0.00045901649212357244,2400,7
142,5,0.23445201875377528,3000,12
143,0,0.09623338242182836,0,9
143,1,2.2364311108460636e-05,600,6
143,2,0.0002226190664068902,1200,13
143,3,0.004236373075909862,1800,12
143,4,0.0006015016842839351,2400,5
143,5,0.24064497018967734,3000,9
144,0,0.09623338242182836,0,5
144,1,2.2364311108460636e-05,600,12
144,2,0.00030650742972791387,1200,13
144,3,0.004236373075909862,1800,13
144,4,0.0005303833428024914,2400,5
144,5,0.20698289425759012,3000,6
145,0,0.06714191886523155,0,6
145,1,2.4848451668770673e-05,600,9
145,2,0.0002718856517298764,1200,6
145,3,0.004236373075909862,1800,14
145,4,0.0005566746994797729,2400,7
145,5,0.20698289425759012,3000,12
146,0,0.06714191886523155,0,14
146,1,1.3510136306318511e-05,600,9
146,2,0.0002718856517298764,1200,4
146,3,0.004236373075909862,1800,9
146,4,0.0005566746994797729,2400,6
146,5,0.2468962354321195,3000,12
147,0,0.05918647857078177,0,5
147,1,1.3510136306318511e-05,600,8
147,2,0.0002718856517298764,1200,14
147,3,0.0026089145079966963,1800,13
147,4,0.0005990684538451686,2400,5
147,5,0.2468962354321195,3000,9
148,0,0.05918647857078177,0,2
148,1,1.3510136306318511e-05,600,11
148,2,0.0002718856517298764,1200,9
148,3,0.0026089145079966963,1800,10
148,4,0.0002673258336398557,2400,6
148,5,0.3375767870956114,3000,16
149,0,0.05918647857078177,0,5
149,1,1.3953546134832096e-05,600,10
149,2,0.0002718856517298764,1200,8
149,3,0.0017676646102185265,1800,12
149,4,0.0002673258336398557,2400,8
149,5,0.1929489618776972,3000,11
150,0,0.05918647857078177,0,6
150,1,1.3953546134832096e-05,600,7
150,2,0.0002718856517298764,1200,12
150,3,0.0011840691145292791,1800,10
150,4,0.00024593542023112396,2400,14
150,5,0.1929489618776972,3000,5
151,0,0.05918647857078177,0,3
151,1,2.0826926687684017e-05,600,12
151,2,0.0002718856517298764,1200,8
151,3,0.0011840691145292791,1800,15
151,4,0.00019542775620082253,2400,4
151,5,0.1929489618776972,3000,12
152,0,0.05918647857078177,0,10
152,1,2.4484128123417662e-05,600,7
152,2,0.0004273735378053085,1200,9
152,3,0.0011840691145292791,1800,11
152,4,0.0001951413540247713,2400,7
152,5,0.1926921041484582,3000,10
153,0,0.04871380008942302,0,7
153,1,2.4484128123417662e-05,600,11
153,2,0.00016766188129182851,1200,7
153,3,0.0011876995997542447,1800,7
153,4,0.0001951413540247713,2400,13
153,5,0.1926921041484582,3000,9
154,0,0.04871380008942302,0,2
154,1,1.7231513227847517e-05,600,9
154,2,0.0002678636472308214,1200,8
154,3,0.0014155403678415132,1800,11
154,4,0.0001951413540247713,2400,10
154,5,0.19683198909119762,3000,14
155,0,0.04871380008942302,0,9
155,1,1.7231513227847517e-05,600,7
155,2,8.397222191809097e-05,1200,13
155,3,0.0014155403678415132,1800,12
155,4,0.0001806590220589409,2400,5
155,5,0.19683198909119762,3000,8
156,0,0.04871380008942302,0,9
156,1,1.7231513227847517e-05,600,7
156,2,8.57898500762445e-05,1200,10
156,3,0.0014155403678415132,1800,13
156,4,0.0001806590220589409,2400,5
156,5,0.3382139002550421,3000,10
157,0,0.036934447585391494,0,4
157,1,1.7231513227847517e-05,600,5
157,2,8.57898500762445e-05,1200,17
157,3,0.0014155403678415132,1800,10
157,4,0.0001806590220589409,2400,7
157,5,0.3382139002550421,3000,10
158,0,0.036934447585391494,0,3
158,1,1.6688599137115517e-05,600,11
158,2,9.771216175146605e-05,1200,9
158,3,0.0012447447032871053,1800,13
158,4,0.0001806590220589409,2400,3
158,5,0.318739796666567,3000,15
159,0,0.017408663301221688,0,0
159,1,1.6688599137115517e-05,600,9
159,2,9.771216175146605e-05,1200,16
159,3,0.0012447447032871053,1800,10
159,4,0.0001806590220589409,2400,9
159,5,0.3854763796966271,3000,10
160,0,0.01565597335952515,0,6
160,1,3.6420303901781405e-05,600,7
160,2,7.307084558422069e-05,1200,7
160,3,0.0012447447032871053,1800,19
160,4,0.0001806590220589409,2400,7
160,5,0.3854763796966271,3000,8
161,0,0.01565597335952515,0,3
161,1,1.577461625387097e-05,600,15
161,2,0.0001441597613943245,1200,9
161,3,0.0012447447032871053,1800,9
161,4,0.0001806590220589409,2400,3
161,5,0.3854763796966271,3000,15
162,0,0.007684808198774593,0,4
162,1,9.066683849023701e-06,600,13
162,2,0.0001441597613943245,1200,3
162,3,0.001091156190241923,1800,15
162,4,0.0001806590220589409,2400,4
162,5,0.3854763796966271,3000,15
163,0,0.005715912783007272,0,2
163,1,1.7272996192063414e-05,600,14
163,2,0.00017961742492692473,1200,9
163,3,0.001091156190241923,1800,10
163,4,0.0001806590220589409,2400,1
163,5,0.3854763796966271,3000,18
164,0,0.005715912783007272,0,7
164,1,1.7485360393819323e-05,600,9
164,2,0.00017961742492692473,1200,6
164,3,0.001091156190241923,1800,15
164,4,0.0001806590220589409,2400,6
164,5,0.22502112279161227,3000,11
165,0,0.005715912783007272,0,7
165,1,1.7485360393819323e-05,600,12
165,2,0.00017961742492692473,1200,9
165,3,0.0009232382060333301,1800,7
165,4,9.193072353961206e-05,2400,6
165,5,0.22502112279161227,3000,13
166,0,0.007806902728575538,0,4
166,1,1.7485360393819323e-05,600,8
166,2,0.00017961742492692473,1200,10
166,3,0.0009232382060333301,1800,15
166,4,0.00024130536725493743,2400,4
166,5,0.1927016385776238,3000,13
167,0,0.007806902728575538,0,4
167,1,1.122105815852285e-05,600,11
167,2,0.00017961742492692473,1200,7
167,3,0.0009232382060333301,1800,13
167,4,0.00016389936562630144,2400,5
167,5,0.38188633787025184,3000,14
168,0,0.007806902728575538,0,7
168,1,5.917570813382039e-06,600,9
168,2,0.00017961742492692473,1200,14
168,3,0.0009232382060333301,1800,6
168,4,0.00013522807227451096,2400,3
168,5,0.35699281581766645,3000,15
169,0,0.007806902728575538,0,2
169,1,6.797603912401695e-06,600,14
169,2,0.00017961742492692473,1200,16
169,3,0.0009232382060333301,1800,9
169,4,0.00019421090423209848,2400,2
169,5,0.35699281581766645,3000,11
170,0,0.007806902728575538,0,1
170,1,6.797603912401695e-06,600,9
170,2,0.0005069530000483915,1200,12
170,3,0.0009232382060333301,1800,14
170,4,0.0002635164580927887,2400,7
170,5,0.4396518069150808,3000,11
171,0,0.004379684157904901,0,2
171,1,6.797603912401695e-06,600,16
171,2,0.0005069530000483915,1200,12
171,3,0.0006544118530417046,1800,12
171,4,0.0001182440052519661,2400,3
171,5,0.4396518069150808,3000,9
172,0,0.004379684157904901,0,3
172,1,6.797603912401695e-06,600,9
172,2,0.0005291916796153135,1200,12
172,3,0.0014830516715453462,1800,15
172,4,0.0001182440052519661,2400,2
172,5,0.43854618850988614,3000,13
173,0,0.0033902443459885158,0,3
173,1,6.797603912401695e-06,600,18
173,2,0.000706811589524179,1200,6
173,3,0.0014830516715453462,1800,8
173,4,0.00015428364529462382,2400,7
173,5,0.43854618850988614,3000,12
174,0,0.0033902443459885158,0,0
174,1,6.797603912401695e-06,600,16
174,2,0.0005206846150214757,1200,13
174,3,0.0014830516715453462,1800,10
174,4,0.0001338875301712618,2400,5
174,5,0.5810396133488799,3000,10
175,0,0.0022460226172727263,0,1
175,1,6.797603912401695e-06,600,9
175,2,0.0005206846150214757,1200,12
175,3,0.0023563632579331863,1800,14
175,4,0.00012201024729434512,2400,2
175,5,0.5810396133488799,3000,16
176,0,0.0019159113544038662,0,5
176,1,9.297833765046681e-06,600,7
176,2,0.0005206846150214757,1200,16
176,3,0.003605865283129018,1800,12
176,4,0.00012201024729434512,2400,3
176,5,0.5810396133488799,3000,11
177,0,0.0021055074569974815,0,3
177,1,1.177828472057971e-05,600,12
177,2,0.0005206846150214757,1200,14
177,3,0.0037375201306679715,1800,10
177,4,0.00012201024729434512,2400,0
177,5,0.5810396133488799,3000,15
178,0,0.0012746451327234531,0,2
178,1,1.177828472057971e-05,600,15
178,2,0.0005197188946524847,1200,11
178,3,0.0037375201306679715,1800,17
178,4,0.00012201024729434512,2400,4
178,5,0.5810396133488799,3000,5
179,0,0.0012969904449685703,0,5
179,1,1.177828472057971e-05,600,8
179,2,0.0005197188946524847,1200,12
179,3,0.0037375201306679715,1800,12
179,4,0.0002424205806938801,2400,7
179,5,0.47828775331879136,3000,10
180,0,0.0012969904449685703,0,6
180,1,1.703270348673157e-05,600,14
180,2,0.000333908887716587,1200,12
180,3,0.0037375201306679715,1800,7
180,4,0.0002424205806938801,2400,4
180,5,0.38775267032108723,3000,11
181,0,0.003708231533724099,0,5
181,1,1.703270348673157e-05,600,14
181,2,0.000333908887716587,1200,9
181,3,0.0037375201306679715,1800,13
181,4,0.0003430365343222622,2400,3
181,5,0.38775267032108723,3000,10
182,0,0.0015680942221093762,0,2
182,1,1.982786634108459e-05,600,11
182,2,0.000333908887716587,1200,15
182,3,0.004099204428774782,1800,11
182,4,0.0003430365343222622,2400,4
182,5,0.38775267032108723,3000,11
183,0,0.0013198238144159604,0,6
183,1,5.9547792413876816e-05,600,10
183,2,0.000333908887716587,1200,10
183,3,0.004099204428774782,1800,9
183,4,0.00028051073766625575,2400,3
183,5,0.38775267032108723,3000,16
184,0,0.0013198238144159604,0,6
184,1,5.9547792413876816e-05,600,10
184,2,0.0002613170717135306,1200,12
184,3,0.007644938199627603,1800,7
184,4,0.0002127938774374007,2400,6
184,5,0.38775267032108723,3000,13
185,0,0.0012083947013270095,0,5
185,1,3.318478422795745e-05,600,8
185,2,0.0002613170717135306,1200,6
185,3,0.005520854905268543,1800,14
185,4,0.0002127938774374007,2400,4
185,5,0.38775267032108723,3000,17
186,0,0.001223877232963082,0,2
186,1,3.7343876933424115e-05,600,11
186,2,0.0002613170717135306,1200,14
186,3,0.0038826396465370767,1800,12
186,4,0.0002127938774374007,2400,7
186,5,0.38775267032108723,3000,8
187,0,0.0011771297514012794,0,4
187,1,4.69910706592351e-05,600,14
187,2,0.00020223682574851889,1200,8
187,3,0.0038826396465370767,1800,10
187,4,0.0002127938774374007,2400,2
187,5,0.38775267032108723,3000,16
188,0,0.0015401210549729283,0,4
188,1,4.0409582088940077e-05,600,7
188,2,0.00020223682574851889,1200,14
188,3,0.0038826396465370767,1800,9
188,4,0.0002127938774374007,2400,5
188,5,0.4829945400737073,3000,15
189,0,0.0015401210549729283,0,2
189,1,4.0409582088940077e-05,600,17
189,2,0.00024865375860972803,1200,11
189,3,0.006646324362891977,1800,12
189,4,0.0002127938774374007,2400,4
189,5,0.4829945400737073,3000,8
190,0,0.0015401210549729283,0,3
190,1,6.256254504698273e-05,600,11
190,2,0.000364554044496178,1200,14
190,3,0.004060914296694682,1800,11
190,4,0.0002127938774374007,2400,1
190,5,0.4829945400737073,3000,14
191,0,0.0015401210549729283,0,3
191,1,6.256254504698273e-05,600,10
191,2,0.000364554044496178,1200,17
191,3,0.004060914296694682,1800,10
191,4,0.00025829694088136716,2400,3
191,5,0.44192410071289917,3000,11
192,0,0.0015401210549729283,0,1
192,1,6.256254504698273e-05,600,14
192,2,0.0005138806832216386,1200,12
192,3,0.0014268800385247146,1800,11
192,4,0.00025829694088136716,2400,4
192,5,0.44192410071289917,3000,12
193,0,0.0015401210549729283,0,1
193,1,6.256254504698273e-05,600,12
193,2,0.0005138806832216386,1200,14
193,3,0.0014268800385247146,1800,9
193,4,0.000480182646598623,2400,1
193,5,0.44192410071289917,3000,17
194,0,0.0011272766678587951,0,4
194,1,6.256254504698273e-05,600,11
194,2,0.0007863015613090708,1200,9
194,3,0.0014268800385247146,1800,10
194,4,0.0007527691581901172,2400,6
194,5,0.33141014092070253,3000,14
195,0,0.0011272766678587951,0,3
195,1,6.256254504698273e-05,600,9
195,2,0.0007863015613090708,1200,8
195,3,0.0014268800385247146,1800,14
195,4,0.0005897259469940054,2400,3
195,5,0.21816692554310818,3000,17
196,0,0.0011272766678587951,0,4
196,1,7.550773852879299e-05,600,18
196,2,0.0007863015613090708,1200,7
196,3,0.0014268800385247146,1800,9
196,4,0.0011249293185490515,2400,4
196,5,0.21816692554310818,3000,12
197,0,0.0011272766678587951,0,7
197,1,4.5945384607324716e-05,600,11
197,2,0.0010322876107852332,1200,6
197,3,0.0014268800385247146,1800,10
197,4,0.0011249293185490515,2400,6
197,5,0.21816692554310818,3000,14
198,0,0.0009738256698705132,0,8
198,1,4.5945384607324716e-05,600,11
198,2,0.0015939504793285161,1200,12
198,3,0.0014268800385247146,1800,7
198,4,0.0006301754661734334,2400,5
198,5,0.20351782998750007,3000,11
199,0,0.0009738256698705132,0,9
199,1,4.5945384607324716e-05,600,5
199,2,0.0015939504793285161,1200,9
199,3,0.0012537561914958326,1800,11
199,4,0.0010881385221030114,2400,3
199,5,0.20351782998750007,3000,17
200,0,0.0009738256698705132,0,2
200,1,2.292757889325689e-05,600,5
200,2,0.0015939504793285161,1200,9
200,3,0.002480895194956828,1800,13
200,4,0.0010881385221030114,2400,10
200,5,0.20351782998750007,3000,15
201,0,0.0009738256698705132,0,6
201,1,2.292757889325689e-05,600,13
201,2,0.0015782934526955513,1200,8
201,3,0.0013746687479718794,1800,11
201,4,0.0010881385221030114,2400,1
201,5,0.22728092479354664,3000,15
202,0,0.0009738256698705132,0,6
202,1,2.0745788305281524e-05,600,12
202,2,0.0015782934526955513,1200,11
202,3,0.0010225423838274236,1800,8
202,4,0.0010881385221030114,2400,7
202,5,0.40134674209388993,3000,10
203,0,0.0023544389355254153,0,2
203,1,2.855310203607544e-05,600,12
203,2,0.0015782934526955513,1200,12
203,3,0.0010225423838274236,1800,7
203,4,0.0010881385221030114,2400,2
203,5,0.40134674209388993,3000,19
204,0,0.001559276267807849,0,3
204,1,2.855310203607544e-05,600,11
204,2,0.0019219183014857648,1200,15
204,3,0.0011041974923250391,1800,10
204,4,0.0009104090769175236,2400,3
204,5,0.40134674209388993,3000,12
205,0,0.001559276267807849,0,3
205,1,1.7714453501155574e-05,600,13
205,2,0.0019219183014857648,1200,12
205,3,0.0011041974923250391,1800,12
205,4,0.0009104090769175236,2400,4
205,5,0.49126011254376517,3000,10
206,0,0.001559276267807849,0,2
206,1,1.8828743773942968e-05,600,8
206,2,0.0019219183014857648,1200,11
206,3,0.0011041974923250391,1800,15
206,4,0.0006997307510772235,2400,4
206,5,0.4014416017957268,3000,14
207,0,0.001559276267807849,0,7
207,1,2.2527962810440536e-05,600,13
207,2,0.0009615980648421251,1200,12
207,3,0.0011041974923250391,1800,11
207,4,0.0005581495371155994,2400,1
207,5,0.3327705481761643,3000,10
208,0,0.001650086294640112,0,5
208,1,2.3444252346409974e-05,600,3
208,2,0.0009615980648421251,1200,15
208,3,0.0011041974923250391,1800,12
208,4,0.0005581495371155994,2400,4
208,5,0.3327705481761643,3000,15
209,0,0.001650086294640112,0,5
209,1,2.3444252346409974e-05,600,8
209,2,0.0023157388212462614,1200,8
209,3,0.0011041974923250391,1800,16
209,4,0.00028168165739672824,2400,4
209,5,0.29806914643214716,3000,13
210,0,0.001650086294640112,0,5
210,1,2.3444252346409974e-05,600,14
210,2,0.0014925814256912917,1200,8
210,3,0.0017813285597519763,1800,13
210,4,0.00018453746525977268,2400,3
210,5,0.29806914643214716,3000,11
211,0,0.0013810857283382016,0,5
211,1,2.3444252346409974e-05,600,10
211,2,0.0014925814256912917,1200,10
211,3,0.0017813285597519763,1800,14
211,4,0.00018453746525977268,2400,7
211,5,0.1924810556796735,3000,8
212,0,0.0013810857283382016,0,3
212,1,2.3420080539100335e-05,600,14
212,2,0.002534321162396338,1200,7
212,3,0.0017813285597519763,1800,12
212,4,0.00011627555740889312,2400,7
212,5,0.2640302029661172,3000,11
213,0,0.0012984183769253373,0,4
213,1,2.0022125749292715e-05,600,12
213,2,0.002534321162396338,1200,6
213,3,0.0016536305467957854,1800,12
213,4,6.641471480480415e-05,2400,4
213,5,0.2640302029661172,3000,16
214,0,0.0012248667879724453,0,5
214,1,2.410254647508756e-05,600,10
214,2,0.0029578007329851912,1200,7
214,3,0.0016536305467957854,1800,17
214,4,6.641471480480415e-05,2400,4
214,5,0.2640302029661172,3000,11
215,0,0.000641222183685717,0,4
215,1,2.410254647508756e-05,600,12
215,2,0.0029578007329851912,1200,7
215,3,0.0013769375743755946,1800,15
215,4,6.210837153193213e-05,2400,6
215,5,0.19543312410054509,3000,10
216,0,0.0006089311815214495,0,4
216,1,2.410254647508756e-05,600,8
216,2,0.001870471221045898,1200,7
216,3,0.0013769375743755946,1800,9
216,4,9.233155856619305e-05,2400,12
216,5,0.19543312410054509,3000,14
217,0,0.0005137071832671357,0,6
217,1,1.72200647705042e-05,600,15
217,2,0.001870471221045898,1200,8
217,3,0.0021660596307158685,1800,11
217,4,9.233155856619305e-05,2400,5
217,5,0.19543312410054509,3000,9
218,0,0.0005137071832671357,0,8
218,1,1.72200647705042e-05,600,7
218,2,0.002208459159107338,1200,8
218,3,0.0021660596307158685,1800,11
218,4,9.233155856619305e-05,2400,9
218,5,0.1129195758939969,3000,11
219,0,0.0005246409505571555,0,9
219,1,1.72200647705042e-05,600,10
219,2,0.0022857043736030317,1200,10
219,3,0.003094849187350483,1800,10
219,4,7.49609378252249e-05,2400,3
219,5,0.1129195758939969,3000,12
220,0,0.0005246409505571555,0,6
220,1,1.72200647705042e-05,600,14
220,2,0.0022857043736030317,1200,4
220,3,0.003094849187350483,1800,15
220,4,4.264126084714447e-05,2400,5
220,5,0.1311784596664652,3000,10
221,0,0.00014945748349308398,0,9
221,1,1.72200647705042e-05,600,13
221,2,0.0022857043736030317,1200,7
221,3,0.003094849187350483,1800,7
221,4,4.264126084714447e-05,2400,8
221,5,0.1311784596664652,3000,9
222,0,0.00014945748349308398,0,8
222,1,1.72200647705042e-05,600,8
222,2,0.0012677882731066698,1200,13
222,3,0.0023102105013213733,1800,7
222,4,4.264126084714447e-05,2400,5
222,5,0.10563657566037057,3000,13
223,0,0.0004956905877886449,0,6
223,1,1.72200647705042e-05,600,9
223,2,0.0012677882731066698,1200,11
223,3,0.003677797529957363,1800,9
223,4,4.264126084714447e-05,2400,4
223,5,0.10563657566037057,3000,15
224,0,0.0004956905877886449,0,3
224,1,1.3528700941108597e-05,600,9
224,2,0.0012677882731066698,1200,6
224,3,0.005298741509459995,1800,14
224,4,4.264126084714447e-05,2400,11
224,5,0.10563657566037057,3000,11
225,0,0.0003224148740653382,0,6
225,1,1.3528700941108597e-05,600,7
225,2,0.0012677882731066698,1200,12
225,3,0.005298741509459995,1800,10
225,4,4.264126084714447e-05,2400,7
225,5,0.10563657566037057,3000,12
226,0,0.0003299301070470923,0,7
226,1,1.3126179111372006e-05,600,6
226,2,0.0012677882731066698,1200,12
226,3,0.005887139522540017,1800,13
226,4,4.264126084714447e-05,2400,10
226,5,0.1272913826248443,3000,6
227,0,0.0003299301070470923,0,10
227,1,1.3126179111372006e-05,600,15
227,2,0.0012677882731066698,1200,7
227,3,0.010325298424403634,1800,6
227,4,3.627391183703293e-05,2400,4
227,5,0.17143373664407102,3000,12
228,0,0.0003299301070470923,0,5
228,1,9.915296889479683e-06,600,12
228,2,0.0012677882731066698,1200,14
228,3,0.005082128955800399,1800,9
228,4,5.373696004880492e-05,2400,5
228,5,0.17143373664407102,3000,9
229,0,0.00040899931537224975,0,5
229,1,9.915296889479683e-06,600,12
229,2,0.0012677882731066698,1200,11
229,3,0.00598151185529595,1800,14
229,4,5.373696004880492e-05,2400,3
229,5,0.1510547860096165,3000,9
230,0,0.0007069750296861939,0,11
230,1,1.3995716071604014e-05,600,9
230,2,0.0012677882731066698,1200,8
230,3,0.00598151185529595,1800,11
230,4,5.373696004880492e-05,2400,8
230,5,0.1510547860096165,3000,7
231,0,0.001254730913200209,0,11
231,1,1.3995716071604014e-05,600,7
231,2,0.0012677882731066698,1200,5
231,3,0.00598151185529595,1800,20
231,4,5.373696004880492e-05,2400,6
231,5,0.1257094646978251,3000,5
232,0,0.0015874112156045726,0,6
232,1,1.3995716071604014e-05,600,10
232,2,0.0013700487339702507,1200,10
232,3,0.00598151185529595,1800,12
232,4,7.326493458014984e-05,2400,1
232,5,0.1257094646978251,3000,15
233,0,0.000970758034382602,0,3
233,1,8.250054408962103e-06,600,17
233,2,0.0013700487339702507,1200,6
233,3,0.006820582099803651,1800,11
233,4,7.326493458014984e-05,2400,7
233,5,0.1257094646978251,3000,10
234,0,0.000995246428630684,0,8
234,1,6.1208927181241625e-06,600,9
234,2,0.001406482165570687,1200,8
234,3,0.006820582099803651,1800,12
234,4,7.326493458014984e-05,2400,7
234,5,0.1257094646978251,3000,10
235,0,0.0005319330698799488,0,4
235,1,6.1208927181241625e-06,600,10
235,2,0.001406482165570687,1200,10
235,3,0.006820582099803651,1800,12
235,4,4.040017219560356e-05,2400,6
235,5,0.1746619720308529,3000,12
236,0,0.0005319330698799488,0,3
236,1,6.1208927181241625e-06,600,14
236,2,0.0010558292273205971,1200,8
236,3,0.006820582099803651,1800,11
236,4,3.993372339241513e-05,2400,3
236,5,0.4165749759419845,3000,15
237,0,0.0005319330698799488,0,4
237,1,4.165025009991567e-06,600,9
237,2,0.0010558292273205971,1200,13
237,3,0.0028847015964530145,1800,10
237,4,3.993372339241513e-05,2400,3
237,5,0.4165749759419845,3000,15
238,0,0.0004946595517590255,0,7
238,1,3.5567910240373923e-06,600,9
238,2,0.0011138688892665639,1200,14
238,3,0.0028847015964530145,1800,9
238,4,3.993372339241513e-05,2400,3
238,5,0.4811624039992615,3000,12
239,0,0.00045469255235517183,0,4
239,1,2.2904648621079304e-06,600,7
239,2,0.0009419584568043998,1200,16
239,3,0.0028847015964530145,1800,14
239,4,3.993372339241513e-05,2400,4
239,5,0.4811624039992615,3000,9
240,0,0.00017039894756101779,0,2
240,1,2.2904648621079304e-06,600,12
240,2,0.0009419584568043998,1200,13
240,3,0.0028847015964530145,1800,17
240,4,5.825607728457866e-05,2400,3
240,5,0.4811624039992615,3000,7
241,0,0.00017039894756101779,0,3
241,1,2.2904648621079304e-06,600,15
241,2,0.00044400906166420763,1200,10
241,3,0.0028847015964530145,1800,11
241,4,4.047088706566141e-05,2400,4
241,5,0.4148385016424279,3000,11
242,0,0.00017039894756101779,0,6
242,1,2.2904648621079304e-06,600,11
242,2,0.00045284446017325697,1200,11
242,3,0.0023025299526649077,1800,12
242,4,6.490842447760169e-05,2400,3
242,5,0.4148385016424279,3000,11
243,0,0.0001900348313115634,0,2
243,1,2.2904648621079304e-06,600,14
243,2,0.000369586467470094,1200,11
243,3,0.0023025299526649077,1800,9
243,4,7.191672911625272e-05,2400,2
243,5,0.4148385016424279,3000,16
244,0,0.00018658336794515217,0,2
244,1,2.2904648621079304e-06,600,7
244,2,0.000369586467470094,1200,15
244,3,0.0017021204012678628,1800,13
244,4,7.191672911625272e-05,2400,4
244,5,0.42918719927577337,3000,13
245,0,0.00014859352634439868,0,6
245,1,1.3118008827352592e-06,600,9
245,2,0.000369586467470094,1200,9
245,3,0.0017021204012678628,1800,15
245,4,7.191672911625272e-05,2400,3
245,5,0.34366588585188135,3000,12
246,0,0.00012132585370812915,0,3
246,1,2.2158721421180347e-06,600,12
246,2,0.000369586467470094,1200,9
246,3,0.0017021204012678628,1800,12
246,4,6.019739780213057e-05,2400,6
246,5,0.30488954600424933,3000,12
247,0,0.00012132585370812915,0,3
247,1,2.2741127173377402e-06,600,9
247,2,0.00022426670304076318,1200,9
247,3,0.0018054730050083908,1800,14
247,4,8.232909508921575e-05,2400,6
247,5,0.30488954600424933,3000,13
248,0,0.00010678659029830358,0,1
248,1,2.2741127173377402e-06,600,15
248,2,0.00018116027747834472,1200,9
248,3,0.0018054730050083908,1800,14
248,4,8.232909508921575e-05,2400,6
248,5,0.3496377948631517,3000,9
249,0,0.00010678659029830358,0,2
249,1,8.635381271581474e-07,600,10
249,2,0.00018116027747834472,1200,7
249,3,0.0011291796994301084,1800,8
249,4,8.232909508921575e-05,2400,3
249,5,0.3496377948631517,3000,24
250,0,0.00010678659029830358,0,9
250,1,8.635381271581474e-07,600,8
250,2,0.00018116027747834472,1200,9
250,3,0.0017165808448327778,1800,8
250,4,8.232909508921575e-05,2400,6
250,5,0.2913218609874939,3000,14
251,0,0.00010678659029830358,0,9
251,1,5.353990626651414e-07,600,12
251,2,0.00018116027747834472,1200,11
251,3,0.0009848762674849918,1800,10
251,4,8.232909508921575e-05,2400,6
251,5,0.18434014507290594,3000,6
252,0,0.00010678659029830358,0,8
252,1,5.353990626651414e-07,600,10
252,2,0.00017593827679754037,1200,7
252,3,0.0009848762674849918,1800,6
252,4,8.829734081388964e-05,2400,6
252,5,0.14653914847101907,3000,17
253,0,0.00010678659029830358,0,6
253,1,5.353990626651414e-07,600,11
253,2,0.00017593827679754037,1200,9
253,3,0.0009848762674849918,1800,9
253,4,5.16980157494258e-05,2400,8
253,5,0.14653914847101907,3000,11
254,0,9.454279780687413e-05,0,1
254,1,5.353990626651414e-07,600,12
254,2,0.00017593827679754037,1200,10
254,3,0.0009848762674849918,1800,13
254,4,4.438761391260923e-05,2400,4
254,5,0.14842650025428347,3000,14
255,0,9.454279780687413e-05,0,5
255,1,5.990752541919078e-07,600,9
255,2,0.00017593827679754037,1200,8
255,3,0.0008147113412494657,1800,17
255,4,4.438761391260923e-05,2400,3
255,5,0.14842650025428347,3000,12
256,0,0.00013961152275746423,0,4
256,1,5.990752541919078e-07,600,13
256,2,0.00017593827679754037,1200,7
256,3,0.0008147113412494657,1800,11
256,4,5.144110077297032e-05,2400,7
256,5,0.17164599012519963,3000,12
257,0,0.00013961152275746423,0,5
257,1,5.415864739740806e-07,600,14
257,2,0.00017593827679754037,1200,13
257,3,0.0005149237538677701,1800,10
257,4,5.144110077297032e-05,2400,3
257,5,0.17164599012519963,3000,9
258,0,0.00013961152275746423,0,9
258,1,5.415864739740806e-07,600,8
258,2,0.00017593827679754037,1200,6
258,3,0.0005149237538677701,1800,12
258,4,0.00010488489485038422,2400,5
258,5,0.17164599012519963,3000,14
259,0,0.00013961152275746423,0,9
259,1,5.415864739740806e-07,600,6
259,2,0.00017593827679754037,1200,8
259,3,0.00019567668232852272,1800,12
259,4,0.00015896124166234587,2400,7
259,5,0.17164599012519963,3000,12
260,0,0.0001010355125369508,0,5
260,1,4.183454003268553e-07,600,7
260,2,0.00017593827679754037,1200,14
260,3,0.00031163987574398926,1800,7
260,4,0.00015896124166234587,2400,5
260,5,0.17164599012519963,3000,16
261,0,8.116987502644377e-05,0,3
261,1,4.183454003268553e-07,600,9
261,2,0.00017593827679754037,1200,8
261,3,0.00031163987574398926,1800,10
261,4,0.00015896124166234587,2400,9
261,5,0.185696881749568,3000,15
262,0,8.116987502644377e-05,0,4
262,1,4.183454003268553e-07,600,10
262,2,0.00017593827679754037,1200,11
262,3,0.00039180023541939924,1800,10
262,4,0.00015896124166234587,2400,9
262,5,0.09047267597624,3000,10
263,0,8.116987502644377e-05,0,8
263,1,3.715764256716595e-07,600,8
263,2,0.00017593827679754037,1200,11
263,3,0.0004981594518617257,1800,8
263,4,0.00015896124166234587,2400,9
263,5,0.14849023304933112,3000,10
264,0,6.556420610898074e-05,0,5
264,1,3.715764256716595e-07,600,14
264,2,0.00017593827679754037,1200,14
264,3,0.0005914948369859724,1800,6
264,4,7.645773563432824e-05,2400,8
264,5,0.14849023304933112,3000,7
265,0,8.688233881988523e-05,0,9
265,1,3.715764256716595e-07,600,8
265,2,0.00017593827679754037,1200,11
265,3,0.0006502969329866962,1800,9
265,4,0.00017092473690454954,2400,5
265,5,0.14849023304933112,3000,12
266,0,8.103605958681705e-05,0,14
266,1,5.327693145147135e-07,600,15
266,2,0.00017593827679754037,1200,6
266,3,0.0006502969329866962,1800,7
266,4,0.00017092473690454954,2400,2
266,5,0.07544178321844576,3000,10
267,0,6.123181717524706e-05,0,3
267,1,5.327693145147135e-07,600,11
267,2,0.00017593827679754037,1200,11
267,3,0.00046138494825885237,1800,11
267,4,0.0003725858747788393,2400,7
267,5,0.07544178321844576,3000,11
268,0,7.191228868864674e-05,0,6
268,1,5.327693145147135e-07,600,11
268,2,0.00017593827679754037,1200,9
268,3,0.00046138494825885237,1800,11
268,4,0.0005631217202006953,2400,7
268,5,0.07453913695053545,3000,10
269,0,7.191228868864674e-05,0,6
269,1,5.327693145147135e-07,600,13
269,2,0.0002900709509533189,1200,7
269,3,0.00046138494825885237,1800,6
269,4,0.0005631217202006953,2400,10
269,5,0.1202736663648443,3000,12
270,0,3.521662409900497e-05,0,2
270,1,5.327693145147135e-07,600,17
270,2,0.0002900709509533189,1200,4
270,3,0.0004216059855554036,1800,10
270,4,0.00032229837931588263,2400,10
270,5,0.1202736663648443,3000,11
271,0,3.701594599845867e-05,0,5
271,1,5.327693145147135e-07,600,12
271,2,0.00026770378284381424,1200,9
271,3,0.0004216059855554036,1800,15
271,4,0.0003786180435896112,2400,5
271,5,0.14877145875374082,3000,8
272,0,1.514562155399607e-05,0,3
272,1,5.327693145147135e-07,600,13
272,2,0.00026770378284381424,1200,7
272,3,0.0004216059855554036,1800,13
272,4,0.0005257025970698652,2400,7
272,5,0.14877145875374082,3000,11
273,0,1.7265881741873324e-05,0,7
273,1,6.571841121911592e-07,600,5
273,2,0.000233784492113442,1200,13
273,3,0.0004216059855554036,1800,14
273,4,0.0005257025970698652,2400,5
273,5,0.14877145875374082,3000,10
274,0,1.9933279238285205e-05,0,8
274,1,7.858539814605903e-07,600,10
274,2,0.00016453907312753919,1200,9
274,3,0.0004675353038994067,1800,12
274,4,0.0005257025970698652,2400,8
274,5,0.14877145875374082,3000,7
275,0,1.9933279238285205e-05,0,9
275,1,7.858539814605903e-07,600,5
275,2,0.00016453907312753919,1200,12
275,3,0.0004612402912891449,1800,7
275,4,0.0011795376033686808,2400,9
275,5,0.14877145875374082,3000,12
276,0,1.9933279238285205e-05,0,6
276,1,7.858539814605903e-07,600,11
276,2,0.00021865037803890907,1200,10
276,3,0.0004612402912891449,1800,10
276,4,0.0011795376033686808,2400,1
276,5,0.20555075984407284,3000,16
277,0,1.1377093693591739e-05,0,6
277,1,7.858539814605903e-07,600,14
277,2,0.00021865037803890907,1200,13
277,3,0.0010900647923492131,1800,9
277,4,0.0011795376033686808,2400,3
277,5,0.20555075984407284,3000,9
278,0,1.1377093693591739e-05,0,5
278,1,7.828203548072742e-07,600,11
278,2,0.0005368288486886821,1200,10
278,3,0.0010900647923492131,1800,7
278,4,0.0012655744254895405,2400,10
278,5,0.20555075984407284,3000,11
279,0,1.1377093693591739e-05,0,2
279,1,7.59738447012757e-07,600,12
279,2,0.0005368288486886821,1200,10
279,3,0.0010900647923492131,1800,19
279,4,0.0014855632791441068,2400,1
279,5,0.40344120359307123,3000,10
280,0,1.1377093693591739e-05,0,2
280,1,7.117405938803425e-07,600,19
280,2,0.0005368288486886821,1200,13
280,3,0.0010900647923492131,1800,6
280,4,0.0005647723969137864,2400,4
280,5,0.2896248611377983,3000,10
281,0,1.1377093693591739e-05,0,5
281,1,1.1503195853961063e-06,600,8
281,2,0.0008248595421084971,1200,8
281,3,0.0010900647923492131,1800,9
281,4,0.0005647723969137864,2400,2
281,5,0.2517047931277696,3000,22
282,0,1.1377093693591739e-05,0,7
282,1,1.0947377532986097e-06,600,11
282,2,0.0008248595421084971,1200,12
282,3,0.0005848396963492044,1800,6
282,4,0.0005647723969137864,2400,2
282,5,0.2833915015447303,3000,16
283,0,1.1377093693591739e-05,0,8
283,1,1.0947377532986097e-06,600,9
283,2,0.0008248595421084971,1200,7
283,3,0.0017589345377029533,1800,10
283,4,0.0005647723969137864,2400,7
283,5,0.2833915015447303,3000,13
284,0,1.1377093693591739e-05,0,5
284,1,3.5630783837914586e-07,600,7
284,2,0.0007726930632220519,1200,14
284,3,0.0017589345377029533,1800,12
284,4,0.0005647723969137864,2400,5
284,5,0.2833915015447303,3000,11
285,0,1.0567869848274622e-05,0,3
285,1,3.5630783837914586e-07,600,13
285,2,0.0011109586338717092,1200,8
285,3,0.0017589345377029533,1800,12
285,4,0.0005647723969137864,2400,9
285,5,0.2833915015447303,3000,9
286,0,9.472520716592761e-06,0,4
286,1,3.1398562542843655e-07,600,14
286,2,0.0011109586338717092,1200,9
286,3,0.0017589345377029533,1800,17
286,4,0.0004917339217727474,2400,3
286,5,0.2833915015447303,3000,7
287,0,7.556460180367384e-06,0,7
287,1,5.373525396497356e-07,600,12
287,2,0.0011109586338717092,1200,4
287,3,0.0017589345377029533,1800,15
287,4,0.0008293608525624243,2400,3
287,5,0.2833915015447303,3000,13
288,0,7.556460180367384e-06,0,3
288,1,5.373525396497356e-07,600,12
288,2,0.0010693691560288902,1200,12
288,3,0.001576344672053025,1800,10
288,4,0.0007485039325944051,2400,4
288,5,0.22020026894954944,3000,13
289,0,8.12042766204847e-06,0,4
289,1,1.3183125161605187e-06,600,11
289,2,0.0010693691560288902,1200,11
289,3,0.001576344672053025,1800,15
289,4,0.0007485039325944051,2400,4
289,5,0.22020026894954944,3000,9
290,0,5.314560037651314e-06,0,5
290,1,1.3183125161605187e-06,600,15
290,2,0.0010693691560288902,1200,7
290,3,0.001316404610357746,1800,8
290,4,0.0007485039325944051,2400,9
290,5,0.24582422425924177,3000,10
291,0,5.314560037651314e-06,0,4
291,1,1.3183125161605187e-06,600,6
291,2,0.0007193908086532796,1200,10
291,3,0.001316404610357746,1800,12
291,4,0.0007485039325944051,2400,5
291,5,0.20513727822363617,3000,17
292,0,6.670749974962798e-06,0,3
292,1,1.3183125161605187e-06,600,19
292,2,0.0007193908086532796,1200,10
292,3,0.0008190807859229342,1800,9
292,4,0.0007192817529978804,2400,4
292,5,0.20513727822363617,3000,9
293,0,6.670749974962798e-06,0,8
293,1,1.2358190938401019e-06,600,7
293,2,0.0007193908086532796,1200,12
293,3,0.0008343210399428942,1800,13
293,4,0.0002412032593580842,2400,5
293,5,0.20513727822363617,3000,9
294,0,6.670749974962798e-06,0,4
294,1,1.2358190938401019e-06,600,10
294,2,0.00048432825281334623,1200,14
294,3,0.0008343210399428942,1800,5
294,4,0.00034352095546491833,2400,9
294,5,0.09080112164276594,3000,12
295,0,6.670749974962798e-06,0,7
295,1,1.2358190938401019e-06,600,15
295,2,0.00046780743010769836,1200,9
295,3,0.0008343210399428942,1800,9
295,4,0.0003262240940563422,2400,5
295,5,0.09080112164276594,3000,9
296,0,6.670749974962798e-06,0,10
296,1,1.3604587327143613e-06,600,11
296,2,0.00046780743010769836,1200,6
296,3,0.0008343210399428942,1800,10
296,4,0.0003262240940563422,2400,5
296,5,0.030430945333561155,3000,12
297,0,6.444746322412954e-06,0,11
297,1,1.3604587327143613e-06,600,5
297,2,0.00046780743010769836,1200,11
297,3,0.0008343210399428942,1800,8
297,4,0.00028753216852887874,2400,7
297,5,0.030430945333561155,3000,12
298,0,6.444746322412954e-06,0,7
298,1,1.6923019033644182e-06,600,6
298,2,0.0005168460720003803,1200,13
298,3,0.0008307329412255745,1800,7
298,4,0.00028753216852887874,2400,8
298,5,0.030430945333561155,3000,13
299,0,6.78118260341263e-06,0,5
299,1,3.5618381804910063e-06,600,8
299,2,0.00047857487810055874,1200,14
299,3,0.0008307329412255745,1800,9
299,4,0.00028753216852887874,2400,9
299,5,0.030430945333561155,3000,9
300,0,6.086456376225516e-06,0,8
300,1,3.5618381804910063e-06,600,10
300,2,0.00047857487810055874,1200,7
300,3,0.0008307329412255745,1800,12
300,4,0.0008375055092302403,2400,9
300,5,0.030430945333561155,3000,8
301,0,8.504384611480282e-06,0,8
301,1,5.949082954645264e-06,600,8
301,2,0.00047725953874439546,1200,11
301,3,0.0008307329412255745,1800,13
301,4,0.0008375055092302403,2400,7
301,5,0.030430945333561155,3000,7
302,0,8.504384611480282e-06,0,3
302,1,2.356706368856863e-05,600,5
302,2,0.0008187856367268354,1200,19
302,3,0.0008307329412255745,1800,8
302,4,0.0008375055092302403,2400,6
302,5,0.030430945333561155,3000,13
303,0,8.504384611480282e-06,0,8
303,1,2.356706368856863e-05,600,10
303,2,0.0008187856367268354,1200,6
303,3,0.0008307329412255745,1800,14
303,4,0.0015797198986851693,2400,9
303,5,0.02996018631733026,3000,7
304,0,8.504384611480282e-06,0,7
304,1,2.356706368856863e-05,600,15
304,2,0.0014455815675191524,1200,11
304,3,0.0008307329412255745,1800,10
304,4,0.0015797198986851693,2400,4
304,5,0.06919792613601397,3000,7
305,0,8.504384611480282e-06,0,8
305,1,3.387685886835632e-05,600,10
305,2,0.0021995501021314957,1200,10
305,3,0.000582447378668786,1800,11
305,4,0.0015797198986851693,2400,6
305,5,0.06919792613601397,3000,9
306,0,8.504384611480282e-06,0,5
306,1,3.387685886835632e-05,600,8
306,2,0.004575064163002113,1200,9
306,3,0.000582447378668786,1800,11
306,4,0.0015797198986851693,2400,7
306,5,0.05245709266028112,3000,14
307,0,7.2118048788193395e-06,0,6
307,1,4.395695040893754e-05,600,12
307,2,0.004575064163002113,1200,10
307,3,0.0006238340085963191,1800,8
307,4,0.0015797198986851693,2400,9
307,5,0.05223285765938611,3000,9
308,0,6.737350945724061e-06,0,6
308,1,4.395695040893754e-05,600,13
308,2,0.004575064163002113,1200,9
308,3,0.0006673391821537136,1800,11
308,4,0.0014479497841155026,2400,9
308,5,0.05223285765938611,3000,6
309,0,6.737350945724061e-06,0,4
309,1,4.395695040893754e-05,600,5
309,2,0.012708511556909998,1200,4
309,3,0.0006673391821537136,1800,14
309,4,0.002005786606140549,2400,17
309,5,0.05223285765938611,3000,10
310,0,6.737350945724061e-06,0,6
310,1,4.395695040893754e-05,600,11
310,2,0.01094706759065871,1200,10
310,3,0.00047858374766489173,1800,8
310,4,0.002005786606140549,2400,12
310,5,0.023919144102357612,3000,7
311,0,4.122851126251911e-06,0,7
311,1,2.9462122854923026e-05,600,11
311,2,0.01094706759065871,1200,10
311,3,0.00047858374766489173,1800,12
311,4,0.002005786606140549,2400,7
311,5,0.023919144102357612,3000,7
312,0,4.122851126251911e-06,0,6
312,1,3.2878232422903595e-05,600,8
312,2,0.01094706759065871,1200,11
312,3,0.00047858374766489173,1800,11
312,4,0.0022681338430452875,2400,7
312,5,0.024450054781563042,3000,11
313,0,3.0034163558517247e-06,0,10
313,1,3.2878232422903595e-05,600,11
313,2,0.01094706759065871,1200,7
313,3,0.00047858374766489173,1800,9
313,4,0.00589956222435831,2400,8
313,5,0.024450054781563042,3000,9
314,0,3.7177251997765768e-06,0,12
314,1,3.2878232422903595e-05,600,8
314,2,0.004394565390775253,1200,11
314,3,0.00047858374766489173,1800,8
314,4,0.00589956222435831,2400,7
314,5,0.028922545740972017,3000,8
315,0,3.7177251997765768e-06,0,9
315,1,3.2878232422903595e-05,600,9
315,2,0.0028547549273576483,1200,13
315,3,0.00047858374766489173,1800,10
315,4,0.0031529689639973324,2400,4
315,5,0.045310645759864494,3000,9
316,0,3.7177251997765768e-06,0,5
316,1,3.2878232422903595e-05,600,8
316,2,0.0028547549273576483,1200,10
316,3,0.000593061232274076,1800,13
316,4,0.006158878158110362,2400,12
316,5,0.045310645759864494,3000,6
317,0,3.590764424804588e-06,0,13
317,1,3.2878232422903595e-05,600,10
317,2,0.0032128972121716424,1200,6
317,3,0.0004963655381503866,1800,11
317,4,0.00730669167590759,2400,6
317,5,0.037144923085719254,3000,8
318,0,3.590764424804588e-06,0,6
318,1,3.994104193109861e-05,600,7
318,2,0.004300962169937347,1200,9
318,3,0.0004963655381503866,1800,7
318,4,0.00730669167590759,2400,13
318,5,0.016913740571848572,3000,12
319,0,6.459887697836752e-06,0,13
319,1,3.994104193109861e-05,600,8
319,2,0.00274543784531072,1200,9
319,3,0.0004963655381503866,1800,7
319,4,0.005618342967251584,2400,7
319,5,0.016913740571848572,3000,10
320,0,6.459887697836752e-06,0,8
320,1,3.994104193109861e-05,600,12
320,2,0.00274543784531072,1200,11
320,3,0.0004963655381503866,1800,9
320,4,0.005993235377643497,2400,6
320,5,0.011188037868172074,3000,8
321,0,6.459887697836752e-06,0,6
321,1,5.115955674815279e-05,600,10
321,2,0.002329502878570317,1200,11
321,3,0.0004963655381503866,1800,10
321,4,0.003923653606524493,2400,13
321,5,0.011188037868172074,3000,4
322,0,6.459887697836752e-06,0,15
322,1,4.599344590552334e-05,600,7
322,2,0.002329502878570317,1200,6
322,3,0.0004963655381503866,1800,10
322,4,0.003923653606524493,2400,7
322,5,0.01535261399776192,3000,9
323,0,3.5362642420400774e-06,0,11
323,1,3.8970134471174147e-05,600,4
323,2,0.002329502878570317,1200,7
323,3,0.0004963655381503866,1800,16
323,4,0.003923653606524493,2400,7
323,5,0.01662320008112761,3000,9
324,0,5.422231132134252e-06,0,5
324,1,3.8970134471174147e-05,600,13
324,2,0.002329502878570317,1200,13
324,3,0.000481548606950363,1800,11
324,4,0.003872400222343231,2400,7
324,5,0.01662320008112761,3000,5
325,0,5.422231132134252e-06,0,14
325,1,3.8970134471174147e-05,600,9
325,2,0.002329502878570317,1200,6
325,3,0.000481548606950363,1800,6
325,4,0.005348438194605667,2400,10
325,5,0.030528242913070665,3000,9
326,0,7.844722107461167e-06,0,7
326,1,3.8970134471174147e-05,600,11
326,2,0.002329502878570317,1200,10
326,3,0.0006863086883374918,1800,12
326,4,0.005348438194605667,2400,5
326,5,0.030528242913070665,3000,9
327,0,3.5554333164583397e-06,0,10
327,1,3.8970134471174147e-05,600,9
327,2,0.0013693065930220428,1200,14
327,3,0.0006863086883374918,1800,7
327,4,0.004198713601209332,2400,5
327,5,0.030528242913070665,3000,9
328,0,3.5554333164583397e-06,0,5
328,1,5.2471589277261454e-05,600,7
328,2,0.0013693065930220428,1200,11
328,3,0.0006863086883374918,1800,16
328,4,0.004198713601209332,2400,6
328,5,0.04419024097963805,3000,9
329,0,3.5554333164583397e-06,0,10
329,1,5.1804348626564446e-05,600,14
329,2,0.0018309895945897584,1200,6
329,3,0.0006863086883374918,1800,9
329,4,0.004198713601209332,2400,4
329,5,0.04419024097963805,3000,11
330,0,3.6993190273756053e-06,0,9
330,1,5.1804348626564446e-05,600,16
330,2,0.002214385903587386,1200,5
330,3,0.0006863086883374918,1800,10
330,4,0.004317235757597589,2400,8
330,5,0.04419024097963805,3000,6
331,0,3.6993190273756053e-06,0,9
331,1,5.1804348626564446e-05,600,8
331,2,0.002214385903587386,1200,10
331,3,0.0010624244299591466,1800,10
331,4,0.004317235757597589,2400,7
331,5,0.04419024097963805,3000,10
332,0,3.6993190273756053e-06,0,8
332,1,5.1804348626564446e-05,600,13
332,2,0.0037035202218630597,1200,8
332,3,0.0010624244299591466,1800,7
332,4,0.004317235757597589,2400,10
332,5,0.03482853318977017,3000,8
333,0,2.161348410767999e-06,0,6
333,1,3.8580235674622294e-05,600,8
333,2,0.0037035202218630597,1200,11
333,3,0.0010624244299591466,1800,5
333,4,0.004317235757597589,2400,10
333,5,0.03482853318977017,3000,14
334,0,2.161348410767999e-06,0,11
334,1,3.8580235674622294e-05,600,10
334,2,0.0037035202218630597,1200,8
334,3,0.0010624244299591466,1800,10
334,4,0.004814408899760412,2400,9
334,5,0.016561317355022333,3000,6
335,0,2.2703420996897267e-06,0,5
335,1,3.8580235674622294e-05,600,11
335,2,0.0037035202218630597,1200,7
335,3,0.0010624244299591466,1800,12
335,4,0.004814408899760412,2400,10
335,5,0.016561317355022333,3000,9
336,0,2.2703420996897267e-06,0,12
336,1,4.9626269859507945e-05,600,7
336,2,0.006172290739412854,1200,6
336,3,0.0008673098250874181,1800,11
336,4,0.004814408899760412,2400,8
336,5,0.016561317355022333,3000,10
337,0,2.2703420996897267e-06,0,9
337,1,3.122765634508292e-05,600,14
337,2,0.006172290739412854,1200,8
337,3,0.0008673098250874181,1800,5
337,4,0.0029938111867961873,2400,11
337,5,0.012844585245665245,3000,6
338,0,4.979309790150425e-06,0,8
338,1,3.122765634508292e-05,600,10
338,2,0.009880379406553438,1200,9
338,3,0.0008673098250874181,1800,8
338,4,0.0029938111867961873,2400,9
338,5,0.0076007404927431865,3000,10
339,0,4.8827614930024785e-06,0,10
339,1,3.122765634508292e-05,600,8
339,2,0.009880379406553438,1200,10
339,3,0.0007982820764863742,1800,4
339,4,0.0029938111867961873,2400,14
339,5,0.004354860182145435,3000,8
340,0,4.8827614930024785e-06,0,11
340,1,2.5762015383122647e-05,600,6
340,2,0.009880379406553438,1200,8
340,3,0.0007982820764863742,1800,10
340,4,0.0025197436117716104,2400,9
340,5,0.004354860182145435,3000,10
341,0,4.8827614930024785e-06,0,4
341,1,2.5762015383122647e-05,600,10
341,2,0.004368149303880825,1200,6
341,3,0.001205385021501115,1800,14
341,4,0.0025197436117716104,2400,9
341,5,0.005440159641109538,3000,11
342,0,4.8827614930024785e-06,0,10
342,1,2.7734910071298167e-05,600,13
342,2,0.005435592904631535,1200,7
342,3,0.0007254885605020373,1800,7
342,4,0.0025197436117716104,2400,9
342,5,0.005440159641109538,3000,8
343,0,9.167391072416042e-06,0,6
343,1,2.382096657548456e-05,600,7
343,2,0.005435592904631535,1200,11
343,3,0.0007254885605020373,1800,5
343,4,0.0025197436117716104,2400,9
343,5,0.005002752974132905,3000,16
344,0,9.167391072416042e-06,0,9
344,1,4.6424340610191264e-05,600,9
344,2,0.0032495003316166298,1200,7
344,3,0.0007254885605020373,1800,10
344,4,0.0025197436117716104,2400,11
344,5,0.005002752974132905,3000,8
345,0,6.415377728415005e-06,0,14
345,1,4.6424340610191264e-05,600,13
345,2,0.0032495003316166298,1200,8
345,3,0.002305403052834091,1800,6
345,4,0.0025197436117716104,2400,8
345,5,0.005002752974132905,3000,5
346,0,4.87838870214041e-06,0,14
346,1,4.13054807137572e-05,600,4
346,2,0.0034972575790276927,1200,7
346,3,0.002305403052834091,1800,10
346,4,0.002988143406220019,2400,7
346,5,0.005002752974132905,3000,12
347,0,1.160078655839693e-06,0,11
347,1,4.13054807137572e-05,600,11
347,2,0.0034972575790276927,1200,10
347,3,0.002305403052834091,1800,7
347,4,0.002988143406220019,2400,9
347,5,0.005002752974132905,3000,6
348,0,4.3639152318507545e-07,0,8
348,1,4.13054807137572e-05,600,13
348,2,0.004611006289463891,1200,4
348,3,0.002305403052834091,1800,10
348,4,0.002988143406220019,2400,7
348,5,0.00536966869688896,3000,12
349,0,3.0170446951039095e-07,0,9
349,1,4.433526987318004e-05,600,6
349,2,0.003209484933418476,1200,8
349,3,0.002305403052834091,1800,7
349,4,0.002988143406220019,2400,11
349,5,0.00536966869688896,3000,13
350,0,3.0982777229758997e-07,0,10
350,1,4.433526987318004e-05,600,8
350,2,0.003209484933418476,1200,11
350,3,0.002291729442991348,1800,7
350,4,0.002988143406220019,2400,7
350,5,0.00395549083155246,3000,11
351,0,4.405183698104083e-07,0,11
351,1,1.666453049880163e-05,600,8
351,2,0.003531928762588806,1200,15
351,3,0.002291729442991348,1800,11
351,4,0.002988143406220019,2400,4
351,5,0.00395549083155246,3000,5
352,0,4.405183698104083e-07,0,10
352,1,1.666453049880163e-05,600,10
352,2,0.003531928762588806,1200,8
352,3,0.002275342415714589,1800,5
352,4,0.002988143406220019,2400,12
352,5,0.0019032501378458344,3000,9
353,0,4.405183698104083e-07,0,8
353,1,1.666453049880163e-05,600,5
353,2,0.003531928762588806,1200,10
353,3,0.0026964962537164685,1800,9
353,4,0.002988143406220019,2400,11
353,5,0.003928688883103899,3000,11
354,0,4.405183698104083e-07,0,10
354,1,1.042663553067963e-05,600,7
354,2,0.003531928762588806,1200,10
354,3,0.0011647410432307234,1800,8
354,4,0.0030202015508306417,2400,10
354,5,0.003928688883103899,3000,9
355,0,4.405183698104083e-07,0,9
355,1,6.827059145199528e-06,600,7
355,2,0.003531928762588806,1200,10
355,3,0.0014866210444901865,1800,11
355,4,0.0030202015508306417,2400,11
355,5,0.005082148251088792,3000,6
356,0,4.405183698104083e-07,0,4
356,1,3.7217925753712905e-06,600,7
356,2,0.003531928762588806,1200,9
356,3,0.0014866210444901865,1800,13
356,4,0.0030202015508306417,2400,9
356,5,0.0022736510809738993,3000,12
357,0,6.774678220323736e-07,0,13
357,1,3.7217925753712905e-06,600,8
357,2,0.002172233405551781,1200,7
357,3,0.0014866210444901865,1800,12
357,4,0.0023896540369237017,2400,5
357,5,0.0022736510809738993,3000,9
358,0,1.2373477691100562e-06,0,7
358,1,3.7217925753712905e-06,600,5
358,2,0.0018826385545506524,1200,13
358,3,0.0015572673224535105,1800,8
358,4,0.0026985119752757484,2400,8
358,5,0.0022736510809738993,3000,13
359,0,1.2975511245712157e-06,0,8
359,1,4.348380516333257e-06,600,6
359,2,0.0014964195605778792,1200,9
359,3,0.0015572673224535105,1800,7
359,4,0.0017514841198105523,2400,12
359,5,0.0022736510809738993,3000,12
360,0,4.5683718053391535e-07,0,3
360,1,4.348380516333257e-06,600,12
360,2,0.0013411682044288397,1200,13
360,3,0.0015572673224535105,1800,10
360,4,0.0017514841198105523,2400,5
360,5,0.0022736510809738993,3000,11
361,0,4.5683718053391535e-07,0,8
361,1,4.348380516333257e-06,600,13
361,2,0.0013411682044288397,1200,9
361,3,0.002207547560287755,1800,10
361,4,0.0010836303040570904,2400,11
361,5,0.0029175078146087374,3000,3
362,0,3.5720928266803704e-07,0,8
362,1,4.348380516333257e-06,600,14
362,2,0.0025130386054109184,1200,11
362,3,0.002207547560287755,1800,8
362,4,0.0010020746827875265,2400,5
362,5,0.0029175078146087374,3000,8
363,0,4.3435829825537403e-07,0,9
363,1,4.348380516333257e-06,600,7
363,2,0.0025130386054109184,1200,6
363,3,0.002040448471842,1800,10
363,4,0.0010020746827875265,2400,11
363,5,0.0041934845282455896,3000,11
364,0,3.858620469285511e-07,0,6
364,1,4.348380516333257e-06,600,11
364,2,0.0025130386054109184,1200,6
364,3,0.002615888489492423,1800,12
364,4,0.0010020746827875265,2400,10
364,5,0.004482889572891517,3000,9
365,0,3.858620469285511e-07,0,12
365,1,4.348380516333257e-06,600,8
365,2,0.004769461977963425,1200,8
365,3,0.002615888489492423,1800,6
365,4,0.0010020746827875265,2400,12
365,5,0.004482889572891517,3000,8
366,0,2.7598787151772224e-07,0,8
366,1,4.348380516333257e-06,600,8
366,2,0.005980712134925928,1200,14
366,3,0.002615888489492423,1800,7
366,4,0.0025748264910700476,2400,6
366,5,0.004482889572891517,3000,11
367,0,2.7598787151772224e-07,0,10
367,1,4.348380516333257e-06,600,8
367,2,0.01487374801484398,1200,10
367,3,0.002615888489492423,1800,6
367,4,0.006217409296561375,2400,12
367,5,0.004482889572891517,3000,8
368,0,5.587855790254096e-07,0,11
368,1,4.04306952839401e-06,600,11
368,2,0.01487374801484398,1200,9
368,3,0.002253834667645599,1800,11
368,4,0.006217409296561375,2400,7
368,5,0.005662969637851151,3000,5
369,0,5.587855790254096e-07,0,10
369,1,4.04306952839401e-06,600,8
369,2,0.01487374801484398,1200,8
369,3,0.002586008105795998,1800,9
369,4,0.011056808880327316,2400,11
369,5,0.011208674183500338,3000,8
370,0,1.034165600166899e-06,0,10
370,1,4.04306952839401e-06,600,8
370,2,0.01487374801484398,1200,10
370,3,0.002586008105795998,1800,7
370,4,0.011056808880327316,2400,10
370,5,0.02585205219728271,3000,9
371,0,5.360025653346853e-07,0,9
371,1,4.04306952839401e-06,600,6
371,2,0.01487374801484398,1200,9
371,3,0.002586008105795998,1800,12
371,4,0.011056808880327316,2400,9
371,5,0.02585205219728271,3000,9
372,0,5.360025653346853e-07,0,9
372,1,1.8292659211973353e-06,600,6
372,2,0.01487374801484398,1200,13
372,3,0.002586008105795998,1800,9
372,4,0.011056808880327316,2400,6
372,5,0.03331200019714312,3000,11
373,0,5.360025653346853e-07,0,6
373,1,1.8292659211973353e-06,600,11
373,2,0.01487374801484398,1200,15
373,3,0.002026725866728855,1800,8
373,4,0.011056808880327316,2400,7
373,5,0.05366666859454147,3000,7
374,0,5.360025653346853e-07,0,6
374,1,1.8292659211973353e-06,600,7
374,2,0.01487374801484398,1200,8
374,3,0.000896995352628628,1800,9
374,4,0.01951809453945669,2400,15
374,5,0.05366666859454147,3000,9
375,0,5.360025653346853e-07,0,13
375,1,1.8292659211973353e-06,600,7
375,2,0.01053159805254079,1200,8
375,3,0.000896995352628628,1800,6
375,4,0.01951809453945669,2400,5
375,5,0.042857738633092925,3000,15
376,0,3.401769451495899e-07,0,7
376,1,1.8292659211973353e-06,600,7
376,2,0.01053159805254079,1200,11
376,3,0.000896995352628628,1800,12
376,4,0.021954611282938796,2400,5
376,5,0.08900070626168212,3000,12
377,0,3.401769451495899e-07,0,9
377,1,3.046880235338567e-06,600,9
377,2,0.01053159805254079,1200,11
377,3,0.0007508969182123402,1800,8
377,4,0.021636373933229817,2400,6
377,5,0.08900070626168212,3000,11
378,0,4.107531421805157e-07,0,5
378,1,1.7258661010870462e-06,600,7
378,2,0.01053159805254079,1200,12
378,3,0.0009622077914210085,1800,7
378,4,0.021636373933229817,2400,11
378,5,0.08900070626168212,3000,12
379,0,4.2487664781279857e-07,0,8
379,1,1.1450750507425317e-06,600,14
379,2,0.006429144743120558,1200,7
379,3,0.0009622077914210085,1800,10
379,4,0.021636373933229817,2400,5
379,5,0.08900070626168212,3000,10
380,0,4.2487664781279857e-07,0,6
380,1,3.8571346384877963e-07,600,10
380,2,0.006429144743120558,1200,8
380,3,0.0009622077914210085,1800,7
380,4,0.021636373933229817,2400,11
380,5,0.08900070626168212,3000,12
381,0,4.2487664781279857e-07,0,8
381,1,4.6887524798166954e-07,600,12
381,2,0.008175034686364905,1200,11
381,3,0.0009622077914210085,1800,6
381,4,0.021636373933229817,2400,8
381,5,0.0691448151580945,3000,9
382,0,4.038266970880555e-07,0,11
382,1,6.363452594803073e-07,600,5
382,2,0.010866196229096787,1200,9
382,3,0.0009622077914210085,1800,14
382,4,0.021636373933229817,2400,5
382,5,0.0691448151580945,3000,10
383,0,4.025503676624105e-07,0,4
383,1,1.3445380529330898e-06,600,11
383,2,0.00935358239068457,1200,15
383,3,0.0008155830468721559,1800,7
383,4,0.021636373933229817,2400,4
383,5,0.0691448151580945,3000,13
384,0,4.025503676624105e-07,0,13
384,1,1.3445380529330898e-06,600,8
384,2,0.00935358239068457,1200,7
384,3,0.0005052775945847379,1800,12
384,4,0.02732095128303932,2400,7
384,5,0.0691448151580945,3000,7
385,0,4.025503676624105e-07,0,7
385,1,1.7816069695240483e-06,600,7
385,2,0.009194314229996621,1200,8
385,3,0.0005842750726711915,1800,13
385,4,0.02732095128303932,2400,9
385,5,0.0691448151580945,3000,10
386,0,4.025503676624105e-07,0,7
386,1,2.8744915821866385e-06,600,12
386,2,0.009194314229996621,1200,10
386,3,0.0005842750726711915,1800,9
386,4,0.02732095128303932,2400,7
386,5,0.05249893301766326,3000,9
387,0,4.025503676624105e-07,0,12
387,1,6.857823937294583e-06,600,9
387,2,0.009194314229996621,1200,8
387,3,0.0007584142889167137,1800,9
387,4,0.02732095128303932,2400,6
387,5,0.05249893301766326,3000,10
388,0,4.025503676624105e-07,0,13
388,1,6.857823937294583e-06,600,8
388,2,0.009194314229996621,1200,7
388,3,0.0005906336799103328,1800,10
388,4,0.026089411982925317,2400,4
388,5,0.05249893301766326,3000,12
389,0,4.832882077525964e-07,0,6
389,1,6.857823937294583e-06,600,16
389,2,0.011344436865821152,1200,3
389,3,0.0005906336799103328,1800,12
389,4,0.01606798961222601,2400,5
389,5,0.05249893301766326,3000,12
390,0,5.130701207489274e-07,0,10
390,1,6.857823937294583e-06,600,3
390,2,0.011344436865821152,1200,15
390,3,0.0005906336799103328,1800,12
390,4,0.01606798961222601,2400,7
390,5,0.021218420366133448,3000,7
391,0,4.808145828269061e-07,0,6
391,1,6.857823937294583e-06,600,11
391,2,0.011344436865821152,1200,10
391,3,0.0005906336799103328,1800,7
391,4,0.01461583238786296,2400,11
391,5,0.021218420366133448,3000,9
392,0,2.7911340589623485e-07,0,9
392,1,6.857823937294583e-06,600,10
392,2,0.011344436865821152,1200,10
392,3,0.0005906336799103328,1800,8
392,4,0.01461583238786296,2400,8
392,5,0.0213326775494979,3000,9
393,0,2.44939745460012e-07,0,9
393,1,5.012906235664082e-06,600,10
393,2,0.0076821012900144614,1200,9
393,3,0.0005906336799103328,1800,10
393,4,0.01461583238786296,2400,9
393,5,0.0213326775494979,3000,7
394,0,3.2579281410754984e-07,0,9
394,1,5.012906235664082e-06,600,9
394,2,0.0076821012900144614,1200,8
394,3,0.0005483363659099385,1800,8
394,4,0.01461583238786296,2400,10
394,5,0.014515077376495655,3000,10
395,0,2.5442831108972556e-07,0,7
395,1,5.012906235664082e-06,600,7
395,2,0.0076821012900144614,1200,6
395,3,0.00017357201008421041,1800,8
395,4,0.01461583238786296,2400,16
395,5,0.014515077376495655,3000,10
396,0,2.4565820007683184e-07,0,7
396,1,5.642048565493005e-06,600,5
396,2,0.0076821012900144614,1200,10
396,3,0.00017357201008421041,1800,12
396,4,0.01461583238786296,2400,8
396,5,0.02308656986193014,3000,12
397,0,1.9063048417400274e-07,0,11
397,1,3.6282710018553557e-06,600,9
397,2,0.0073545201769455,1200,13
397,3,0.00017357201008421041,1800,9
397,4,0.01461583238786296,2400,7
397,5,0.01728856490920076,3000,5
398,0,1.6649145099160903e-07,0,10
398,1,3.6282710018553557e-06,600,5
398,2,0.0073545201769455,1200,6
398,3,0.00023091212213493658,1800,13
398,4,0.012750340329392904,2400,10
398,5,0.01728856490920076,3000,10
399,0,1.6649145099160903e-07,0,11
399,1,3.6282710018553557e-06,600,7
399,2,0.001619713874900178,1200,7
399,3,0.00023091212213493658,1800,11
399,4,0.012750340329392904,2400,13
399,5,0.01728856490920076,3000,5
400,0,1.6649145099160903e-07,0,12
400,1,8.605330058845298e-07,600,5
400,2,0.001619713874900178,1200,7
400,3,0.00023091212213493658,1800,8
400,4,0.012750340329392904,2400,9
400,5,0.01728856490920076,3000,13
401,0,1.6649145099160903e-07,0,5
401,1,2.7764568292909143e-06,600,10
401,2,0.0017709247043162387,1200,10
401,3,0.00023091212213493658,1800,8
401,4,0.012750340329392904,2400,12
401,5,0.01728856490920076,3000,9
402,0,1.6649145099160903e-07,0,9
402,1,2.7764568292909143e-06,600,5
402,2,0.0014147629038997389,1200,11
402,3,0.0001130595902370934,1800,10
402,4,0.012750340329392904,2400,11
402,5,0.02561402864116608,3000,8
403,0,3.3227892821525673e-07,0,11
403,1,2.0499528978919507e-06,600,11
403,2,0.0014147629038997389,1200,9
403,3,9.074916112498808e-05,1800,10
403,4,0.012750340329392904,2400,6
403,5,0.02945896304888085,3000,7
404,0,3.3227892821525673e-07,0,4
404,1,2.0499528978919507e-06,600,8
404,2,0.0014147629038997389,1200,10
404,3,0.0001581749380777992,1800,14
404,4,0.034245786799288934,2400,8
404,5,0.02945896304888085,3000,10
405,0,4.650841593065848e-07,0,9
405,1,2.0499528978919507e-06,600,14
405,2,0.0014423137604198705,1200,5
405,3,0.0001581749380777992,1800,6
405,4,0.034245786799288934,2400,12
405,5,0.02945896304888085,3000,8
406,0,4.650841593065848e-07,0,8
406,1,2.38899881233039e-06,600,15
406,2,0.00260702062023616,1200,13
406,3,0.00012001762587734951,1800,8
406,4,0.034245786799288934,2400,4
406,5,0.025557484580533738,3000,6
407,0,2.809904390643942e-07,0,12
407,1,2.3683930862315205e-06,600,5
407,2,0.00260702062023616,1200,9
407,3,8.595357139865388e-05,1800,5
407,4,0.034245786799288934,2400,10
407,5,0.025557484580533738,3000,13
408,0,2.564032880584479e-07,0,14
408,1,2.3683930862315205e-06,600,8
408,2,0.00260702062023616,1200,7
408,3,9.596632436315084e-05,1800,7
408,4,0.034245786799288934,2400,13
408,5,0.009938862849953906,3000,5
409,0,2.564032880584479e-07,0,13
409,1,2.3683930862315205e-06,600,9
409,2,0.002456595774151152,1200,7
409,3,8.376043338268393e-05,1800,11
409,4,0.05386375717947948,2400,5
409,5,0.009938862849953906,3000,9
410,0,1.6839636079763703e-07,0,6
410,1,2.517400527400366e-06,600,7
410,2,0.002456595774151152,1200,13
410,3,6.125675434379362e-05,1800,14
410,4,0.05386375717947948,2400,9
410,5,0.009938862849953906,3000,5
411,0,1.6839636079763703e-07,0,10
411,1,2.517400527400366e-06,600,9
411,2,0.002456595774151152,1200,7
411,3,4.060766196717994e-05,1800,9
411,4,0.05386375717947948,2400,13
411,5,0.01297724786044869,3000,6
412,0,3.303752456348222e-07,0,9
412,1,2.517400527400366e-06,600,7
412,2,0.002956428509563516,1200,10
412,3,4.060766196717994e-05,1800,8
412,4,0.05386375717947948,2400,10
412,5,0.011001627746910029,3000,10
413,0,3.303752456348222e-07,0,8
413,1,2.517400527400366e-06,600,11
413,2,0.002956428509563516,1200,9
413,3,7.749813967910175e-05,1800,12
413,4,0.05386375717947948,2400,6
413,5,0.005384139833163394,3000,8
414,0,3.218511139758745e-07,0,11
414,1,3.762716649629111e-06,600,7
414,2,0.002956428509563516,1200,6
414,3,7.749813967910175e-05,1800,7
414,4,0.05386375717947948,2400,14
414,5,0.005384139833163394,3000,9
415,0,9.797537560704795e-08,0,14
415,1,3.762716649629111e-06,600,12
415,2,0.002956428509563516,1200,4
415,3,7.749813967910175e-05,1800,5
415,4,0.057725437135981876,2400,12
415,5,0.005384139833163394,3000,7
416,0,9.797537560704795e-08,0,7
416,1,3.762716649629111e-06,600,10
416,2,0.005514629264582358,1200,9
416,3,0.00020994255881895112,1800,8
416,4,0.057725437135981876,2400,13
416,5,0.005384139833163394,3000,7
417,0,1.4919595279167325e-07,0,12
417,1,2.5358669510132122e-06,600,9
417,2,0.005514629264582358,1200,10
417,3,0.00020994255881895112,1800,7
417,4,0.057725437135981876,2400,8
417,5,0.008677317727221728,3000,8
418,0,1.4919595279167325e-07,0,8
418,1,2.5358669510132122e-06,600,13
418,2,0.004292768434167519,1200,8
418,3,0.00020994255881895112,1800,6
418,4,0.03570461667915664,2400,9
418,5,0.007333641186169517,3000,10
419,0,1.9427394478091762e-07,0,10
419,1,2.5358669510132122e-06,600,14
419,2,0.004292768434167519,1200,7
419,3,0.00015149644510617472,1800,9
419,4,0.03570461667915664,2400,5
419,5,0.007333641186169517,3000,9
420,0,1.4700508293473542e-07,0,12
420,1,2.5358669510132122e-06,600,7
420,2,0.004292768434167519,1200,6
420,3,0.0001519062302022028,1800,8
420,4,0.03570461667915664,2400,13
420,5,0.007333641186169517,3000,8
421,0,1.8179517327313034e-07,0,8
421,1,4.2984322156188515e-06,600,11
421,2,0.004292768434167519,1200,6
421,3,0.00012044220660785449,1800,11
421,4,0.03498330461930719,2400,10
421,5,0.007333641186169517,3000,8
422,0,1.8179517327313034e-07,0,9
422,1,4.2984322156188515e-06,600,12
422,2,0.006467982587241614,1200,10
422,3,0.00011325064433964704,1800,8
422,4,0.03498330461930719,2400,7
422,5,0.007333641186169517,3000,8
423,0,1.23212530145985e-07,0,8
423,1,6.427284435108572e-06,600,10
423,2,0.006467982587241614,1200,9
423,3,0.00012788929304419626,1800,6
423,4,0.03020332406944772,2400,10
423,5,0.007333641186169517,3000,11
424,0,1.7119801859681124e-07,0,12
424,1,8.757950803885087e-06,600,8
424,2,0.006575442131800327,1200,10
424,3,0.00012788929304419626,1800,4
424,4,0.03020332406944772,2400,12
424,5,0.010061167215753522,3000,8
425,0,2.0608372884333062e-07,0,6
425,1,7.618532442858674e-06,600,8
425,2,0.006575442131800327,1200,14
425,3,0.00012788929304419626,1800,10
425,4,0.015590491499127071,2400,11
425,5,0.01462146166663321,3000,5
426,0,2.0069630913920015e-07,0,7
426,1,9.232336618675634e-06,600,12
426,2,0.004576665463296706,1200,7
426,3,0.00012788929304419626,1800,9
426,4,0.01656086954540189,2400,9
426,5,0.01462146166663321,3000,10
427,0,1.425547557895637e-07,0,10
427,1,7.385628587104187e-06,600,8
427,2,0.004576665463296706,1200,11
427,3,0.00012788929304419626,1800,7
427,4,0.05443910305858583,2400,6
427,5,0.01462146166663321,3000,12
428,0,1.425547557895637e-07,0,6
428,1,7.385628587104187e-06,600,6
428,2,0.004576665463296706,1200,10
428,3,3.4668542426244486e-05,1800,12
428,4,0.05443910305858583,2400,13
428,5,0.01462146166663321,3000,7
429,0,7.329161815690078e-08,0,8
429,1,7.385628587104187e-06,600,13
429,2,0.004576665463296706,1200,8
429,3,2.8424234796689925e-05,1800,7
429,4,0.05443910305858583,2400,11
429,5,0.013293478130652393,3000,7
430,0,6.150212219265511e-08,0,15
430,1,7.385628587104187e-06,600,10
430,2,0.004576665463296706,1200,4
430,3,3.4306639563958495e-05,1800,8
430,4,0.03774598667847207,2400,7
430,5,0.013293478130652393,3000,10
431,0,6.150212219265511e-08,0,7
431,1,7.385628587104187e-06,600,7
431,2,0.004375432414283036,1200,14
431,3,3.4306639563958495e-05,1800,12
431,4,0.06223330065475738,2400,10
431,5,0.013293478130652393,3000,4
432,0,6.150212219265511e-08,0,8
432,1,1.001511331375756e-05,600,8
432,2,0.003441477136210515,1200,12
432,3,1.9467970312895118e-05,1800,7
432,4,0.06223330065475738,2400,11
432,5,0.013293478130652393,3000,8
433,0,6.150212219265511e-08,0,13
433,1,1.001511331375756e-05,600,9
433,2,0.002855624582886438,1200,15
433,3,7.914879325584927e-06,1800,2
433,4,0.06223330065475738,2400,9
433,5,0.016364222773606166,3000,6
434,0,6.150212219265511e-08,0,6
434,1,1.001511331375756e-05,600,12
434,2,0.002855624582886438,1200,16
434,3,9.590308917818422e-06,1800,8
434,4,0.02369064648238645,2400,5
434,5,0.016364222773606166,3000,7
435,0,6.150212219265511e-08,0,9
435,1,2.283229816059636e-05,600,11
435,2,0.002855624582886438,1200,10
435,3,9.590308917818422e-06,1800,6
435,4,0.032798894017680755,2400,6
435,5,0.02631197079230714,3000,12
436,0,1.2899672249995603e-07,0,8
436,1,4.3541683380632365e-05,600,15
436,2,0.002415002052351188,1200,8
436,3,9.590308917818422e-06,1800,2
436,4,0.032798894017680755,2400,10
436,5,0.02631197079230714,3000,11
437,0,1.2899672249995603e-07,0,7
437,1,4.371033636748641e-05,600,11
437,2,0.001861947442414883,1200,11
437,3,9.590308917818422e-06,1800,7
437,4,0.032798894017680755,2400,13
437,5,0.02631197079230714,3000,5
438,0,1.2899672249995603e-07,0,12
438,1,3.9180359118751386e-05,600,9
438,2,0.001861947442414883,1200,11
438,3,9.590308917818422e-06,1800,10
438,4,0.032798894017680755,2400,6
438,5,0.010562248157149259,3000,6
439,0,1.0336901153329823e-07,0,5
439,1,3.8923685718099456e-05,600,9
439,2,0.0008270685040473618,1200,4
439,3,9.590308917818422e-06,1800,13
439,4,0.032798894017680755,2400,8
439,5,0.010562248157149259,3000,15
440,0,7.994276063138665e-08,0,14
440,1,3.8923685718099456e-05,600,9
440,2,0.0008270685040473618,1200,10
440,3,7.72216560285186e-06,1800,8
440,4,0.032798894017680755,2400,9
440,5,0.007695274567271949,3000,4
441,0,9.799144899512507e-08,0,7
441,1,3.8923685718099456e-05,600,13
441,2,0.0009209909798533131,1200,4
441,3,1.2849121331553525e-05,1800,10
441,4,0.032798894017680755,2400,12
441,5,0.007695274567271949,3000,8
442,0,9.799144899512507e-08,0,12
442,1,3.8923685718099456e-05,600,6
442,2,0.0009209909798533131,1200,8
442,3,1.2849121331553525e-05,1800,11
442,4,0.029162383472429193,2400,11
442,5,0.01174260119654596,3000,6
443,0,9.799144899512507e-08,0,10
443,1,3.8923685718099456e-05,600,8
443,2,0.00026779161050603784,1200,14
443,3,1.2849121331553525e-05,1800,9
443,4,0.029162383472429193,2400,7
443,5,0.01174260119654596,3000,6
444,0,9.799144899512507e-08,0,4
444,1,4.934346137521116e-05,600,7
444,2,0.0002852859218427783,1200,15
444,3,1.2849121331553525e-05,1800,8
444,4,0.029162383472429193,2400,10
444,5,0.009039531695950532,3000,10
445,0,1.2894006558555505e-07,0,6
445,1,4.934346137521116e-05,600,8
445,2,0.0002852859218427783,1200,17
445,3,6.870567356960014e-06,1800,11
445,4,0.03504720588767336,2400,4
445,5,0.006412086824642755,3000,8
446,0,1.2894006558555505e-07,0,9
446,1,5.5512173084856465e-05,600,10
446,2,0.0002852859218427783,1200,11
446,3,6.870567356960014e-06,1800,8
446,4,0.031241864963630506,2400,7
446,5,0.008674454755295973,3000,9
447,0,4.6088896022860385e-07,0,7
447,1,5.5512173084856465e-05,600,8
447,2,0.0002852859218427783,1200,10
447,3,6.870567356960014e-06,1800,8
447,4,0.02683772436852461,2400,7
447,5,0.008674454755295973,3000,14
448,0,4.6088896022860385e-07,0,9
448,1,5.5512173084856465e-05,600,7
448,2,0.0002852859218427783,1200,9
448,3,6.870567356960014e-06,1800,9
448,4,0.02683772436852461,2400,16
448,5,0.02417540514189068,3000,4
449,0,4.6088896022860385e-07,0,8
449,1,5.5512173084856465e-05,600,10
449,2,0.0002852859218427783,1200,11
449,3,6.870567356960014e-06,1800,9
449,4,0.025398087605987107,2400,7
449,5,0.010632627969889563,3000,9
450,0,4.6088896022860385e-07,0,11
450,1,2.3445090333820814e-05,600,2
450,2,0.0007769202842547407,1200,16
450,3,6.870567356960014e-06,1800,10
450,4,0.025398087605987107,2400,5
450,5,0.010632627969889563,3000,10
451,0,4.6088896022860385e-07,0,4
451,1,2.3445090333820814e-05,600,12
451,2,0.0012057237319881282,1200,7
451,3,6.870567356960014e-06,1800,9
451,4,0.04804662162446082,2400,9
451,5,0.010632627969889563,3000,13
452,0,4.7215215246163976e-07,0,12
452,1,2.3445090333820814e-05,600,5
452,2,0.0009271312646536741,1200,10
452,3,7.4053893354453126e-06,1800,10
452,4,0.04804662162446082,2400,10
452,5,0.010632627969889563,3000,7
453,0,5.144257225279306e-07,0,9
453,1,1.71583008831744e-05,600,10
453,2,0.0009271312646536741,1200,10
453,3,7.4053893354453126e-06,1800,7
453,4,0.04403964425140833,2400,13
453,5,0.010632627969889563,3000,5
454,0,5.144257225279306e-07,0,9
454,1,1.71583008831744e-05,600,7
454,2,0.0009836659730309053,1200,10
454,3,3.226546913102987e-06,1800,4
454,4,0.04403964425140833,2400,15
454,5,0.010632627969889563,3000,9
455,0,5.144257225279306e-07,0,17
455,1,2.2093781215172664e-05,600,8
455,2,0.0005545436406289342,1200,7
455,3,2.404891383169747e-06,1800,5
455,4,0.04403964425140833,2400,6
455,5,0.010632627969889563,3000,11
456,0,5.548331762928042e-07,0,12
456,1,2.2093781215172664e-05,600,11
456,2,0.0005545436406289342,1200,9
456,3,2.404891383169747e-06,1800,6
456,4,0.0331174534506364,2400,8
456,5,0.012007582658949403,3000,8
457,0,5.548331762928042e-07,0,6
457,1,2.2386290270592324e-05,600,9
457,2,0.0005545436406289342,1200,13
457,3,3.087978408891441e-06,1800,10
457,4,0.015577882783242685,2400,6
457,5,0.012007582658949403,3000,10
458,0,4.2751066132679284e-07,0,7
458,1,1.760528100498931e-05,600,11
458,2,0.0005545436406289342,1200,8
458,3,3.087978408891441e-06,1800,8
458,4,0.015577882783242685,2400,12
458,5,0.009985815866282109,3000,8
459,0,4.2751066132679284e-07,0,13
459,1,1.760528100498931e-05,600,9
459,2,0.0010047021104515965,1200,10
459,3,3.087978408891441e-06,1800,6
459,4,0.015577882783242685,2400,11
459,5,0.007204123565094843,3000,5
460,0,4.2751066132679284e-07,0,10
460,1,1.760528100498931e-05,600,13
460,2,0.0010047021104515965,1200,7
460,3,3.225334431947492e-06,1800,9
460,4,0.015577882783242685,2400,7
460,5,0.004254082839612882,3000,8
461,0,4.2751066132679284e-07,0,8
461,1,1.760528100498931e-05,600,10
461,2,0.0010047021104515965,1200,9
461,3,1.9766850061684737e-06,1800,14
461,4,0.015577882783242685,2400,6
461,5,0.005251031211163976,3000,7
462,0,1.2490930811388683e-06,0,15
462,1,1.0440305723303778e-05,600,9
462,2,0.0010047021104515965,1200,7
462,3,1.9766850061684737e-06,1800,6
462,4,0.015577882783242685,2400,5
462,5,0.005251031211163976,3000,12
463,0,1.2490930811388683e-06,0,8
463,1,1.0440305723303778e-05,600,11
463,2,0.0010133124475025818,1200,10
463,3,2.759853529703791e-06,1800,8
463,4,0.015577882783242685,2400,12
463,5,0.005251031211163976,3000,5
464,0,2.0440133169533206e-06,0,6
464,1,1.0440305723303778e-05,600,6
464,2,0.0010133124475025818,1200,8
464,3,2.759853529703791e-06,1800,12
464,4,0.011001023196101967,2400,8
464,5,0.007890989632487792,3000,14
465,0,1.2615709645897762e-06,0,4
465,1,1.3419652830508717e-05,600,13
465,2,0.0010133124475025818,1200,11
465,3,2.759853529703791e-06,1800,13
465,4,0.011001023196101967,2400,5
465,5,0.0077592890283812825,3000,8
466,0,1.2615709645897762e-06,0,13
466,1,2.3376842177429656e-05,600,7
466,2,0.0010133124475025818,1200,6
466,3,7.21033800406715e-06,1800,10
466,4,0.011001023196101967,2400,6
466,5,0.0077592890283812825,3000,12
467,0,1.2615709645897762e-06,0,6
467,1,2.3376842177429656e-05,600,14
467,2,0.000988245833139542,1200,14
467,3,8.705701151983293e-06,1800,4
467,4,0.011001023196101967,2400,7
467,5,0.007060590088228799,3000,9
468,0,1.0903848803894827e-06,0,13
468,1,2.3376842177429656e-05,600,10
468,2,0.000988245833139542,1200,10
468,3,8.705701151983293e-06,1800,9
468,4,0.011001023196101967,2400,7
468,5,0.0018960273699016503,3000,5
469,0,1.0903848803894827e-06,0,9
469,1,1.8749095294334126e-05,600,11
469,2,0.0004996761708303225,1200,10
469,3,8.705701151983293e-06,1800,8
469,4,0.011001023196101967,2400,6
469,5,0.002160063074551789,3000,10
470,0,1.275201302079845e-06,0,11
470,1,1.8749095294334126e-05,600,14
470,2,0.0004996761708303225,1200,5
470,3,8.705701151983293e-06,1800,8
470,4,0.01113573426451108,2400,8
470,5,0.0029542702876251352,3000,8
471,0,1.275201302079845e-06,0,14
471,1,3.187664241565069e-05,600,8
471,2,0.0006083926250358771,1200,9
471,3,8.705701151983293e-06,1800,9
471,4,0.01113573426451108,2400,7
471,5,0.0022142042452312958,3000,7
472,0,1.0037981607771194e-06,0,6
472,1,3.361536852549999e-05,600,11
472,2,0.0006083926250358771,1200,13
472,3,7.4242312336232715e-06,1800,8
472,4,0.01113573426451108,2400,9
472,5,0.0024936723119809087,3000,7
473,0,8.082817958047168e-07,0,9
473,1,2.3584560188409016e-05,600,6
473,2,0.0006083926250358771,1200,15
473,3,1.7669896178588543e-05,1800,7
473,4,0.01113573426451108,2400,11
473,5,0.0024936723119809087,3000,6
474,0,8.082817958047168e-07,0,8
474,1,2.614035092476462e-05,600,9
474,2,0.001351269128103253,1200,12
474,3,1.7669896178588543e-05,1800,7
474,4,0.01113573426451108,2400,9
474,5,0.0024936723119809087,3000,9
475,0,7.011585791507738e-07,0,8
475,1,2.6115787013768882e-05,600,14
475,2,0.001351269128103253,1200,11
475,3,1.256201696867866e-05,1800,6
475,4,0.01113573426451108,2400,4
475,5,0.004849824369287215,3000,11
476,0,8.088173443828168e-07,0,8
476,1,2.8944294698703025e-05,600,10
476,2,0.001351269128103253,1200,9
476,3,1.256201696867866e-05,1800,13
476,4,0.01113573426451108,2400,5
476,5,0.004849824369287215,3000,9
477,0,1.9578364317892867e-06,0,7
477,1,2.8944294698703025e-05,600,9
477,2,0.001351269128103253,1200,9
477,3,1.5632218537098996e-05,1800,11
477,4,0.01264520878963678,2400,10
477,5,0.004849824369287215,3000,8
478,0,2.2866482003009997e-06,0,10
478,1,2.8944294698703025e-05,600,10
478,2,0.0015120601586493653,1200,10
478,3,1.5632218537098996e-05,1800,6
478,4,0.007239108961852923,2400,10
478,5,0.004849824369287215,3000,8
479,0,1.6165514367562233e-06,0,10
479,1,3.7523296396151525e-05,600,8
479,2,0.0015120601586493653,1200,5
479,3,1.5632218537098996e-05,1800,11
479,4,0.007239108961852923,2400,14
479,5,0.008601732896848067,3000,6
480,0,1.5409859334823593e-06,0,13
480,1,2.0860080383481752e-05,600,10
480,2,0.0015120601586493653,1200,7
480,3,1.5632218537098996e-05,1800,11
480,4,0.007239108961852923,2400,5
480,5,0.012713683934017775,3000,8
481,0,1.5376612575057266e-06,0,9
481,1,2.2984458523800318e-05,600,10
481,2,0.0015120601586493653,1200,14
481,3,1.5632218537098996e-05,1800,10
481,4,0.01660764188783242,2400,4
481,5,0.012713683934017775,3000,7
482,0,1.5376612575057266e-06,0,4
482,1,2.5432271434319604e-05,600,7
482,2,0.0015120601586493653,1200,16
482,3,1.5632218537098996e-05,1800,10
482,4,0.008766249879368705,2400,4
482,5,0.01715981811602465,3000,13
483,0,1.0541920693508046e-06,0,11
483,1,2.38017973512998e-05,600,7
483,2,0.0015120601586493653,1200,11
483,3,1.5968685151625983e-05,1800,9
483,4,0.008766249879368705,2400,9
483,5,0.014458988194536957,3000,7
484,0,1.0541920693508046e-06,0,12
484,1,1.669587579167996e-05,600,11
484,2,0.004280205244165955,1200,8
484,3,1.5968685151625983e-05,1800,6
484,4,0.008766249879368705,2400,8
484,5,0.014458988194536957,3000,9
485,0,1.0541920693508046e-06,0,13
485,1,9.160141879424886e-06,600,11
485,2,0.002617150562816801,1200,10
485,3,1.5968685151625983e-05,1800,3
485,4,0.00789362819763956,2400,7
485,5,0.014458988194536957,3000,10
486,0,1.0541920693508046e-06,0,8
486,1,9.160141879424886e-06,600,4
486,2,0.002617150562816801,1200,12
486,3,6.465125641684987e-06,1800,10
486,4,0.00789362819763956,2400,9
486,5,0.011794336220222386,3000,11
487,0,1.0541920693508046e-06,0,9
487,1,9.160141879424886e-06,600,7
487,2,0.0032484349976540238,1200,6
487,3,6.800643529682019e-06,1800,12
487,4,0.00789362819763956,2400,12
487,5,0.016545267818145633,3000,8
488,0,1.54875903543573e-06,0,10
488,1,7.382655926516146e-06,600,13
488,2,0.0032484349976540238,1200,7
488,3,6.800643529682019e-06,1800,7
488,4,0.00789362819763956,2400,7
488,5,0.016545267818145633,3000,10
489,0,9.020253293796368e-07,0,6
489,1,8.271237860921805e-06,600,11
489,2,0.0032484349976540238,1200,13
489,3,6.800643529682019e-06,1800,8
489,4,0.00789362819763956,2400,4
489,5,0.007085846062205169,3000,12
490,0,7.854173491474021e-07,0,9
490,1,5.4522133600013614e-06,600,9
490,2,0.00203120905398451,1200,16
490,3,6.800643529682019e-06,1800,11
490,4,0.00789362819763956,2400,7
490,5,0.007085846062205169,3000,2
491,0,7.854173491474021e-07,0,11
491,1,7.869855385852638e-06,600,7
491,2,0.00203120905398451,1200,11
491,3,6.800643529682019e-06,1800,10
491,4,0.007178051708475369,2400,8
491,5,0.007085846062205169,3000,7
492,0,7.854173491474021e-07,0,11
492,1,7.869855385852638e-06,600,10
492,2,0.0026320040045289235,1200,7
492,3,1.4151680939975895e-05,1800,9
492,4,0.007178051708475369,2400,7
492,5,0.007085846062205169,3000,10
493,0,7.854173491474021e-07,0,7
493,1,7.869855385852638e-06,600,7
493,2,0.0026320040045289235,1200,7
493,3,1.4151680939975895e-05,1800,9
493,4,0.010128713486421593,2400,9
493,5,0.007914052286200367,3000,15
494,0,7.854173491474021e-07,0,11
494,1,4.326726609436448e-06,600,8
494,2,0.002735098972188929,1200,7
494,3,1.4151680939975895e-05,1800,6
494,4,0.0096139718602859,2400,16
494,5,0.007914052286200367,3000,6
495,0,6.132792629080335e-07,0,9
495,1,3.882005208350241e-06,600,9
495,2,0.002735098972188929,1200,11
495,3,1.857123075283193e-05,1800,6
495,4,0.0096139718602859,2400,11
495,5,0.004144936110881909,3000,8
496,0,5.010655924039468e-07,0,11
496,1,5.489509112737196e-06,600,13
496,2,0.002735098972188929,1200,6
496,3,1.857123075283193e-05,1800,9
496,4,0.0096139718602859,2400,7
496,5,0.004745737864149503,3000,8
497,0,7.389501591775655e-07,0,4
497,1,5.489509112737196e-06,600,4
497,2,0.002735098972188929,1200,9
497,3,1.225826942174068e-05,1800,11
497,4,0.014363789110299202,2400,15
497,5,0.006718102256357371,3000,11
498,0,7.389501591775655e-07,0,14
498,1,3.961249393138245e-06,600,15
498,2,0.002735098972188929,1200,6
498,3,1.225826942174068e-05,1800,7
498,4,0.01805754052790121,2400,6
498,5,0.006198595363503231,3000,6
499,0,2.172775744614185e-06,0,13
499,1,3.961249393138245e-06,600,7
499,2,0.002735098972188929,1200,10
499,3,1.4518177195802345e-05,1800,9
499,4,0.01805754052790121,2400,7
499,5,0.006322001779676028,3000,8
500,0,2.172775744614185e-06,0,6
500,1,3.961249393138245e-06,600,6
500,2,0.0037983180966711153,1200,13
500,3,1.4518177195802345e-05,1800,10
500,4,0.01805754052790121,2400,6
500,5,0.012293362826718708,3000,13
501,0,2.7568155515109093e-06,0,10
501,1,3.961249393138245e-06,600,12
501,2,0.0037983180966711153,1200,10
501,3,1.130146631000999e-05,1800,8
501,4,0.010746058494471166,2400,6
501,5,0.012293362826718708,3000,8
502,0,2.7568155515109093e-06,0,8
502,1,4.066607272773959e-06,600,10
502,2,0.0036475962940567684,1200,4
502,3,3.130647071688598e-05,1800,12
502,4,0.010746058494471166,2400,11
502,5,0.012293362826718708,3000,9
503,0,2.6251942668762374e-06,0,5
503,1,4.066607272773959e-06,600,9
503,2,0.003512775240060697,1200,9
503,3,2.278040959486165e-05,1800,8
503,4,0.010746058494471166,2400,15
503,5,0.016270072274703118,3000,8
504,0,1.5045449772882902e-06,0,9
504,1,5.339483161680331e-06,600,11
504,2,0.0030103643386371285,1200,8
504,3,2.278040959486165e-05,1800,10
504,4,0.010746058494471166,2400,10
504,5,0.016270072274703118,3000,6
505,0,1.5045449772882902e-06,0,10
505,1,5.339483161680331e-06,600,6
505,2,0.007053543707707541,1200,8
505,3,2.278040959486165e-05,1800,7
505,4,0.008009403143767245,2400,13
505,5,0.02273997018347824,3000,10
506,0,8.498781296540553e-07,0,8
506,1,1.0705099042568617e-05,600,7
506,2,0.007053543707707541,1200,8
506,3,2.278040959486165e-05,1800,9
506,4,0.008009403143767245,2400,10
506,5,0.02273997018347824,3000,12
507,0,8.498781296540553e-07,0,8
507,1,1.7985701346721515e-05,600,8
507,2,0.007053543707707541,1200,10
507,3,2.278040959486165e-05,1800,9
507,4,0.0032351886755608377,2400,8
507,5,0.02273997018347824,3000,11
508,0,8.498781296540553e-07,0,7
508,1,1.7985701346721515e-05,600,6
508,2,0.006317009951495584,1200,9
508,3,1.0091114788249515e-05,1800,13
508,4,0.0032351886755608377,2400,10
508,5,0.02273997018347824,3000,9
509,0,8.498781296540553e-07,0,5
509,1,3.829053155863818e-05,600,11
509,2,0.008317364168521925,1200,8
509,3,1.0091114788249515e-05,1800,13
509,4,0.0032351886755608377,2400,4
509,5,0.02273997018347824,3000,13
510,0,6.104756010136978e-07,0,10
510,1,3.547352231944971e-05,600,9
510,2,0.008317364168521925,1200,10
510,3,9.336075130750827e-06,1800,13
510,4,0.0032351886755608377,2400,6
510,5,0.023748000288132502,3000,6
511,0,4.959871147980108e-07,0,4
511,1,3.547352231944971e-05,600,12
511,2,0.002977025822719378,1200,9
511,3,9.336075130750827e-06,1800,11
511,4,0.0032351886755608377,2400,10
511,5,0.023748000288132502,3000,8
512,0,4.959871147980108e-07,0,11
512,1,3.547352231944971e-05,600,5
512,2,0.001930640558005342,1200,14
512,3,9.336075130750827e-06,1800,14
512,4,0.0030413535848000817,2400,5
512,5,0.023748000288132502,3000,5
513,0,4.959871147980108e-07,0,5
513,1,3.547352231944971e-05,600,8
513,2,0.0014049585755950993,1200,6
513,3,1.5132210137728627e-05,1800,18
513,4,0.0022235299388339166,2400,9
513,5,0.023748000288132502,3000,8
514,0,4.959871147980108e-07,0,10
514,1,1.6907906581331862e-05,600,10
514,2,0.0014049585755950993,1200,12
514,3,1.5132210137728627e-05,1800,5
514,4,0.0023970911897708207,2400,9
514,5,0.027148465469101542,3000,8
515,0,4.959871147980108e-07,0,6
515,1,1.6907906581331862e-05,600,10
515,2,0.0014049585755950993,1200,9
515,3,1.5132210137728627e-05,1800,7
515,4,0.0017456163872832885,2400,11
515,5,0.01970372363132219,3000,11
516,0,8.732644684299523e-07,0,8
516,1,1.6907906581331862e-05,600,3
516,2,0.0007388022907043413,1200,13
516,3,1.5132210137728627e-05,1800,11
516,4,0.0017456163872832885,2400,11
516,5,0.01970372363132219,3000,8
517,0,8.732644684299523e-07,0,9
517,1,1.6907906581331862e-05,600,7
517,2,0.0007388022907043413,1200,12
517,3,1.5132210137728627e-05,1800,10
517,4,0.0017456163872832885,2400,7
517,5,0.07454315400213561,3000,9
518,0,8.732644684299523e-07,0,11
518,1,1.6323558218660806e-05,600,11
518,2,0.0007388022907043413,1200,3
518,3,1.8695495178567427e-05,1800,9
518,4,0.0017456163872832885,2400,6
518,5,0.13058323860484164,3000,14
519,0,8.732644684299523e-07,0,7
519,1,1.3718688813160854e-05,600,12
519,2,0.0007388022907043413,1200,9
519,3,1.8695495178567427e-05,1800,7
519,4,0.0017456163872832885,2400,9
519,5,0.04946575576461525,3000,10
520,0,8.732644684299523e-07,0,9
520,1,1.6538835282212985e-05,600,4
520,2,0.0007388022907043413,1200,13
520,3,2.8881630026062425e-05,1800,11
520,4,0.0017456163872832885,2400,10
520,5,0.03944174533259892,3000,7
521,0,8.732644684299523e-07,0,7
521,1,1.6538835282212985e-05,600,8
521,2,0.002023388658938224,1200,7
521,3,2.8881630026062425e-05,1800,10
521,4,0.0017456163872832885,2400,13
521,5,0.029610581662288003,3000,9
522,0,9.405615598923194e-07,0,5
522,1,2.2569981436593094e-05,600,9
522,2,0.0018014807214740448,1200,13
522,3,2.8881630026062425e-05,1800,9
522,4,0.002147142607429027,2400,9
522,5,0.029610581662288003,3000,9
523,0,9.405615598923194e-07,0,8
523,1,2.2447310174971415e-05,600,8
523,2,0.0018014807214740448,1200,9
523,3,3.42845524054141e-05,1800,6
523,4,0.002147142607429027,2400,11
523,5,0.029610581662288003,3000,12
524,0,5.803960628110997e-07,0,10
524,1,2.2447310174971415e-05,600,13
524,2,0.0018014807214740448,1200,7
524,3,3.42845524054141e-05,1800,5
524,4,0.002147142607429027,2400,8
524,5,0.029610581662288003,3000,11
525,0,2.610575996037256e-07,0,6
525,1,2.2447310174971415e-05,600,11
525,2,0.0018014807214740448,1200,8
525,3,2.908486843042967e-05,1800,16
525,4,0.002147142607429027,2400,5
525,5,0.02258859807830574,3000,8
526,0,2.598901079155037e-07,0,12
526,1,3.287136479268697e-05,600,6
526,2,0.0018014807214740448,1200,9
526,3,2.908486843042967e-05,1800,8
526,4,0.002147142607429027,2400,10
526,5,0.02258859807830574,3000,9
527,0,2.598901079155037e-07,0,7
527,1,5.12557389065996e-05,600,7
527,2,0.0018014807214740448,1200,8
527,3,2.3244708150580364e-05,1800,10
527,4,0.002147142607429027,2400,11
527,5,0.05200514805234308,3000,11
528,0,3.0844103673151293e-07,0,10
528,1,3.519378480845155e-05,600,12
528,2,0.0018014807214740448,1200,10
528,3,1.2435546443426433e-05,1800,5
528,4,0.002147142607429027,2400,3
528,5,0.05200514805234308,3000,14
529,0,2.3087749637759613e-07,0,9
529,1,3.519378480845155e-05,600,8
529,2,0.0018014807214740448,1200,7
529,3,2.49288973239805e-05,1800,13
529,4,0.002147142607429027,2400,6
529,5,0.05200514805234308,3000,11
530,0,5.222303738347119e-07,0,6
530,1,3.519378480845155e-05,600,12
530,2,0.0018014807214740448,1200,12
530,3,2.49288973239805e-05,1800,11
530,4,0.002147142607429027,2400,3
530,5,0.07043665526338304,3000,10
531,0,5.222303738347119e-07,0,7
531,1,8.458524295642431e-05,600,9
531,2,0.0018014807214740448,1200,5
531,3,2.49288973239805e-05,1800,11
531,4,0.004519809021803509,2400,9
531,5,0.07043665526338304,3000,13
532,0,5.222303738347119e-07,0,4
532,1,6.693492339284825e-05,600,12
532,2,0.0018014807214740448,1200,12
532,3,2.49288973239805e-05,1800,11
532,4,0.002547433020595404,2400,7
532,5,0.11529683896715036,3000,8
533,0,4.0140020617340515e-07,0,8
533,1,6.693492339284825e-05,600,11
533,2,0.0018014807214740448,1200,11
533,3,1.4388486963807894e-05,1800,7
533,4,0.002547433020595404,2400,8
533,5,0.11529683896715036,3000,9
534,0,4.0140020617340515e-07,0,6
534,1,6.693492339284825e-05,600,12
534,2,0.0018014807214740448,1200,15
534,3,2.5187674381908503e-05,1800,7
534,4,0.0018490255183751325,2400,5
534,5,0.11039967745902915,3000,9
535,0,4.0140020617340515e-07,0,3
535,1,4.0156931357013796e-05,600,13
535,2,0.0021382127093648754,1200,11
535,3,2.2431745864159175e-05,1800,13
535,4,0.0018490255183751325,2400,6
535,5,0.11039967745902915,3000,8
536,0,3.672813956666557e-07,0,5
536,1,4.0156931357013796e-05,600,15
536,2,0.0021382127093648754,1200,7
536,3,6.393280110578646e-06,1800,6
536,4,0.0018490255183751325,2400,9
536,5,0.11039967745902915,3000,12
537,0,3.672813956666557e-07,0,8
537,1,4.0156931357013796e-05,600,7
537,2,0.002413218017394844,1200,7
537,3,1.2402647913366417e-05,1800,14
537,4,0.0018490255183751325,2400,8
537,5,0.11039967745902915,3000,10
538,0,3.672813956666557e-07,0,5
538,1,8.964646753743208e-05,600,15
538,2,0.002413218017394844,1200,7
538,3,9.222200360024484e-06,1800,5
538,4,0.0016289987801930209,2400,7
538,5,0.11039967745902915,3000,15
539,0,1.6364330194155172e-07,0,4
539,1,8.964646753743208e-05,600,16
539,2,0.002413218017394844,1200,11
539,3,1.6826168597696955e-05,1800,4
539,4,0.0016289987801930209,2400,10
539,5,0.11039967745902915,3000,9
540,0,1.6364330194155172e-07,0,4
540,1,8.964646753743208e-05,600,18
540,2,0.0015543035376568903,1200,8
540,3,1.4022873785114902e-05,1800,9
540,4,0.0016289987801930209,2400,2
540,5,0.1301025999994257,3000,13
541,0,1.3465997670932414e-07,0,6
541,1,0.00010984514705171,600,8
541,2,0.0015543035376568903,1200,11
541,3,1.4022873785114902e-05,1800,13
541,4,0.0016289987801930209,2400,5
541,5,0.18117338049315454,3000,11
542,0,1.3465997670932414e-07,0,3
542,1,8.923817982294331e-05,600,9
542,2,0.0015543035376568903,1200,10
542,3,1.014068187622645e-05,1800,10
542,4,0.0016289987801930209,2400,5
542,5,0.18117338049315454,3000,17
543,0,1.3465997670932414e-07,0,5
543,1,0.00011100146252933738,600,9
543,2,0.0015543035376568903,1200,10
543,3,1.014068187622645e-05,1800,12
543,4,0.00200380470498223,2400,8
543,5,0.18117338049315454,3000,10
544,0,6.708721756516678e-08,0,6
544,1,0.00011100146252933738,600,13
544,2,0.0017104003231727535,1200,5
544,3,1.014068187622645e-05,1800,12
544,4,0.00200380470498223,2400,5
544,5,0.18117338049315454,3000,13
545,0,1.129529778997023e-07,0,3
545,1,0.00011100146252933738,600,9
545,2,0.0017104003231727535,1200,15
545,3,1.014068187622645e-05,1800,12
545,4,0.004058515896895285,2400,6
545,5,0.18117338049315454,3000,9
546,0,1.129529778997023e-07,0,1
546,1,5.6162250480641954e-05,600,11
546,2,0.0017104003231727535,1200,13
546,3,1.0460465937044442e-05,1800,13
546,4,0.004058515896895285,2400,5
546,5,0.18117338049315454,3000,11
547,0,1.129529778997023e-07,0,5
547,1,5.6162250480641954e-05,600,9
547,2,0.0017104003231727535,1200,6
547,3,3.041927056296684e-05,1800,6
547,4,0.004058515896895285,2400,9
547,5,0.21253006129123678,3000,19
548,0,1.129529778997023e-07,0,4
548,1,5.6162250480641954e-05,600,5
548,2,0.0006110569891462102,1200,19
548,3,3.877413053047497e-05,1800,6
548,4,0.004058515896895285,2400,4
548,5,0.21253006129123678,3000,16
549,0,1.1535360813219786e-07,0,6
549,1,5.6162250480641954e-05,600,7
549,2,0.0006110569891462102,1200,5
549,3,4.979241475807148e-05,1800,19
549,4,0.004453585982142057,2400,6
549,5,0.21253006129123678,3000,11
550,0,1.1535360813219786e-07,0,4
550,1,5.6162250480641954e-05,600,11
550,2,0.0006110569891462102,1200,9
550,3,1.6308989819965483e-05,1800,12
550,4,0.003614444818109996,2400,8
550,5,0.21253006129123678,3000,10
551,0,1.1535360813219786e-07,0,7
551,1,0.0001694253995925747,600,12
551,2,0.0006110569891462102,1200,8
551,3,1.6308989819965483e-05,1800,9
551,4,0.003614444818109996,2400,5
551,5,0.1806494998445272,3000,13
552,0,1.8011442692493664e-07,0,7
552,1,0.0002372439856026368,600,8
552,2,0.0004202316117146838,1200,10
552,3,1.6308989819965483e-05,1800,6
552,4,0.003969728745596711,2400,8
552,5,0.1806494998445272,3000,15
553,0,1.8011442692493664e-07,0,13
553,1,0.00021335450711959712,600,10
553,2,0.0004202316117146838,1200,12
553,3,1.4202942744160175e-05,1800,9
553,4,0.003969728745596711,2400,3
553,5,0.14452144566402642,3000,7
554,0,1.8011442692493664e-07,0,9
554,1,0.00021335450711959712,600,11
554,2,0.00026030293756942803,1200,11
554,3,7.76324670069762e-06,1800,9
554,4,0.003969728745596711,2400,4
554,5,0.14452144566402642,3000,10
555,0,1.7263040576174882e-07,0,5
555,1,0.00021335450711959712,600,13
555,2,0.0002940434269429462,1200,10
555,3,7.76324670069762e-06,1800,10
555,4,0.0024270622276841586,2400,3
555,5,0.1754946136919305,3000,13
556,0,1.7263040576174882e-07,0,3
556,1,0.00011036673218094227,600,13
556,2,0.0002940434269429462,1200,9
556,3,7.76324670069762e-06,1800,7
556,4,0.0024270622276841586,2400,6
556,5,0.209202284008305,3000,16
557,0,1.7263040576174882e-07,0,3
557,1,0.00011036673218094227,600,10
557,2,0.0007611356935349528,1200,11
557,3,5.946869947611326e-06,1800,10
557,4,0.0024270622276841586,2400,3
557,5,0.209202284008305,3000,17
558,0,1.7263040576174882e-07,0,5
558,1,0.00011036673218094227,600,11
558,2,0.0007611356935349528,1200,14
558,3,6.545969323674437e-06,1800,8
558,4,0.0024270622276841586,2400,6
558,5,0.24055264377222638,3000,10
559,0,1.7263040576174882e-07,0,2
559,1,5.264238047090734e-05,600,8
559,2,0.001040715983122166,1200,7
559,3,6.545969323674437e-06,1800,12
559,4,0.0016455246353609056,2400,9
559,5,0.24055264377222638,3000,16
560,0,1.7263040576174882e-07,0,7
560,1,5.264238047090734e-05,600,11
560,2,0.0010668423648650784,1200,11
560,3,1.0503860598140618e-05,1800,11
560,4,0.0016539658867040427,2400,3
560,5,0.24055264377222638,3000,10
561,0,1.7263040576174882e-07,0,4
561,1,5.264238047090734e-05,600,13
561,2,0.0007886719653655893,1200,11
561,3,1.0503860598140618e-05,1800,12
561,4,0.0016539658867040427,2400,3
561,5,0.26870284652866755,3000,11
562,0,1.7263040576174882e-07,0,3
562,1,5.264238047090734e-05,600,15
562,2,0.0007886719653655893,1200,11
562,3,1.0503860598140618e-05,1800,10
562,4,0.0016539658867040427,2400,0
562,5,0.5316149657918194,3000,15
563,0,1.7263040576174882e-07,0,2
563,1,9.245828365705321e-05,600,13
563,2,0.0007886719653655893,1200,15
563,3,1.0503860598140618e-05,1800,10
563,4,0.0013514183885454274,2400,1
563,5,0.4855466205984579,3000,13
564,0,1.7263040576174882e-07,0,3
564,1,0.00010838277281165941,600,13
564,2,0.001372025976604402,1200,9
564,3,1.0010810629079935e-05,1800,14
564,4,0.0013514183885454274,2400,3
564,5,0.5708885646209876,3000,12
565,0,5.8052040977236684e-08,0,7
565,1,0.00010838277281165941,600,10
565,2,0.0008206974850813733,1200,13
565,3,1.0010810629079935e-05,1800,7
565,4,0.0013514183885454274,2400,2
565,5,0.5708885646209876,3000,15
566,0,5.8052040977236684e-08,0,2
566,1,4.9034111377447194e-05,600,11
566,2,0.0008206974850813733,1200,18
566,3,1.0010810629079935e-05,1800,11
566,4,0.001268617298650933,2400,2
566,5,0.5708885646209876,3000,10
567,0,5.750098667355938e-08,0,0
567,1,5.31017018139489e-05,600,9
567,2,0.0008206974850813733,1200,12
567,3,1.0010810629079935e-05,1800,14
567,4,0.0008244640647894776,2400,3
567,5,0.5708885646209876,3000,16
568,0,5.750098667355938e-08,0,5
568,1,5.31017018139489e-05,600,13
568,2,0.0008206974850813733,1200,10
568,3,1.4151619236308486e-05,1800,15
568,4,0.0008244640647894776,2400,1
568,5,0.770730218295794,3000,10
569,0,8.518245139034572e-08,0,1
569,1,5.31017018139489e-05,600,10
569,2,0.0005599214588472708,1200,13
569,3,1.4151619236308486e-05,1800,11
569,4,0.0014899259020016195,2400,2
569,5,0.770730218295794,3000,17
570,0,8.518245139034572e-08,0,1
570,1,5.31017018139489e-05,600,9
570,2,0.00037875701580311757,1200,13
570,3,1.4151619236308486e-05,1800,16
570,4,0.0005149141355715434,2400,1
570,5,0.770730218295794,3000,13
571,0,1.648391329460943e-07,0,1
571,1,5.31017018139489e-05,600,15
571,2,0.000509938378103628,1200,11
571,3,1.4151619236308486e-05,1800,9
571,4,0.0005149141355715434,2400,1
571,5,0.770730218295794,3000,17
572,0,1.648391329460943e-07,0,3
572,1,4.392863261923142e-05,600,11
572,2,0.0006801986514393159,1200,14
572,3,9.897822597853258e-06,1800,6
572,4,0.0005149141355715434,2400,3
572,5,0.770730218295794,3000,17
573,0,1.9053209844453047e-07,0,1
573,1,2.8961942922628123e-05,600,11
573,2,0.0006801986514393159,1200,18
573,3,9.897822597853258e-06,1800,13
573,4,0.0005149141355715434,2400,0
573,5,0.770730218295794,3000,11
574,0,1.9053209844453047e-07,0,3
574,1,2.8961942922628123e-05,600,13
574,2,0.0005851521403701597,1200,19
574,3,9.897822597853258e-06,1800,12
574,4,0.00022234320364545107,2400,1
574,5,0.8796986214378366,3000,6
575,0,7.160005660452368e-08,0,2
575,1,2.8961942922628123e-05,600,13
575,2,0.0005851521403701597,1200,12
575,3,9.897822597853258e-06,1800,12
575,4,0.00029088758909321473,2400,3
575,5,0.8796986214378366,3000,12
576,0,7.160005660452368e-08,0,1
576,1,2.8961942922628123e-05,600,13
576,2,0.0005248901711163572,1200,18
576,3,2.035214351889722e-05,1800,11
576,4,0.00029088758909321473,2400,3
576,5,0.8118419733105482,3000,8
577,0,7.160005660452368e-08,0,2
577,1,2.8961942922628123e-05,600,15
577,2,0.0005248901711163572,1200,13
577,3,2.8199073153109705e-05,1800,12
577,4,0.00029088758909321473,2400,3
577,5,0.8118419733105482,3000,9
578,0,3.1839028511902066e-08,0,3
578,1,2.8643519817967367e-05,600,15
578,2,0.0005248901711163572,1200,12
578,3,2.8199073153109705e-05,1800,15
578,4,0.00019986352077759677,2400,3
578,5,0.8118419733105482,3000,6
579,0,3.1839028511902066e-08,0,0
579,1,2.8643519817967367e-05,600,11
579,2,0.0008650832392167007,1200,15
579,3,6.382808337132e-05,1800,12
579,4,0.00019986352077759677,2400,3
579,5,0.8118419733105482,3000,13
580,0,2.8169552888455756e-08,0,3
580,1,2.8643519817967367e-05,600,20
580,2,0.0008650832392167007,1200,9
580,3,7.726975370447635e-05,1800,14
580,4,0.00019425769050367155,2400,3
580,5,0.8604327143434719,3000,5
581,0,2.8169552888455756e-08,0,2
581,1,2.8643519817967367e-05,600,9
581,2,0.0008650832392167007,1200,16
581,3,6.689226099311447e-05,1800,17
581,4,0.00019425769050367155,2400,2
581,5,0.8604327143434719,3000,8
582,0,2.8169552888455756e-08,0,3
582,1,1.2380682516506474e-05,600,18
582,2,0.0008650832392167007,1200,10
582,3,6.689226099311447e-05,1800,6
582,4,0.000200449502553549,2400,4
582,5,0.8604327143434719,3000,13
583,0,5.284675688420372e-08,0,1
583,1,2.1207382161920164e-05,600,9
583,2,0.0008650832392167007,1200,20
583,3,6.689226099311447e-05,1800,6
583,4,0.000253697062492645,2400,4
583,5,0.8604327143434719,3000,14
584,0,5.284675688420372e-08,0,2
584,1,2.3676084610365292e-05,600,11
584,2,0.0009301488653661163,1200,18
584,3,4.931366722273833e-05,1800,11
584,4,0.000253697062492645,2400,3
584,5,0.8282835068018586,3000,9
585,0,5.284675688420372e-08,0,0
585,1,2.3676084610365292e-05,600,12
585,2,0.0009301488653661163,1200,20
585,3,4.931366722273833e-05,1800,9
585,4,0.00012606880459131283,2400,7
585,5,0.8282835068018586,3000,6
586,0,5.9175812394734585e-08,0,3
586,1,2.3676084610365292e-05,600,12
586,2,0.0009301488653661163,1200,15
586,3,6.12476180062286e-05,1800,12
586,4,0.00010671488444897141,2400,1
586,5,0.8192138389071392,3000,11
587,0,5.9175812394734585e-08,0,4
587,1,3.23530347175393e-05,600,9
587,2,0.0009301488653661163,1200,16
587,3,6.12476180062286e-05,1800,11
587,4,0.00010671488444897141,2400,0
587,5,0.6360323675900378,3000,14
588,0,3.342578928501495e-08,0,5
588,1,3.23530347175393e-05,600,13
588,2,0.0009301488653661163,1200,12
588,3,6.12476180062286e-05,1800,14
588,4,0.00012932153837155795,2400,3
588,5,0.6360323675900378,3000,7
589,0,4.526128485460886e-08,0,2
589,1,3.23530347175393e-05,600,9
589,2,0.0012503786891333477,1200,15
589,3,5.75381486220346e-05,1800,11
589,4,0.00012932153837155795,2400,4
589,5,0.5718025170657697,3000,13
590,0,4.526128485460886e-08,0,3
590,1,1.6244757941971727e-05,600,9
590,2,0.0016621070142392523,1200,7
590,3,5.75381486220346e-05,1800,16
590,4,0.00020828990033930085,2400,1
590,5,0.5718025170657697,3000,18
591,0,4.526128485460886e-08,0,3
591,1,1.359869287452168e-05,600,9
591,2,0.0016621070142392523,1200,15
591,3,5.75381486220346e-05,1800,11
591,4,0.00019064699860742913,2400,1
591,5,0.5718025170657697,3000,15
592,0,4.526128485460886e-08,0,1
592,1,1.3774302132859283e-05,600,13
592,2,0.0016622658235556868,1200,10
592,3,6.77583078126662e-05,1800,14
592,4,0.00019064699860742913,2400,3
592,5,0.5377094634443405,3000,13
593,0,4.526128485460886e-08,0,3
593,1,1.3774302132859283e-05,600,11
593,2,0.0016622658235556868,1200,11
593,3,2.313612721988788e-05,1800,12
593,4,0.00019064699860742913,2400,4
593,5,0.5377094634443405,3000,13
594,0,3.927976579514e-08,0,2
594,1,1.3774302132859283e-05,600,11
594,2,0.001573405869993455,1200,15
594,3,2.313612721988788e-05,1800,11
594,4,0.00019064699860742913,2400,5
594,5,0.3389269038014403,3000,10
595,0,5.41512528779868e-08,0,8
595,1,1.3774302132859283e-05,600,5
595,2,0.0010750947550362622,1200,9
595,3,2.313612721988788e-05,1800,12
595,4,0.00019064699860742913,2400,3
595,5,0.23319604558306564,3000,17
596,0,5.41512528779868e-08,0,4
596,1,1.2385036649585404e-05,600,12
596,2,0.0010750947550362622,1200,12
596,3,2.1006863770531973e-05,1800,9
596,4,8.64697367349181e-05,2400,7
596,5,0.23319604558306564,3000,10
597,0,5.41512528779868e-08,0,6
597,1,1.2385036649585404e-05,600,5
597,2,0.0010750947550362622,1200,15
597,3,2.1006863770531973e-05,1800,10
597,4,8.64697367349181e-05,2400,8
597,5,0.18850463240972481,3000,10
598,0,4.978715273373981e-08,0,7
598,1,1.2385036649585404e-05,600,8
598,2,0.0010750947550362622,1200,8
598,3,2.2317742655857126e-05,1800,8
598,4,0.00010195662130772842,2400,11
598,5,0.18850463240972481,3000,12
599,0,4.978715273373981e-08,0,8
599,1,9.202775841305428e-06,600,9
599,2,0.0010750947550362622,1200,6
599,3,3.30455821831086e-05,1800,17
599,4,0.00010195662130772842,2400,7
599,5,0.14068410982500723,3000,7
600,0,4.978715273373981e-08,0,6
600,1,1.662993938457662e-05,600,12
600,2,0.0009965363271924152,1200,8
600,3,3.30455821831086e-05,1800,13
600,4,0.00010195662130772842,2400,6
600,5,0.1761969302751133,3000,9
601,0,6.583829851018304e-08,0,6
601,1,1.6262149630493743e-05,600,8
601,2,0.0017084098611435308,1200,14
601,3,3.30455821831086e-05,1800,11
601,4,5.902593128907205e-05,2400,3
601,5,0.1761969302751133,3000,12
602,0,1.031064757278957e-07,0,0
602,1,1.6262149630493743e-05,600,12
602,2,0.004468493731572787,1200,9
602,3,3.30455821831086e-05,1800,11
602,4,5.902593128907205e-05,2400,4
602,5,0.1761969302751133,3000,18
603,0,1.031064757278957e-07,0,3
603,1,1.6262149630493743e-05,600,12
603,2,0.006799240597216183,1200,9
603,3,4.384689454749951e-05,1800,16
603,4,5.902593128907205e-05,2400,5
603,5,0.29604413059712525,3000,9
604,0,3.8225101488977736e-08,0,3
604,1,1.6262149630493743e-05,600,9
604,2,0.006799240597216183,1200,13
604,3,4.384689454749951e-05,1800,14
604,4,5.902593128907205e-05,2400,3
604,5,0.29604413059712525,3000,12
605,0,5.561283376694109e-08,0,3
605,1,1.383213847945962e-05,600,12
605,2,0.006799240597216183,1200,10
605,3,3.704429766576067e-05,1800,9
605,4,5.902593128907205e-05,2400,4
605,5,0.38088545715977157,3000,16
606,0,6.914750493307999e-08,0,1
606,1,1.2548796964868344e-05,600,11
606,2,0.006799240597216183,1200,14
606,3,3.704429766576067e-05,1800,11
606,4,4.978119801420636e-05,2400,1
606,5,0.38088545715977157,3000,16
607,0,6.914750493307999e-08,0,4
607,1,1.2548796964868344e-05,600,15
607,2,0.006799240597216183,1200,9
607,3,3.704429766576067e-05,1800,6
607,4,3.1057147479898435e-05,2400,6
607,5,0.38088545715977157,3000,14
608,0,6.914750493307999e-08,0,1
608,1,1.2548796964868344e-05,600,19
608,2,0.006799240597216183,1200,13
608,3,3.704429766576067e-05,1800,5
608,4,3.1057147479898435e-05,2400,4
608,5,0.4421799501240961,3000,12
609,0,1.2687718833339794e-07,0,6
609,1,1.2548796964868344e-05,600,18
609,2,0.006799240597216183,1200,13
609,3,8.260798157714773e-05,1800,8
609,4,3.1057147479898435e-05,2400,2
609,5,0.4950077437526484,3000,7
610,0,1.2687718833339794e-07,0,2
610,1,1.362946920590642e-05,600,12
610,2,0.0037997219587053914,1200,14
610,3,8.260798157714773e-05,1800,14
610,4,3.1057147479898435e-05,2400,2
610,5,0.4866651527796355,3000,10
611,0,1.2687718833339794e-07,0,1
611,1,1.408009484575298e-05,600,18
611,2,0.0037997219587053914,1200,9
611,3,8.260798157714773e-05,1800,9
611,4,0.00010750180515714607,2400,5
611,5,0.4866651527796355,3000,12
612,0,1.2687718833339794e-07,0,5
612,1,2.9225800764219875e-05,600,6
612,2,0.0030637214694473345,1200,19
612,3,6.537177019120599e-05,1800,9
612,4,0.00010750180515714607,2400,3
612,5,0.4866651527796355,3000,12
613,0,1.2687718833339794e-07,0,2
613,1,3.8304807939764466e-05,600,9
613,2,0.0036051812778552564,1200,6
613,3,6.537177019120599e-05,1800,18
613,4,8.217072249881338e-05,2400,2
613,5,0.4866651527796355,3000,17
614,0,1.2687718833339794e-07,0,1
614,1,3.8304807939764466e-05,600,17
614,2,0.0036051812778552564,1200,10
614,3,6.537177019120599e-05,1800,7
614,4,9.249716969305084e-05,2400,4
614,5,0.47620895819057585,3000,15
615,0,1.2687718833339794e-07,0,5
615,1,3.8304807939764466e-05,600,9
615,2,0.0036051812778552564,1200,6
615,3,3.25052395252894e-05,1800,16
615,4,8.88466980740993e-05,2400,0
615,5,0.47620895819057585,3000,18
616,0,1.2687718833339794e-07,0,3
616,1,2.3766511531969637e-05,600,13
616,2,0.0036051812778552564,1200,10
616,3,3.8973041282285134e-05,1800,9
616,4,3.2243064367182526e-05,2400,1
616,5,0.47620895819057585,3000,18
617,0,1.1105359995898076e-07,0,3
617,1,2.3766511531969637e-05,600,15
617,2,0.006132784107364556,1200,9
617,3,3.8973041282285134e-05,1800,13
617,4,3.2243064367182526e-05,2400,2
617,5,0.47620895819057585,3000,12
618,0,1.1160289936097127e-07,0,3
618,1,2.614001852009767e-05,600,9
618,2,0.005846057332333596,1200,11
618,3,3.167409448418033e-05,1800,14
618,4,3.2243064367182526e-05,2400,3
618,5,0.47620895819057585,3000,14
619,0,1.1160289936097127e-07,0,3
619,1,3.963126998475867e-05,600,11
619,2,0.0045040101632303625,1200,13
619,3,2.7518203936491067e-05,1800,8
619,4,3.2243064367182526e-05,2400,4
619,5,0.47620895819057585,3000,15
620,0,5.5937846367467574e-08,0,3
620,1,4.02603397564911e-05,600,10
620,2,0.0045040101632303625,1200,13
620,3,3.089531952237083e-05,1800,9
620,4,3.2243064367182526e-05,2400,3
620,5,0.47620895819057585,3000,16
621,0,5.753963356813189e-08,0,1
621,1,1.7789208179263218e-05,600,12
621,2,0.0045040101632303625,1200,15
621,3,3.089531952237083e-05,1800,12
621,4,3.2243064367182526e-05,2400,3
621,5,0.47620895819057585,3000,11
622,0,5.753963356813189e-08,0,7
622,1,1.7789208179263218e-05,600,15
622,2,0.010137445301334909,1200,11
622,3,3.373645183688215e-05,1800,5
622,4,3.2243064367182526e-05,2400,3
622,5,0.6506830638270432,3000,13
623,0,1.0802260882106872e-07,0,3
623,1,1.7789208179263218e-05,600,17
623,2,0.010137445301334909,1200,7
623,3,1.5418639253058396e-05,1800,12
623,4,3.6304225056578195e-05,2400,3
623,5,0.6506830638270432,3000,12
624,0,1.1780157582895851e-07,0,1
624,1,9.595455234877246e-06,600,10
624,2,0.01696804214498197,1200,13
624,3,1.5418639253058396e-05,1800,11
624,4,3.6304225056578195e-05,2400,4
624,5,0.6506830638270432,3000,15
625,0,1.1780157582895851e-07,0,4
625,1,1.446674143336647e-05,600,14
625,2,0.01696804214498197,1200,10
625,3,1.88564421688129e-05,1800,10
625,4,2.4818127820092583e-05,2400,9
625,5,0.6506830638270432,3000,7
626,0,1.495860345191916e-07,0,1
626,1,1.446674143336647e-05,600,13
626,2,0.01696804214498197,1200,12
626,3,1.337770830451171e-05,1800,14
626,4,2.5051297807732045e-05,2400,0
626,5,0.6506830638270432,3000,14
627,0,1.1988196975575825e-07,0,2
627,1,1.3212259188828828e-05,600,14
627,2,0.01696804214498197,1200,10
627,3,2.832290823947753e-05,1800,18
627,4,2.5051297807732045e-05,2400,1
627,5,0.7899477487858895,3000,9
628,0,9.661935893463438e-08,0,4
628,1,1.3212259188828828e-05,600,8
628,2,0.01696804214498197,1200,22
628,3,3.0137688522807212e-05,1800,9
628,4,2.5051297807732045e-05,2400,2
628,5,0.7899477487858895,3000,9
629,0,1.0092662878708843e-07,0,3
629,1,1.4873489835842682e-05,600,12
629,2,0.01696804214498197,1200,12
629,3,3.0137688522807212e-05,1800,12
629,4,1.7636638657803267e-05,2400,1
629,5,0.7514653749408583,3000,14
630,0,1.0092662878708843e-07,0,3
630,1,1.0963926775798447e-05,600,13
630,2,0.01696804214498197,1200,12
630,3,3.0137688522807212e-05,1800,16
630,4,8.373901976544548e-06,2400,0
630,5,0.7514653749408583,3000,10
631,0,1.0092662878708843e-07,0,5
631,1,8.098173573988164e-06,600,13
631,2,0.014399751610451567,1200,10
631,3,4.073264783922828e-05,1800,14
631,4,8.373901976544548e-06,2400,1
631,5,0.8584440270099071,3000,11
632,0,2.3986478561361033e-07,0,1
632,1,7.135487235830334e-06,600,11
632,2,0.014399751610451567,1200,15
632,3,4.903975317270035e-05,1800,16
632,4,8.373901976544548e-06,2400,2
632,5,0.8584440270099071,3000,9
633,0,2.3986478561361033e-07,0,4
633,1,7.135487235830334e-06,600,11
633,2,0.014399751610451567,1200,12
633,3,3.5956033185866326e-05,1800,14
633,4,8.628614955391444e-06,2400,3
633,5,0.8584440270099071,3000,10
634,0,1.0399663022644218e-07,0,4
634,1,7.135487235830334e-06,600,13
634,2,0.014399751610451567,1200,8
634,3,3.5956033185866326e-05,1800,15
634,4,7.339256572672193e-06,2400,1
634,5,0.8228577785111025,3000,12
635,0,1.0399663022644218e-07,0,0
635,1,7.135487235830334e-06,600,7
635,2,0.014399751610451567,1200,19
635,3,3.5956033185866326e-05,1800,16
635,4,1.675992092209406e-06,2400,3
635,5,0.8228577785111025,3000,8
636,0,1.5341746838840712e-07,0,2
636,1,7.135487235830334e-06,600,9
636,2,0.014399751610451567,1200,17
636,3,3.5956033185866326e-05,1800,14
636,4,1.781674060039604e-06,2400,2
636,5,0.7561370459637036,3000,9
637,0,1.5341746838840712e-07,0,1
637,1,3.402415334907614e-06,600,12
637,2,0.01118887134456462,1200,11
637,3,3.5956033185866326e-05,1800,12
637,4,1.781674060039604e-06,2400,6
637,5,0.757262921915282,3000,12
638,0,1.5341746838840712e-07,0,1
638,1,3.402415334907614e-06,600,9
638,2,0.01118887134456462,1200,15
638,3,3.5956033185866326e-05,1800,11
638,4,1.781674060039604e-06,2400,4
638,5,0.8006016435548826,3000,14
639,0,1.5341746838840712e-07,0,4
639,1,2.8458390716463517e-06,600,7
639,2,0.007801656913162714,1200,11
639,3,3.5956033185866326e-05,1800,13
639,4,2.9819062857195787e-06,2400,5
639,5,0.8006016435548826,3000,14
640,0,1.5341746838840712e-07,0,0
640,1,1.9870429779360253e-06,600,11
640,2,0.006948578644434776,1200,17
640,3,3.5956033185866326e-05,1800,16
640,4,2.9819062857195787e-06,2400,2
640,5,0.8127769997191739,3000,8
641,0,1.5341746838840712e-07,0,3
641,1,1.6167332447594472e-06,600,11
641,2,0.005678984887101508,1200,15
641,3,3.5956033185866326e-05,1800,12
641,4,2.9819062857195787e-06,2400,2
641,5,0.8127769997191739,3000,11
642,0,1.0824208177970673e-07,0,0
642,1,1.6167332447594472e-06,600,15
642,2,0.005678984887101508,1200,11
642,3,2.95299335997547e-05,1800,12
642,4,2.9819062857195787e-06,2400,3
642,5,0.627799784943089,3000,13
643,0,1.2848562952705459e-07,0,5
643,1,1.74284440227217e-06,600,12
643,2,0.006551453702267631,1200,12
643,3,2.95299335997547e-05,1800,13
643,4,2.9819062857195787e-06,2400,1
643,5,0.7232785887263189,3000,11
644,0,1.2848562952705459e-07,0,2
644,1,1.74284440227217e-06,600,16
644,2,0.0075090109630217535,1200,17
644,3,2.2470568150119274e-05,1800,9
644,4,6.857338893392494e-06,2400,2
644,5,0.7232785887263189,3000,8
645,0,1.2848562952705459e-07,0,3
645,1,2.1359414786004588e-06,600,16
645,2,0.0075090109630217535,1200,10
645,3,1.0597241190460147e-05,1800,10
645,4,8.623889496645101e-06,2400,2
645,5,0.7232785887263189,3000,13
646,0,1.2848562952705459e-07,0,1
646,1,1.7490420702483164e-06,600,8
646,2,0.0075090109630217535,1200,21
646,3,1.0597241190460147e-05,1800,8
646,4,1.3158281694372269e-05,2400,3
646,5,0.6918199558608793,3000,13
647,0,1.2848562952705459e-07,0,5
647,1,1.7490420702483164e-06,600,14
647,2,0.0075090109630217535,1200,12
647,3,1.0414846417565745e-05,1800,12
647,4,9.313648442232717e-06,2400,1
647,5,0.6918199558608793,3000,10
648,0,1.2848562952705459e-07,0,5
648,1,2.76794376166367e-06,600,11
648,2,0.010577981656924031,1200,9
648,3,1.0414846417565745e-05,1800,17
648,4,1.2013345669244825e-05,2400,1
648,5,0.6918199558608793,3000,11
649,0,1.3634273707582672e-07,0,5
649,1,2.76794376166367e-06,600,10
649,2,0.010577981656924031,1200,11
649,3,1.0414846417565745e-05,1800,11
649,4,1.2893027506537687e-05,2400,5
649,5,0.5953570415833248,3000,12
650,0,4.57081632288796e-08,0,3
650,1,2.76794376166367e-06,600,10
650,2,0.016481513811069822,1200,13
650,3,1.0414846417565745e-05,1800,12
650,4,1.2893027506537687e-05,2400,2
650,5,0.5953570415833248,3000,14
651,0,6.049745409439393e-08,0,2
651,1,2.76794376166367e-06,600,10
651,2,0.011745022293701961,1200,12
651,3,1.0414846417565745e-05,1800,16
651,4,1.4967125905139995e-05,2400,0
651,5,0.5953570415833248,3000,14
652,0,4.4113629268301324e-08,0,1
652,1,3.38092435455621e-06,600,10
652,2,0.011745022293701961,1200,11
652,3,1.0414846417565745e-05,1800,9
652,4,1.4967125905139995e-05,2400,6
652,5,0.6254859415819188,3000,17
653,0,2.9459100289841408e-08,0,3
653,1,2.4430074284176863e-06,600,12
653,2,0.011745022293701961,1200,15
653,3,1.0414846417565745e-05,1800,13
653,4,1.4967125905139995e-05,2400,2
653,5,0.7362214858125278,3000,9
654,0,1.3748216183517805e-08,0,1
654,1,2.4430074284176863e-06,600,8
654,2,0.011745022293701961,1200,16
654,3,1.0414846417565745e-05,1800,16
654,4,1.4967125905139995e-05,2400,4
654,5,0.6730772741335284,3000,9
655,0,1.3748216183517805e-08,0,4
655,1,2.4430074284176863e-06,600,15
655,2,0.011745022293701961,1200,9
655,3,1.0414846417565745e-05,1800,8
655,4,1.4967125905139995e-05,2400,4
655,5,0.3958472148856695,3000,14
656,0,1.3748216183517805e-08,0,3
656,1,2.4430074284176863e-06,600,14
656,2,0.009480759099395405,1200,13
656,3,1.5087672486962729e-05,1800,12
656,4,2.3338969447342162e-05,2400,0
656,5,0.3958472148856695,3000,12
657,0,1.2502634488257167e-08,0,3
657,1,2.4430074284176863e-06,600,9
657,2,0.008991033196407613,1200,18
657,3,1.5087672486962729e-05,1800,12
657,4,2.577528317736451e-05,2400,1
657,5,0.3958472148856695,3000,10
658,0,1.2502634488257167e-08,0,1
658,1,2.2497622171243323e-06,600,8
658,2,0.005283838550971205,1200,12
658,3,1.5087672486962729e-05,1800,14
658,4,2.577528317736451e-05,2400,11
658,5,0.44316224045853425,3000,8
659,0,2.0349320893545063e-08,0,2
659,1,3.5334063765196007e-06,600,13
659,2,0.005283838550971205,1200,12
659,3,1.5087672486962729e-05,1800,11
659,4,2.577528317736451e-05,2400,3
659,5,0.5989847532909892,3000,13
660,0,2.0349320893545063e-08,0,0
660,1,3.5334063765196007e-06,600,19
660,2,0.005283838550971205,1200,11
660,3,1.5087672486962729e-05,1800,15
660,4,1.6066322983276485e-05,2400,1
660,5,0.5989847532909892,3000,8
661,0,9.541345945236551e-09,0,4
661,1,3.5334063765196007e-06,600,8
661,2,0.008007405716384657,1200,11
661,3,1.5087672486962729e-05,1800,16
661,4,1.6066322983276485e-05,2400,2
661,5,0.5989847532909892,3000,13
662,0,1.1927705020786018e-08,0,5
662,1,3.2183537046468504e-06,600,14
662,2,0.008007405716384657,1200,13
662,3,1.5087672486962729e-05,1800,7
662,4,1.6066322983276485e-05,2400,5
662,5,0.5854127173105169,3000,10
663,0,1.1927705020786018e-08,0,2
663,1,3.2183537046468504e-06,600,9
663,2,0.008687757903236691,1200,11
663,3,1.3859413204125191e-05,1800,8
663,4,1.6066322983276485e-05,2400,5
663,5,0.5854048787684061,3000,19
664,0,1.1927705020786018e-08,0,5
664,1,4.672934194396037e-06,600,8
664,2,0.008687757903236691,1200,9
664,3,1.3859413204125191e-05,1800,11
664,4,1.6066322983276485e-05,2400,8
664,5,0.43169700308551906,3000,13
665,0,1.1927705020786018e-08,0,2
665,1,5.520644392244506e-06,600,16
665,2,0.008687757903236691,1200,3
665,3,1.7099632159152235e-05,1800,14
665,4,1.6066322983276485e-05,2400,9
665,5,0.28316187570922985,3000,10
666,0,1.2459553241653204e-08,0,4
666,1,4.539366356872235e-06,600,15
666,2,0.008687757903236691,1200,7
666,3,1.9934565084045938e-05,1800,15
666,4,1.6066322983276485e-05,2400,3
666,5,0.28316187570922985,3000,10
667,0,1.79881840542105e-08,0,7
667,1,4.539366356872235e-06,600,8
667,2,0.006696720964202674,1200,16
667,3,3.1022581300104435e-05,1800,9
667,4,1.6066322983276485e-05,2400,3
667,5,0.3272089248317538,3000,11
668,0,1.79881840542105e-08,0,5
668,1,2.0118332446156467e-06,600,14
668,2,0.006696720964202674,1200,12
668,3,3.1022581300104435e-05,1800,11
668,4,1.2128091078401655e-05,2400,7
668,5,0.3272089248317538,3000,5
669,0,2.163208582044591e-08,0,3
669,1,2.0118332446156467e-06,600,10
669,2,0.006696720964202674,1200,14
669,3,3.1022581300104435e-05,1800,8
669,4,1.2128091078401655e-05,2400,6
669,5,0.3359060368328744,3000,13
670,0,2.163208582044591e-08,0,2
670,1,2.0118332446156467e-06,600,8
670,2,0.006696720964202674,1200,12
670,3,1.6716603478460516e-05,1800,11
670,4,2.7117781925062406e-05,2400,6
670,5,0.3359060368328744,3000,15
671,0,2.163208582044591e-08,0,9
671,1,2.304316718095667e-06,600,12
671,2,0.004348097525452433,1200,11
671,3,1.6716603478460516e-05,1800,9
671,4,2.7117781925062406e-05,2400,4
671,5,0.3359060368328744,3000,9
672,0,2.163208582044591e-08,0,8
672,1,5.641158252749368e-06,600,14
672,2,0.005911098630771665,1200,7
672,3,1.6716603478460516e-05,1800,11
672,4,2.7117781925062406e-05,2400,5
672,5,0.3359060368328744,3000,9
673,0,2.163208582044591e-08,0,2
673,1,8.302035734803335e-06,600,12
673,2,0.0035451215148952953,1200,11
673,3,1.6716603478460516e-05,1800,11
673,4,2.7117781925062406e-05,2400,5
673,5,0.3939607296125674,3000,13
674,0,9.405772226614823e-09,0,9
674,1,8.302035734803335e-06,600,9
674,2,0.003472946515555526,1200,7
674,3,1.69409660968662e-05,1800,17
674,4,2.7117781925062406e-05,2400,2
674,5,0.3939607296125674,3000,10
675,0,9.405772226614823e-09,0,6
675,1,7.97149100484892e-06,600,12
675,2,0.0008960540230569513,1200,9
675,3,1.69409660968662e-05,1800,8
675,4,2.7117781925062406e-05,2400,6
675,5,0.3939607296125674,3000,13
676,0,9.405772226614823e-09,0,2
676,1,8.592602577729754e-06,600,15
676,2,0.0006878142125752246,1200,6
676,3,1.69409660968662e-05,1800,11
676,4,3.597992236562718e-05,2400,5
676,5,0.3939607296125674,3000,15
677,0,1.0961232749460114e-08,0,8
677,1,8.592602577729754e-06,600,9
677,2,0.0006495495445732026,1200,17
677,3,1.69409660968662e-05,1800,10
677,4,2.9040478300981846e-05,2400,3
677,5,0.38564556589598065,3000,7
678,0,2.3338299624196694e-08,0,3
678,1,1.0441456392105678e-05,600,7
678,2,0.0006495495445732026,1200,13
678,3,1.4080669591961048e-05,1800,11
678,4,2.9040478300981846e-05,2400,2
678,5,0.38564556589598065,3000,18
679,0,2.5223407117085408e-08,0,4
679,1,1.0441456392105678e-05,600,12
679,2,0.0006495495445732026,1200,7
679,3,1.4654523954658198e-05,1800,15
679,4,1.1452965295587193e-05,2400,4
679,5,0.3199732933914009,3000,12
680,0,2.9892787573476765e-08,0,1
680,1,1.0441456392105678e-05,600,11
680,2,0.0006495495445732026,1200,9
680,3,7.228357526320166e-06,1800,16
680,4,1.1452965295587193e-05,2400,6
680,5,0.3199732933914009,3000,10
681,0,2.296946687568647e-08,0,2
681,1,1.0441456392105678e-05,600,15
681,2,0.0004895543518480337,1200,10
681,3,7.228357526320166e-06,1800,9
681,4,8.879497957194602e-06,2400,5
681,5,0.3199732933914009,3000,13
682,0,2.296946687568647e-08,0,7
682,1,1.0441456392105678e-05,600,10
682,2,0.0004895543518480337,1200,11
682,3,3.208546087430654e-06,1800,8
682,4,8.879497957194602e-06,2400,6
682,5,0.30114423735531787,3000,12
683,0,2.296946687568647e-08,0,3
683,1,1.0441456392105678e-05,600,17
683,2,0.0004158804104627587,1200,11
683,3,3.199004785588711e-06,1800,9
683,4,1.2181241089174702e-05,2400,3
683,5,0.30114423735531787,3000,11
684,0,2.4958813089982165e-08,0,7
684,1,7.12995163420152e-06,600,7
684,2,0.0002993130386055941,1200,10
684,3,3.199004785588711e-06,1800,13
684,4,1.2181241089174702e-05,2400,4
684,5,0.30114423735531787,3000,13
685,0,2.4958813089982165e-08,0,3
685,1,7.12995163420152e-06,600,8
685,2,0.0002993130386055941,1200,11
685,3,1.2878644846339526e-06,1800,10
685,4,9.150674460966434e-06,2400,8
685,5,0.30114423735531787,3000,14
686,0,1.991865103358581e-08,0,3
686,1,7.12995163420152e-06,600,8
686,2,0.0001930075113957284,1200,11
686,3,1.6811277414730584e-06,1800,16
686,4,9.150674460966434e-06,2400,5
686,5,0.30114423735531787,3000,11
687,0,1.991865103358581e-08,0,5
687,1,7.12995163420152e-06,600,9
687,2,0.0001930075113957284,1200,7
687,3,1.6811277414730584e-06,1800,14
687,4,9.150674460966434e-06,2400,9
687,5,0.36531955143662725,3000,10
688,0,2.229629925042579e-08,0,0
688,1,7.12995163420152e-06,600,11
688,2,0.0001930075113957284,1200,11
688,3,2.262785600738534e-06,1800,12
688,4,9.150674460966434e-06,2400,4
688,5,0.4349126744774755,3000,16
689,0,2.1209796251494442e-08,0,2
689,1,6.6359528220568256e-06,600,13
689,2,0.0001930075113957284,1200,7
689,3,2.262785600738534e-06,1800,13
689,4,6.708094460099225e-06,2400,4
689,5,0.4349126744774755,3000,15
690,0,6.470770567215314e-08,0,5
690,1,5.1906290078603074e-06,600,5
690,2,0.0001930075113957284,1200,13
690,3,2.262785600738534e-06,1800,9
690,4,6.708094460099225e-06,2400,5
690,5,0.4349126744774755,3000,17
691,0,6.470770567215314e-08,0,6
691,1,7.1119444022384935e-06,600,11
691,2,0.00021906766658273265,1200,12
691,3,2.262785600738534e-06,1800,7
691,4,6.708094460099225e-06,2400,2
691,5,0.437388322453406,3000,16
692,0,6.470770567215314e-08,0,7
692,1,3.3169582371459956e-06,600,13
692,2,0.00015636015890044592,1200,6
692,3,1.7386050030142736e-06,1800,4
692,4,6.708094460099225e-06,2400,7
692,5,0.437388322453406,3000,17
693,0,6.470770567215314e-08,0,7
693,1,1.9470370579125245e-06,600,13
693,2,0.00015636015890044592,1200,6
693,3,1.7386050030142736e-06,1800,12
693,4,7.138764093426362e-06,2400,2
693,5,0.3845178377296702,3000,14
694,0,6.470770567215314e-08,0,2
694,1,1.0148575135822265e-06,600,11
694,2,0.0002011582509093301,1200,15
694,3,1.7386050030142736e-06,1800,13
694,4,7.138764093426362e-06,2400,4
694,5,0.3845178377296702,3000,9
695,0,6.470770567215314e-08,0,1
695,1,1.6814644975456493e-06,600,15
695,2,0.00021472347034984365,1200,11
695,3,1.7386050030142736e-06,1800,8
695,4,5.836737265901419e-06,2400,2
695,5,0.5863120359263299,3000,17
696,0,1.3107201475004584e-07,0,4
696,1,1.6814644975456493e-06,600,8
696,2,0.00013897614204439975,1200,10
696,3,1.7386050030142736e-06,1800,12
696,4,5.836737265901419e-06,2400,4
696,5,0.5863120359263299,3000,16
697,0,1.444836327910687e-07,0,2
697,1,1.6814644975456493e-06,600,8
697,2,3.1701155343263535e-05,1200,11
697,3,1.7386050030142736e-06,1800,13
697,4,5.836737265901419e-06,2400,3
697,5,0.5863120359263299,3000,17
698,0,1.2496096010562926e-07,0,6
698,1,1.1757225889707798e-06,600,11
698,2,3.1701155343263535e-05,1200,13
698,3,2.4859448845983284e-06,1800,12
698,4,5.836737265901419e-06,2400,3
698,5,0.5863120359263299,3000,9
699,0,1.2496096010562926e-07,0,3
699,1,1.1757225889707798e-06,600,13
699,2,2.6455668564284544e-05,1200,11
699,3,2.4859448845983284e-06,1800,12
699,4,5.3550137956662005e-06,2400,4
699,5,0.5863120359263299,3000,11
700,0,1.2496096010562926e-07,0,3
700,1,1.0354928022278044e-06,600,11
700,2,2.2403922345855e-05,1200,14
700,3,2.4859448845983284e-06,1800,12
700,4,5.3550137956662005e-06,2400,4
700,5,0.7444420887650599,3000,10
701,0,1.2496096010562926e-07,0,2
701,1,7.90574730764527e-07,600,16
701,2,2.2351628872573607e-05,1200,14
701,3,2.4859448845983284e-06,1800,6
701,4,3.3233901124604576e-06,2400,2
701,5,0.7444420887650599,3000,14
702,0,1.4889814925608413e-07,0,3
702,1,6.707832776200979e-07,600,9
702,2,1.5196890746219892e-05,1200,21
702,3,2.4859448845983284e-06,1800,15
702,4,3.3233901124604576e-06,2400,3
702,5,0.7444420887650599,3000,3
703,0,7.471363051422766e-08,0,4
703,1,6.707832776200979e-07,600,10
703,2,1.5196890746219892e-05,1200,12
703,3,2.4859448845983284e-06,1800,14
703,4,3.4020631816153874e-06,2400,3
703,5,0.8412500812305715,3000,11
704,0,7.471363051422766e-08,0,0
704,1,6.707832776200979e-07,600,10
704,2,1.1865932001817557e-05,1200,18
704,3,1.0143304740364927e-06,1800,11
704,4,2.6926488388048653e-06,2400,2
704,5,0.8412500812305715,3000,13
705,0,7.471363051422766e-08,0,0
705,1,6.707832776200979e-07,600,14
705,2,1.1865932001817557e-05,1200,14
705,3,2.481886154151709e-07,1800,14
705,4,2.6926488388048653e-06,2400,2
705,5,0.8412500812305715,3000,10
706,0,6.618374786467013e-08,0,2
706,1,1.0426091219822083e-06,600,9
706,2,1.1929730167638536e-05,1200,12
706,3,2.65314001690689e-07,1800,18
706,4,2.6926488388048653e-06,2400,1
706,5,0.8412500812305715,3000,12
707,0,6.618374786467013e-08,0,1
707,1,1.0426091219822083e-06,600,11
707,2,9.721776599722678e-06,1200,11
707,3,2.65314001690689e-07,1800,23
707,4,2.6926488388048653e-06,2400,3
707,5,0.9172219291497409,3000,5
708,0,6.618374786467013e-08,0,2
708,1,2.002345939115216e-06,600,14
708,2,9.721776599722678e-06,1200,21
708,3,2.65314001690689e-07,1800,8
708,4,2.5414670410926242e-06,2400,1
708,5,0.9172219291497409,3000,8
709,0,6.618374786467013e-08,0,3
709,1,2.002345939115216e-06,600,9
709,2,1.9917810071718972e-05,1200,17
709,3,3.121753231325332e-07,1800,19
709,4,2.5414670410926242e-06,2400,0
709,5,0.9282908902851765,3000,6
710,0,7.095557565560755e-08,0,1
710,1,2.002345939115216e-06,600,9
710,2,1.9917810071718972e-05,1200,22
710,3,2.728803884467464e-07,1800,17
710,4,3.1453474840542373e-06,2400,2
710,5,0.9499359473854135,3000,3
711,0,7.095557565560755e-08,0,2
711,1,2.002345939115216e-06,600,22
711,2,1.9917810071718972e-05,1200,14
711,3,2.728803884467464e-07,1800,10
711,4,2.3416870497412575e-06,2400,0
711,5,0.9215421778717754,3000,6
712,0,7.095557565560755e-08,0,0
712,1,2.002345939115216e-06,600,11
712,2,1.1443239934415757e-05,1200,15
712,3,2.728803884467464e-07,1800,18
712,4,3.7917627193054674e-06,2400,3
712,5,0.8836060323178412,3000,7
713,0,7.679342102314065e-08,0,1
713,1,1.5575754779896962e-06,600,14
713,2,1.8021475571672712e-05,1200,14
713,3,2.728803884467464e-07,1800,9
713,4,3.7917627193054674e-06,2400,2
713,5,0.8836060323178412,3000,14
714,0,7.464028185980938e-08,0,1
714,1,1.5183415718618571e-06,600,13
714,2,1.8021475571672712e-05,1200,11
714,3,2.728803884467464e-07,1800,22
714,4,9.609975707315917e-06,2400,0
714,5,0.8836060323178412,3000,7
715,0,7.464028185980938e-08,0,3
715,1,1.5183415718618571e-06,600,14
715,2,3.0368556588871883e-05,1200,13
715,3,2.728803884467464e-07,1800,8
715,4,9.609975707315917e-06,2400,1
715,5,0.7451535985578568,3000,15
716,0,1.2032510470222435e-07,0,3
716,1,1.5183415718618571e-06,600,12
716,2,3.0368556588871883e-05,1200,6
716,3,2.934414678259914e-07,1800,15
716,4,7.57964039328907e-06,2400,2
716,5,0.6880782972579844,3000,16
717,0,3.9046592351350115e-08,0,1
717,1,1.5183415718618571e-06,600,14
717,2,3.0368556588871883e-05,1200,17
717,3,2.934414678259914e-07,1800,10
717,4,7.57964039328907e-06,2400,2
717,5,0.7627186017339578,3000,10
718,0,3.84352969427148e-08,0,4
718,1,1.5183415718618571e-06,600,11
718,2,5.2227670891194195e-05,1200,16
718,3,2.934414678259914e-07,1800,14
718,4,6.73233886037377e-06,2400,0
718,5,0.7627186017339578,3000,9
719,0,3.84352969427148e-08,0,3
719,1,1.5183415718618571e-06,600,10
719,2,5.2227670891194195e-05,1200,12
719,3,3.148077015824746e-07,1800,12
719,4,6.73233886037377e-06,2400,4
719,5,0.762680904421845,3000,13
720,0,3.84352969427148e-08,0,3
720,1,1.721369308601589e-06,600,12
720,2,0.00011964689204606706,1200,12
720,3,3.148077015824746e-07,1800,15
720,4,6.73233886037377e-06,2400,1
720,5,0.762680904421845,3000,11
721,0,3.84352969427148e-08,0,1
721,1,1.721369308601589e-06,600,9
721,2,0.00011964689204606706,1200,19
721,3,3.148077015824746e-07,1800,13
721,4,4.3406617262142384e-06,2400,3
721,5,0.762680904421845,3000,9
722,0,1.608583917702461e-08,0,3
722,1,1.721369308601589e-06,600,12
722,2,0.0001457436169870981,1200,18
722,3,3.7627371845283097e-07,1800,6
722,4,4.3406617262142384e-06,2400,0
722,5,0.762680904421845,3000,15
723,0,3.683176593162182e-08,0,2
723,1,1.721369308601589e-06,600,8
723,2,0.0001457436169870981,1200,13
723,3,3.7627371845283097e-07,1800,17
723,4,4.3406617262142384e-06,2400,6
723,5,0.762680904421845,3000,8
724,0,3.683176593162182e-08,0,1
724,1,2.739196748754085e-06,600,10
724,2,0.0001420509522325282,1200,8
724,3,3.7627371845283097e-07,1800,16
724,4,4.3406617262142384e-06,2400,3
724,5,0.762680904421845,3000,16
725,0,4.793436311822883e-08,0,1
725,1,3.1628147350137882e-06,600,15
725,2,0.0001420509522325282,1200,8
725,3,3.7627371845283097e-07,1800,15
725,4,5.762260984935874e-06,2400,4
725,5,0.762680904421845,3000,11
726,0,4.3042679985695315e-08,0,3
726,1,3.8078975572901727e-06,600,11
726,2,0.00023417490101874486,1200,13
726,3,3.7627371845283097e-07,1800,15
726,4,5.097589462392913e-06,2400,3
726,5,0.762680904421845,3000,9
727,0,9.538531074670918e-08,0,3
727,1,2.600492919622289e-06,600,7
727,2,0.00023417490101874486,1200,12
727,3,3.7627371845283097e-07,1800,17
727,4,5.097589462392913e-06,2400,5
727,5,0.762680904421845,3000,10
728,0,9.538531074670918e-08,0,3
728,1,2.902856431477845e-06,600,12
728,2,0.00023417490101874486,1200,15
728,3,2.9703192767221843e-07,1800,12
728,4,8.09095026111988e-06,2400,2
728,5,0.7596723723277263,3000,10
729,0,1.2351539559812107e-07,0,1
729,1,2.7083203092085737e-06,600,5
729,2,0.00023417490101874486,1200,15
729,3,2.9703192767221843e-07,1800,17
729,4,8.09095026111988e-06,2400,0
729,5,0.7596723723277263,3000,16
730,0,3.9708387388830476e-07,0,3
730,1,2.7083203092085737e-06,600,10
730,2,0.00023417490101874486,1200,6
730,3,2.9703192767221843e-07,1800,12
730,4,8.09095026111988e-06,2400,4
730,5,0.7555261440975386,3000,19
731,0,3.9708387388830476e-07,0,2
731,1,3.064284947489044e-06,600,21
731,2,0.00023417490101874486,1200,12
731,3,2.410965052703035e-07,1800,8
731,4,8.09095026111988e-06,2400,6
731,5,0.7947041732005259,3000,5
732,0,1.1607545395090067e-07,0,1
732,1,3.064284947489044e-06,600,10
732,2,0.00023417490101874486,1200,10
732,3,2.410965052703035e-07,1800,15
732,4,8.09095026111988e-06,2400,1
732,5,0.8130865027938453,3000,17
733,0,1.1607545395090067e-07,0,1
733,1,3.064284947489044e-06,600,12
733,2,0.00014941688744939333,1200,16
733,3,2.4777221832121866e-07,1800,11
733,4,8.09095026111988e-06,2400,3
733,5,0.7137202405439571,3000,11
734,0,5.1273071780435364e-08,0,0
734,1,3.064284947489044e-06,600,17
734,2,0.00010060466449663518,1200,10
734,3,2.4777221832121866e-07,1800,8
734,4,8.09095026111988e-06,2400,1
734,5,0.7584381592371692,3000,18
735,0,7.416743688372259e-08,0,5
735,1,4.003480718539727e-06,600,10
735,2,0.00010060466449663518,1200,14
735,3,2.4777221832121866e-07,1800,14
735,4,8.09095026111988e-06,2400,4
735,5,0.7584381592371692,3000,7
736,0,7.416743688372259e-08,0,3
736,1,2.1753939721678715e-06,600,12
736,2,0.00010060466449663518,1200,12
736,3,2.4777221832121866e-07,1800,13
736,4,8.184608833798076e-06,2400,2
736,5,0.7584381592371692,3000,12
737,0,7.416743688372259e-08,0,1
737,1,6.457687549746344e-07,600,10
737,2,0.00010060466449663518,1200,18
737,3,1.3069390847421518e-07,1800,13
737,4,8.184608833798076e-06,2400,0
737,5,0.7584381592371692,3000,12
738,0,7.416743688372259e-08,0,0
738,1,2.941121554083769e-07,600,13
738,2,0.00010060466449663518,1200,11
738,3,1.3075954531258306e-07,1800,16
738,4,1.0780920608342863e-05,2400,2
738,5,0.7802689364327563,3000,12
739,0,6.187791126649089e-08,0,1
739,1,2.931059791257204e-07,600,6
739,2,0.00010060466449663518,1200,10
739,3,1.294953004480371e-07,1800,24
739,4,1.2890701446591704e-05,2400,1
739,5,0.7875276719876984,3000,12
740,0,6.187791126649089e-08,0,2
740,1,2.931059791257204e-07,600,11
740,2,0.00015967079345670967,1200,13
740,3,1.294953004480371e-07,1800,14
740,4,4.002388176411757e-06,2400,3
740,5,0.7875276719876984,3000,11
741,0,9.143278756551624e-08,0,2
741,1,2.931059791257204e-07,600,11
741,2,0.00015967079345670967,1200,16
741,3,1.294953004480371e-07,1800,17
741,4,4.002388176411757e-06,2400,2
741,5,0.5985559539969577,3000,6
742,0,6.845675750689815e-08,0,2
742,1,2.931059791257204e-07,600,10
742,2,0.00015967079345670967,1200,8
742,3,8.705877726457051e-08,1800,11
742,4,5.608690112009812e-06,2400,7
742,5,0.5985559539969577,3000,16
743,0,6.845675750689815e-08,0,3
743,1,2.931059791257204e-07,600,13
743,2,0.00015967079345670967,1200,10
743,3,7.835074372031571e-08,1800,13
743,4,5.521057373917086e-06,2400,1
743,5,0.7525925617273638,3000,14
744,0,4.0786765210217194e-08,0,3
744,1,2.931059791257204e-07,600,10
744,2,0.00015967079345670967,1200,13
744,3,5.2538457049461106e-08,1800,11
744,4,5.804404965465023e-06,2400,2
744,5,0.7260471649578989,3000,15
745,0,7.355912441408258e-08,0,1
745,1,2.931059791257204e-07,600,16
745,2,0.00019330215678556247,1200,10
745,3,5.2538457049461106e-08,1800,11
745,4,4.541477286030123e-06,2400,4
745,5,0.7139821646246515,3000,12
746,0,7.355912441408258e-08,0,1
746,1,1.6978781110659223e-07,600,10
746,2,0.00019330215678556247,1200,12
746,3,5.2538457049461106e-08,1800,14
746,4,3.0600303932835324e-06,2400,2
746,5,0.7567991924941541,3000,15
747,0,7.355912441408258e-08,0,0
747,1,1.6978781110659223e-07,600,8
747,2,0.00017841144869083143,1200,14
747,3,5.4641641021413346e-08,1800,13
747,4,3.0600303932835324e-06,2400,3
747,5,0.6185391652742667,3000,16
748,0,7.355912441408258e-08,0,5
748,1,1.3838596198715263e-07,600,8
748,2,0.00017841144869083143,1200,13
748,3,3.8439791655132215e-08,1800,11
748,4,2.3875897566181895e-06,2400,2
748,5,0.6185391652742667,3000,15
749,0,1.0282226950793151e-07,0,3
749,1,1.3838596198715263e-07,600,13
749,2,0.00017841144869083143,1200,11
749,3,3.8439791655132215e-08,1800,17
749,4,2.4986686862018336e-06,2400,3
749,5,0.6185391652742667,3000,7
750,0,1.0282226950793151e-07,0,3
750,1,1.3838596198715263e-07,600,14
750,2,5.709449756789009e-05,1200,7
750,3,4.871674195528893e-08,1800,16
750,4,2.5704324789454805e-06,2400,3
750,5,0.6185391652742667,3000,10
751,0,1.483615405769574e-07,0,1
751,1,2.1940289340649633e-07,600,8
751,2,5.709449756789009e-05,1200,13
751,3,4.871674195528893e-08,1800,16
751,4,3.889668074217793e-06,2400,3
751,5,0.6185391652742667,3000,13
752,0,1.483615405769574e-07,0,6
752,1,2.1940289340649633e-07,600,12
752,2,3.496105704511621e-05,1200,8
752,3,5.3380842033298264e-08,1800,15
752,4,3.889668074217793e-06,2400,3
752,5,0.6108242178089889,3000,10
753,0,6.935891131715141e-08,0,3
753,1,2.6085587952640297e-07,600,7
753,2,3.496105704511621e-05,1200,13
753,3,5.3380842033298264e-08,1800,11
753,4,3.889668074217793e-06,2400,2
753,5,0.6108242178089889,3000,18
754,0,6.935891131715141e-08,0,2
754,1,2.6085587952640297e-07,600,11
754,2,6.85029339267565e-05,1200,16
754,3,5.3380842033298264e-08,1800,12
754,4,6.0598894951436355e-06,2400,2
754,5,0.578313151428435,3000,11
755,0,6.935891131715141e-08,0,4
755,1,2.6085587952640297e-07,600,14
755,2,6.85029339267565e-05,1200,10
755,3,5.0660627158295274e-08,1800,12
755,4,3.912130029037535e-06,2400,1
755,5,0.5296867958809056,3000,13
756,0,7.122966234219963e-08,0,5
756,1,2.6085587952640297e-07,600,8
756,2,6.85029339267565e-05,1200,10
756,3,5.0660627158295274e-08,1800,11
756,4,8.899857727881475e-06,2400,5
756,5,0.5296867958809056,3000,15
757,0,7.122966234219963e-08,0,0
757,1,4.948351554121618e-07,600,16
757,2,6.85029339267565e-05,1200,9
757,3,5.0660627158295274e-08,1800,14
757,4,1.0634439451263258e-05,2400,5
757,5,0.5296867958809056,3000,10
758,0,7.122966234219963e-08,0,5
758,1,4.948351554121618e-07,600,13
758,2,6.85029339267565e-05,1200,11
758,3,4.834031267480928e-08,1800,11
758,4,1.0634439451263258e-05,2400,2
758,5,0.4481187561723065,3000,12
759,0,7.122966234219963e-08,0,5
759,1,5.348864168553347e-07,600,14
759,2,6.85029339267565e-05,1200,11
759,3,4.834031267480928e-08,1800,12
759,4,7.333481595780446e-06,2400,4
759,5,0.3832516421697277,3000,8
760,0,7.122966234219963e-08,0,7
760,1,5.348864168553347e-07,600,11
760,2,6.85029339267565e-05,1200,10
760,3,3.571895830585974e-08,1800,8
760,4,7.333481595780446e-06,2400,7
760,5,0.3818758845435699,3000,11
761,0,9.400219556565072e-08,0,2
761,1,5.348864168553347e-07,600,17
761,2,4.978111541234989e-05,1200,6
761,3,3.571895830585974e-08,1800,8
761,4,7.1066380168200945e-06,2400,6
761,5,0.3818758845435699,3000,15
762,0,6.969755435108179e-08,0,4
762,1,5.348864168553347e-07,600,9
762,2,4.978111541234989e-05,1200,7
762,3,1.8711148219048112e-08,1800,11
762,4,7.1066380168200945e-06,2400,8
762,5,0.26878164373657265,3000,15
763,0,6.969755435108179e-08,0,5
763,1,1.0751859751753978e-06,600,14
763,2,4.978111541234989e-05,1200,12
763,3,1.8711148219048112e-08,1800,10
763,4,3.4312546255048678e-06,2400,5
763,5,0.26878164373657265,3000,8
764,0,7.19020638071758e-08,0,8
764,1,1.0751859751753978e-06,600,12
764,2,4.2262538309573264e-05,1200,16
764,3,1.8711148219048112e-08,1800,10
764,4,3.4312546255048678e-06,2400,1
764,5,0.33452901383854167,3000,7
765,0,1.2681141571879468e-07,0,3
765,1,1.2863384193378097e-06,600,16
765,2,4.2262538309573264e-05,1200,7
765,3,1.8711148219048112e-08,1800,11
765,4,2.7721611426479325e-06,2400,6
765,5,0.33452901383854167,3000,11
766,0,4.203505326166851e-08,0,5
766,1,1.2863384193378097e-06,600,9
766,2,4.2262538309573264e-05,1200,6
766,3,1.8711148219048112e-08,1800,15
766,4,4.280489267420668e-06,2400,6
766,5,0.33452901383854167,3000,13
767,0,6.717194322558402e-08,0,2
767,1,1.2863384193378097e-06,600,14
767,2,4.2262538309573264e-05,1200,8
767,3,1.8711148219048112e-08,1800,16
767,4,4.280489267420668e-06,2400,2
767,5,0.33452901383854167,3000,12
768,0,7.008359506527071e-08,0,4
768,1,1.2863384193378097e-06,600,9
768,2,4.2262538309573264e-05,1200,12
768,3,8.771325202842622e-09,1800,12
768,4,4.280489267420668e-06,2400,5
768,5,0.33452901383854167,3000,12
769,0,1.0087599511856512e-07,0,4
769,1,1.2863384193378097e-06,600,14
769,2,4.2262538309573264e-05,1200,8
769,3,8.771325202842622e-09,1800,14
769,4,4.241116842167389e-06,2400,3
769,5,0.33452901383854167,3000,11
770,0,1.0087599511856512e-07,0,4
770,1,4.509962560905776e-07,600,17
770,2,4.2262538309573264e-05,1200,12
770,3,8.771325202842622e-09,1800,12
770,4,4.241116842167389e-06,2400,1
770,5,0.3468559182924119,3000,8
771,0,1.0087599511856512e-07,0,5
771,1,3.734464659223843e-07,600,12
771,2,3.41050488953163e-05,1200,11
771,3,8.771325202842622e-09,1800,12
771,4,1.6199147810550426e-06,2400,3
771,5,0.3468559182924119,3000,11
772,0,1.0087599511856512e-07,0,3
772,1,3.347712536207069e-07,600,14
772,2,5.6799632488498434e-05,1200,7
772,3,8.429180520272817e-09,1800,11
772,4,1.6199147810550426e-06,2400,5
772,5,0.3468559182924119,3000,13
773,0,1.0087599511856512e-07,0,6
773,1,3.347712536207069e-07,600,10
773,2,3.542227766765862e-05,1200,7
773,3,8.429180520272817e-09,1800,8
773,4,1.6199147810550426e-06,2400,2
773,5,0.3155189472516667,3000,21
774,0,1.0087599511856512e-07,0,6
774,1,3.347712536207069e-07,600,8
774,2,3.542227766765862e-05,1200,9
774,3,8.429180520272817e-09,1800,10
774,4,3.5119051142842015e-06,2400,5
774,5,0.34798765532610804,3000,16
775,0,7.834979519236828e-08,0,5
775,1,4.5550909801683694e-07,600,8
775,2,3.542227766765862e-05,1200,17
775,3,8.429180520272817e-09,1800,12
775,4,3.5119051142842015e-06,2400,1
775,5,0.2547099869183535,3000,11
776,0,7.834979519236828e-08,0,6
776,1,4.5550909801683694e-07,600,14
776,2,3.542227766765862e-05,1200,15
776,3,3.165595201934617e-08,1800,7
776,4,3.5119051142842015e-06,2400,3
776,5,0.2547099869183535,3000,9
777,0,1.0653584433941495e-07,0,6
777,1,3.684568293807155e-07,600,17
777,2,3.542227766765862e-05,1200,14
777,3,3.165595201934617e-08,1800,5
777,4,5.957714081000607e-06,2400,3
777,5,0.2547099869183535,3000,9
778,0,1.1412927138497836e-07,0,5
778,1,4.925034166190594e-07,600,12
778,2,3.2442899366291725e-05,1200,11
778,3,3.165595201934617e-08,1800,11
778,4,8.363079829051697e-06,2400,4
778,5,0.2547099869183535,3000,11
779,0,1.1412927138497836e-07,0,3
779,1,4.41265630585687e-07,600,8
779,2,3.2442899366291725e-05,1200,11
779,3,2.5411577611124276e-08,1800,9
779,4,8.363079829051697e-06,2400,5
779,5,0.2278742898010718,3000,18
780,0,1.169907525825815e-07,0,7
780,1,4.41265630585687e-07,600,11
780,2,3.2442899366291725e-05,1200,7
780,3,2.5411577611124276e-08,1800,9
780,4,5.861652444132021e-06,2400,4
780,5,0.2278742898010718,3000,16
781,0,1.169907525825815e-07,0,6
781,1,4.41265630585687e-07,600,15
781,2,3.2442899366291725e-05,1200,8
781,3,1.9824927588426718e-08,1800,8
781,4,3.5353415276097615e-06,2400,5
781,5,0.17867981851439377,3000,12
782,0,3.67646457211113e-07,0,1
782,1,4.41265630585687e-07,600,11
782,2,3.2442899366291725e-05,1200,10
782,3,2.1899304594411416e-08,1800,12
782,4,3.5353415276097615e-06,2400,7
782,5,0.17867981851439377,3000,13
783,0,3.67646457211113e-07,0,6
783,1,3.0606667362212404e-07,600,12
783,2,5.9867134286925676e-05,1200,13
783,3,2.1899304594411416e-08,1800,7
783,4,3.5353415276097615e-06,2400,4
783,5,0.221879008523357,3000,12
784,0,3.67646457211113e-07,0,4
784,1,3.450215944894832e-07,600,11
784,2,5.9867134286925676e-05,1200,10
784,3,6.417516130339703e-08,1800,13
784,4,3.5353415276097615e-06,2400,4
784,5,0.221879008523357,3000,12
785,0,3.652667331694778e-07,0,11
785,1,3.450215944894832e-07,600,9
785,2,3.318926748990043e-05,1200,10
785,3,6.417516130339703e-08,1800,12
785,4,3.5353415276097615e-06,2400,4
785,5,0.221879008523357,3000,8
786,0,3.652667331694778e-07,0,9
786,1,2.8671731807152693e-07,600,8
786,2,3.318926748990043e-05,1200,7
786,3,6.417516130339703e-08,1800,9
786,4,2.031247106353079e-06,2400,6
786,5,0.2358148033614021,3000,15
787,0,3.652667331694778e-07,0,5
787,1,4.6546180766676e-07,600,11
787,2,3.318926748990043e-05,1200,12
787,3,1.0656779622138665e-07,1800,10
787,4,2.031247106353079e-06,2400,4
787,5,0.24948949106079427,3000,12
788,0,3.652667331694778e-07,0,5
788,1,4.6546180766676e-07,600,11
788,2,3.7603245043209816e-05,1200,7
788,3,5.614307375428579e-08,1800,16
788,4,2.031247106353079e-06,2400,4
788,5,0.24948949106079427,3000,11
789,0,3.652667331694778e-07,0,11
789,1,4.6546180766676e-07,600,7
789,2,5.366490444779549e-05,1200,9
789,3,5.614307375428579e-08,1800,9
789,4,2.031247106353079e-06,2400,6
789,5,0.0925054257492649,3000,12
790,0,4.673941814423826e-07,0,3
790,1,4.6546180766676e-07,600,12
790,2,5.7648566145050105e-05,1200,11
790,3,5.064744665847897e-08,1800,11
790,4,2.031247106353079e-06,2400,9
790,5,0.0769754401908496,3000,8
791,0,4.673941814423826e-07,0,6
791,1,4.6546180766676e-07,600,11
791,2,0.00010071725701001973,1200,7
791,3,5.064744665847897e-08,1800,11
791,4,1.8123664254198766e-06,2400,11
791,5,0.0769754401908496,3000,8
792,0,5.172282809364189e-07,0,4
792,1,5.841715317685778e-07,600,12
792,2,9.316930357929422e-05,1200,9
792,3,7.193909066540514e-08,1800,10
792,4,1.8123664254198766e-06,2400,10
792,5,0.0769754401908496,3000,9
793,0,1.1763429737498044e-06,0,4
793,1,1.1522838475905987e-06,600,10
793,2,9.316930357929422e-05,1200,7
793,3,7.193909066540514e-08,1800,7
793,4,1.8123664254198766e-06,2400,8
793,5,0.0769754401908496,3000,18
794,0,2.2627446013662383e-06,0,6
794,1,1.1522838475905987e-06,600,10
794,2,9.316930357929422e-05,1200,10
794,3,8.413489313511166e-08,1800,10
794,4,2.973447351225007e-06,2400,10
794,5,0.0769754401908496,3000,8
795,0,2.2627446013662383e-06,0,7
795,1,1.1522838475905987e-06,600,13
795,2,3.285417728973082e-05,1200,4
795,3,8.413489313511166e-08,1800,13
795,4,2.973447351225007e-06,2400,8
795,5,0.06376215931317361,3000,8
796,0,2.2627446013662383e-06,0,6
796,1,1.1522838475905987e-06,600,14
796,2,2.9842626752372078e-05,1200,10
796,3,8.413489313511166e-08,1800,9
796,4,3.542296565824187e-06,2400,3
796,5,0.06376215931317361,3000,12
797,0,2.2627446013662383e-06,0,6
797,1,1.1522838475905987e-06,600,11
797,2,2.9842626752372078e-05,1200,8
797,3,1.1064150648361709e-07,1800,14
797,4,4.605824634631192e-06,2400,6
797,5,0.06376215931317361,3000,9
798,0,2.2627446013662383e-06,0,7
798,1,5.420262542019944e-07,600,11
798,2,2.9842626752372078e-05,1200,8
798,3,1.1064150648361709e-07,1800,11
798,4,4.605824634631192e-06,2400,6
798,5,0.06376215931317361,3000,11
799,0,2.2627446013662383e-06,0,7
799,1,7.48107259997847e-07,600,11
799,2,3.149073238356478e-05,1200,10
799,3,1.1064150648361709e-07,1800,9
799,4,4.605824634631192e-06,2400,9
799,5,0.09659824891770712,3000,8
800,0,3.4197418488653113e-06,0,6
800,1,7.48107259997847e-07,600,10
800,2,3.149073238356478e-05,1200,4
800,3,9.04475412292859e-08,1800,9
800,4,3.131304909683114e-06,2400,8
800,5,0.09659824891770712,3000,17
801,0,3.4197418488653113e-06,0,9
801,1,7.48107259997847e-07,600,7
801,2,3.149073238356478e-05,1200,14
801,3,1.0685363352711177e-07,1800,4
801,4,3.131304909683114e-06,2400,9
801,5,0.054347951896210785,3000,11
802,0,3.4197418488653113e-06,0,6
802,1,7.48107259997847e-07,600,11
802,2,1.85544700741328e-05,1200,8
802,3,1.0685363352711177e-07,1800,9
802,4,1.8157269462060644e-06,2400,7
802,5,0.054347951896210785,3000,13
803,0,3.4197418488653113e-06,0,11
803,1,7.48107259997847e-07,600,11
803,2,5.777273089082845e-06,1200,14
803,3,1.0685363352711177e-07,1800,7
803,4,1.3520931907487045e-06,2400,3
803,5,0.054347951896210785,3000,8
804,0,3.4197418488653113e-06,0,6
804,1,7.48107259997847e-07,600,11
804,2,5.777273089082845e-06,1200,6
804,3,1.0685363352711177e-07,1800,5
804,4,4.433049352248606e-07,2400,16
804,5,0.039463053925526445,3000,10
805,0,3.4197418488653113e-06,0,2
805,1,7.669550142754553e-07,600,10
805,2,5.777273089082845e-06,1200,19
805,3,1.0685363352711177e-07,1800,4
805,4,4.3329584069542373e-07,2400,10
805,5,0.045776286254411394,3000,9
806,0,3.4197418488653113e-06,0,14
806,1,7.669550142754553e-07,600,7
806,2,7.577570930200369e-06,1200,6
806,3,1.6054617091150565e-07,1800,7
806,4,4.3329584069542373e-07,2400,11
806,5,0.05652236892446142,3000,9
807,0,3.4197418488653113e-06,0,7
807,1,7.669550142754553e-07,600,9
807,2,5.24237886269656e-06,1200,11
807,3,1.6054617091150565e-07,1800,12
807,4,9.517730775353433e-07,2400,5
807,5,0.08440656880389787,3000,10
808,0,1.3754778894194333e-06,0,12
808,1,7.669550142754553e-07,600,11
808,2,5.24237886269656e-06,1200,8
808,3,1.4189708077135666e-07,1800,8
808,4,9.039389480153755e-07,2400,7
808,5,0.08440656880389787,3000,8
809,0,7.808417027048875e-07,0,12
809,1,7.669550142754553e-07,600,8
809,2,6.781003459678951e-06,1200,7
809,3,1.1776809715213593e-07,1800,7
809,4,9.086127586561274e-07,2400,7
809,5,0.08440656880389787,3000,13
810,0,7.808417027048875e-07,0,7
810,1,1.4199863211209976e-06,600,10
810,2,6.781003459678951e-06,1200,8
810,3,2.700636627772577e-07,1800,8
810,4,9.086127586561274e-07,2400,9
810,5,0.08440656880389787,3000,12
811,0,7.808417027048875e-07,0,8
811,1,1.4199863211209976e-06,600,9
811,2,6.781003459678951e-06,1200,12
811,3,3.8713933102708273e-07,1800,10
811,4,6.062579832385559e-07,2400,7
811,5,0.08440656880389787,3000,8
812,0,7.808417027048875e-07,0,10
812,1,1.1246655510870067e-06,600,9
812,2,6.781003459678951e-06,1200,13
812,3,4.45526651702914e-07,1800,7
812,4,7.962172435358086e-07,2400,7
812,5,0.08440656880389787,3000,8
813,0,7.808417027048875e-07,0,6
813,1,1.1246655510870067e-06,600,10
813,2,1.6739649849146276e-05,1200,8
813,3,4.45526651702914e-07,1800,8
813,4,7.962172435358086e-07,2400,5
813,5,0.08440656880389787,3000,17
814,0,7.808417027048875e-07,0,9
814,1,1.1246655510870067e-06,600,9
814,2,2.178124487313382e-05,1200,9
814,3,4.45526651702914e-07,1800,11
814,4,7.962172435358086e-07,2400,7
814,5,0.09727758961520612,3000,9
815,0,7.019529167873247e-07,0,6
815,1,1.1246655510870067e-06,600,10
815,2,2.178124487313382e-05,1200,7
815,3,5.455886418072812e-07,1800,15
815,4,7.76507509199266e-07,2400,3
815,5,0.09727758961520612,3000,13
816,0,7.019529167873247e-07,0,7
816,1,1.1246655510870067e-06,600,9
816,2,2.178124487313382e-05,1200,10
816,3,5.455886418072812e-07,1800,9
816,4,6.858211517347809e-07,2400,4
816,5,0.12725030161529166,3000,15
817,0,7.019529167873247e-07,0,9
817,1,1.1246655510870067e-06,600,9
817,2,2.6121449874909643e-05,1200,10
817,3,5.455886418072812e-07,1800,14
817,4,4.978198588004004e-07,2400,9
817,5,0.08662926062192801,3000,3
818,0,7.019529167873247e-07,0,5
818,1,1.1246655510870067e-06,600,6
818,2,1.5058002382067046e-05,1200,14
818,3,6.092261818911549e-07,1800,14
818,4,4.978198588004004e-07,2400,6
818,5,0.10133770348391748,3000,9
819,0,7.019529167873247e-07,0,7
819,1,1.1246655510870067e-06,600,14
819,2,6.819510827800125e-06,1200,7
819,3,6.092261818911549e-07,1800,9
819,4,3.4811748060983253e-07,2400,5
819,5,0.10133770348391748,3000,12
820,0,5.395465312745508e-07,0,11
820,1,1.0372959507155772e-06,600,5
820,2,1.2709055221419154e-05,1200,7
820,3,6.092261818911549e-07,1800,13
820,4,3.4811748060983253e-07,2400,11
820,5,0.10133770348391748,3000,7
821,0,5.395465312745508e-07,0,7
821,1,1.0279644527826529e-06,600,6
821,2,1.2709055221419154e-05,1200,14
821,3,8.14922423420129e-07,1800,7
821,4,3.9693628406108603e-07,2400,5
821,5,0.10758428676503966,3000,15
822,0,5.395465312745508e-07,0,6
822,1,1.771596459270897e-06,600,8
822,2,1.7973000982979427e-05,1200,9
822,3,8.14922423420129e-07,1800,12
822,4,4.661926479624972e-07,2400,8
822,5,0.10758428676503966,3000,11
823,0,5.395465312745508e-07,0,4
823,1,1.5282256596683323e-06,600,9
823,2,1.7973000982979427e-05,1200,7
823,3,8.699007552239357e-07,1800,12
823,4,4.661926479624972e-07,2400,9
823,5,0.15931115397542694,3000,13
824,0,5.395465312745508e-07,0,3
824,1,1.5282256596683323e-06,600,11
824,2,1.7973000982979427e-05,1200,9
824,3,7.929924616098642e-07,1800,11
824,4,4.661926479624972e-07,2400,10
824,5,0.13760283274878676,3000,10
825,0,6.782713607954641e-07,0,7
825,1,1.931923390608822e-06,600,12
825,2,1.7973000982979427e-05,1200,11
825,3,4.5413659723898125e-07,1800,8
825,4,4.661926479624972e-07,2400,4
825,5,0.1017853852097,3000,12
826,0,6.782713607954641e-07,0,8
826,1,1.931923390608822e-06,600,8
826,2,7.881066144715659e-06,1200,4
826,3,4.263335829317868e-07,1800,8
826,4,4.661926479624972e-07,2400,13
826,5,0.08661860153407919,3000,13
827,0,4.82749817467431e-07,0,7
827,1,1.931923390608822e-06,600,8
827,2,1.0727381270264188e-05,1200,4
827,3,4.263335829317868e-07,1800,15
827,4,4.661926479624972e-07,2400,10
827,5,0.08661860153407919,3000,10
828,0,4.82749817467431e-07,0,8
828,1,3.4875687151521466e-06,600,6
828,2,8.708285774205945e-06,1200,8
828,3,4.263335829317868e-07,1800,7
828,4,4.661926479624972e-07,2400,11
828,5,0.10384236253242633,3000,14
829,0,4.82749817467431e-07,0,12
829,1,2.748561588852397e-06,600,6
829,2,6.543869091019948e-06,1200,10
829,3,4.263335829317868e-07,1800,14
829,4,4.661926479624972e-07,2400,7
829,5,0.06604017478721408,3000,5
830,0,1.324482173232927e-06,0,9
830,1,2.748561588852397e-06,600,10
830,2,5.021048813866532e-06,1200,7
830,3,4.263335829317868e-07,1800,13
830,4,4.661926479624972e-07,2400,7
830,5,0.06604017478721408,3000,8
831,0,9.060456900441417e-07,0,7
831,1,7.379308916777685e-06,600,10
831,2,5.021048813866532e-06,1200,6
831,3,5.480411776554888e-07,1800,8
831,4,4.661926479624972e-07,2400,12
831,5,0.06604017478721408,3000,11
832,0,7.822560867983091e-07,0,5
832,1,1.7749561821805077e-05,600,15
832,2,5.021048813866532e-06,1200,9
832,3,6.289112929306588e-07,1800,13
832,4,4.661926479624972e-07,2400,3
832,5,0.06604017478721408,3000,9
833,0,7.777446382386574e-07,0,7
833,1,1.7749561821805077e-05,600,9
833,2,5.021048813866532e-06,1200,11
833,3,6.289112929306588e-07,1800,8
833,4,1.623602501472642e-07,2400,12
833,5,0.0857747099756438,3000,7
834,0,7.777446382386574e-07,0,7
834,1,8.956161353764646e-06,600,8
834,2,5.021048813866532e-06,1200,7
834,3,7.721223102988575e-07,1800,11
834,4,1.623602501472642e-07,2400,13
834,5,0.0857747099756438,3000,8
835,0,7.777446382386574e-07,0,7
835,1,2.535414259152529e-05,600,13
835,2,4.704028833170734e-06,1200,11
835,3,7.721223102988575e-07,1800,10
835,4,1.623602501472642e-07,2400,6
835,5,0.09701850661148424,3000,7
836,0,8.86406129520237e-07,0,8
836,1,2.535414259152529e-05,600,4
836,2,6.9680101315414e-06,1200,10
836,3,7.721223102988575e-07,1800,9
836,4,1.623602501472642e-07,2400,6
836,5,0.09701850661148424,3000,17
837,0,8.86406129520237e-07,0,7
837,1,2.535414259152529e-05,600,5
837,2,4.174253548804506e-06,1200,10
837,3,7.721223102988575e-07,1800,8
837,4,2.2566625494189495e-07,2400,7
837,5,0.10704111628069561,3000,17
838,0,8.86406129520237e-07,0,12
838,1,2.535414259152529e-05,600,10
838,2,3.917044835148888e-06,1200,9
838,3,7.721223102988575e-07,1800,10
838,4,1.563060547228836e-07,2400,5
838,5,0.0951589260603604,3000,8
839,0,8.86406129520237e-07,0,8
839,1,2.450872567555657e-05,600,13
839,2,8.700695999323538e-06,1200,9
839,3,7.721223102988575e-07,1800,11
839,4,1.563060547228836e-07,2400,7
839,5,0.0951589260603604,3000,6
840,0,1.1078826332884723e-06,0,5
840,1,2.450872567555657e-05,600,6
840,2,1.3308476270626999e-05,1200,11
840,3,8.117872479928413e-07,1800,14
840,4,1.5812876437939372e-07,2400,6
840,5,0.0951589260603604,3000,12
841,0,1.1078826332884723e-06,0,3
841,1,2.2385165857148155e-05,600,15
841,2,1.3308476270626999e-05,1200,12
841,3,7.507900141706983e-07,1800,8
841,4,1.5812876437939372e-07,2400,6
841,5,0.0951589260603604,3000,10
842,0,1.1078826332884723e-06,0,11
842,1,2.2385165857148155e-05,600,8
842,2,1.3308476270626999e-05,1200,7
842,3,4.891519124662545e-07,1800,13
842,4,1.5812876437939372e-07,2400,6
842,5,0.10881612118540088,3000,9
843,0,1.1078826332884723e-06,0,8
843,1,1.4229396287925324e-05,600,12
843,2,1.0110854661209922e-05,1200,3
843,3,4.891519124662545e-07,1800,11
843,4,1.5812876437939372e-07,2400,5
843,5,0.10881612118540088,3000,15
844,0,8.090572200662658e-07,0,4
844,1,1.4518830777695599e-05,600,14
844,2,1.0110854661209922e-05,1200,4
844,3,4.891519124662545e-07,1800,12
844,4,1.5812876437939372e-07,2400,8
844,5,0.10881612118540088,3000,12
845,0,8.090572200662658e-07,0,4
845,1,1.4518830777695599e-05,600,12
845,2,1.886529012416239e-05,1200,12
845,3,3.033560517137786e-07,1800,12
845,4,1.5812876437939372e-07,2400,7
845,5,0.10881612118540088,3000,7
846,0,4.841685552179441e-07,0,5
846,1,1.5560521356885232e-05,600,12
846,2,2.3654386560282303e-05,1200,5
846,3,5.129587859032287e-07,1800,14
846,4,1.5812876437939372e-07,2400,4
846,5,0.10881612118540088,3000,14
847,0,5.559690154565833e-07,0,4
847,1,1.5560521356885232e-05,600,12
847,2,2.3654386560282303e-05,1200,5
847,3,5.129587859032287e-07,1800,10
847,4,8.155470805942249e-08,2400,5
847,5,0.13646747819235364,3000,18
848,0,5.559690154565833e-07,0,3
848,1,1.5560521356885232e-05,600,9
848,2,2.3654386560282303e-05,1200,14
848,3,1.5399881977179516e-06,1800,14
848,4,8.155470805942249e-08,2400,6
848,5,0.13646747819235364,3000,8
849,0,5.559690154565833e-07,0,8
849,1,1.7084201740322816e-05,600,13
849,2,2.3654386560282303e-05,1200,7
849,3,1.7491217893096457e-06,1800,14
849,4,9.526706279968398e-08,2400,4
849,5,0.12517791449240184,3000,8
850,0,5.559690154565833e-07,0,5
850,1,1.7084201740322816e-05,600,11
850,2,2.3654386560282303e-05,1200,6
850,3,8.454333460414713e-07,1800,14
850,4,9.526706279968398e-08,2400,12
850,5,0.07372626735107203,3000,6
851,0,3.3467903701009497e-07,0,8
851,1,1.7084201740322816e-05,600,10
851,2,2.169984622690508e-05,1200,7
851,3,8.454333460414713e-07,1800,11
851,4,2.3692217269106893e-07,2400,7
851,5,0.07372626735107203,3000,11
852,0,3.3467903701009497e-07,0,7
852,1,1.7084201740322816e-05,600,15
852,2,1.4946889925126607e-05,1200,9
852,3,6.174587345139542e-07,1800,9
852,4,2.3692217269106893e-07,2400,3
852,5,0.11803755238568137,3000,11
853,0,1.5245562267456812e-07,0,7
853,1,1.3214681428542835e-05,600,12
853,2,1.4946889925126607e-05,1200,10
853,3,6.174587345139542e-07,1800,10
853,4,2.3692217269106893e-07,2400,3
853,5,0.11803755238568137,3000,12
854,0,1.4029033173988053e-07,0,5
854,1,1.64204358828797e-05,600,12
854,2,1.145285708850774e-05,1200,8
854,3,6.174587345139542e-07,1800,7
854,4,1.665393386905115e-07,2400,9
854,5,0.11803755238568137,3000,13
855,0,1.4029033173988053e-07,0,9
855,1,1.636886686882487e-05,600,13
855,2,1.145285708850774e-05,1200,14
855,3,6.174587345139542e-07,1800,8
855,4,1.665393386905115e-07,2400,1
855,5,0.07838629434612789,3000,9
856,0,8.302807763674468e-08,0,8
856,1,1.636886686882487e-05,600,12
856,2,8.735350674659783e-06,1200,11
856,3,6.174587345139542e-07,1800,13
856,4,1.665393386905115e-07,2400,5
856,5,0.07838629434612789,3000,5
857,0,8.302807763674468e-08,0,9
857,1,1.4752946603193009e-05,600,7
857,2,1.2524327079348964e-05,1200,8
857,3,6.174587345139542e-07,1800,12
857,4,1.5927055194196338e-07,2400,7
857,5,0.07838629434612789,3000,11
858,0,8.302807763674468e-08,0,8
858,1,1.4752946603193009e-05,600,5
858,2,1.002228096277339e-05,1200,8
858,3,6.174587345139542e-07,1800,8
858,4,8.18207163153001e-08,2400,12
858,5,0.07838629434612789,3000,13
859,0,4.927392232823376e-08,0,9
859,1,1.8874545389869665e-05,600,12
859,2,1.002228096277339e-05,1200,5
859,3,6.174587345139542e-07,1800,12
859,4,8.472171618692307e-08,2400,2
859,5,0.047242911103532945,3000,14
860,0,4.927392232823376e-08,0,8
860,1,2.043912213489718e-05,600,9
860,2,1.002228096277339e-05,1200,12
860,3,6.174587345139542e-07,1800,6
860,4,1.1341622475210381e-07,2400,5
860,5,0.06340599822147715,3000,14
861,0,2.474892911697788e-08,0,9
861,1,1.014186113407596e-05,600,6
861,2,1.002228096277339e-05,1200,9
861,3,6.174587345139542e-07,1800,10
861,4,1.5193877339556922e-07,2400,6
861,5,0.06340599822147715,3000,14
862,0,2.5313315702829695e-08,0,8
862,1,1.014186113407596e-05,600,6
862,2,8.161854871495201e-06,1200,9
862,3,6.174587345139542e-07,1800,10
862,4,1.5193877339556922e-07,2400,7
862,5,0.10650080126066895,3000,14
863,0,2.8726775837652243e-08,0,9
863,1,1.1221983108240437e-05,600,6
863,2,8.161854871495201e-06,1200,13
863,3,6.174587345139542e-07,1800,3
863,4,3.1628165098357336e-07,2400,10
863,5,0.10650080126066895,3000,13
864,0,2.957644052925873e-08,0,3
864,1,1.1221983108240437e-05,600,5
864,2,8.161854871495201e-06,1200,14
864,3,8.784780715627702e-07,1800,6
864,4,2.6697856529733044e-07,2400,10
864,5,0.10463249164866316,3000,16
865,0,2.957644052925873e-08,0,6
865,1,1.267412847838895e-05,600,9
865,2,8.161854871495201e-06,1200,13
865,3,8.784780715627702e-07,1800,12
865,4,3.85279955080555e-07,2400,7
865,5,0.08063010984384421,3000,7
866,0,2.957644052925873e-08,0,5
866,1,8.475056262046553e-06,600,13
866,2,8.161854871495201e-06,1200,10
866,3,8.784780715627702e-07,1800,7
866,4,3.85279955080555e-07,2400,6
866,5,0.19840140184405142,3000,13
867,0,2.957644052925873e-08,0,6
867,1,8.475056262046553e-06,600,14
867,2,8.161854871495201e-06,1200,13
867,3,8.784780715627702e-07,1800,7
867,4,5.664272805081714e-07,2400,5
867,5,0.19840140184405142,3000,9
868,0,3.206775129862776e-08,0,6
868,1,7.05115675788975e-06,600,15
868,2,8.161854871495201e-06,1200,8
868,3,9.055426020704679e-07,1800,10
868,4,7.04718153895876e-07,2400,6
868,5,0.19840140184405142,3000,9
869,0,3.206775129862776e-08,0,8
869,1,7.05115675788975e-06,600,7
869,2,5.966562552372382e-06,1200,7
869,3,9.055426020704679e-07,1800,6
869,4,7.04718153895876e-07,2400,10
869,5,0.1132181984380893,3000,16
870,0,3.206775129862776e-08,0,5
870,1,9.088949823877444e-06,600,11
870,2,5.966562552372382e-06,1200,10
870,3,9.055426020704679e-07,1800,12
870,4,7.04718153895876e-07,2400,4
870,5,0.13209766947235452,3000,12
871,0,3.206775129862776e-08,0,6
871,1,7.222102753538771e-06,600,9
871,2,3.2697240786691515e-06,1200,16
871,3,9.055426020704679e-07,1800,8
871,4,5.742790468230511e-07,2400,5
871,5,0.13209766947235452,3000,10
872,0,3.206775129862776e-08,0,6
872,1,7.222102753538771e-06,600,9
872,2,3.2697240786691515e-06,1200,12
872,3,4.07482663952741e-07,1800,15
872,4,6.347580100620838e-07,2400,4
872,5,0.1781160112409021,3000,8
873,0,3.206775129862776e-08,0,9
873,1,7.222102753538771e-06,600,11
873,2,3.2697240786691515e-06,1200,7
873,3,3.06976752570144e-07,1800,14
873,4,6.981613081381425e-07,2400,5
873,5,0.1781160112409021,3000,8
874,0,5.5722411494825884e-08,0,5
874,1,7.222102753538771e-06,600,13
874,2,4.375942254964108e-06,1200,11
874,3,3.06976752570144e-07,1800,8
874,4,6.981613081381425e-07,2400,8
874,5,0.1781160112409021,3000,9
875,0,6.104310849298925e-08,0,7
875,1,7.222102753538771e-06,600,11
875,2,4.375942254964108e-06,1200,11
875,3,2.8181920410054677e-07,1800,7
875,4,7.682216439659144e-07,2400,8
875,5,0.19915377866593226,3000,10
876,0,6.104310849298925e-08,0,7
876,1,8.794820645761143e-06,600,10
876,2,4.375942254964108e-06,1200,11
876,3,9.494383323579491e-08,1800,6
876,4,7.682216439659144e-07,2400,5
876,5,0.19915377866593226,3000,15
877,0,6.104310849298925e-08,0,5
877,1,8.794820645761143e-06,600,11
877,2,4.012006000406311e-06,1200,8
877,3,9.494383323579491e-08,1800,13
877,4,4.2044590342477034e-07,2400,5
877,5,0.19915377866593226,3000,12
878,0,6.104310849298925e-08,0,1
878,1,1.019693323320949e-05,600,14
878,2,1.9584470657174247e-06,1200,9
878,3,9.494383323579491e-08,1800,15
878,4,4.954461511932804e-07,2400,6
878,5,0.19915377866593226,3000,9
879,0,6.416276445493787e-08,0,9
879,1,1.019693323320949e-05,600,8
879,2,1.9584470657174247e-06,1200,8
879,3,9.494383323579491e-08,1800,8
879,4,4.954461511932804e-07,2400,8
879,5,0.15170059437715933,3000,13
880,0,1.5058151303344676e-07,0,7
880,1,8.382762948963152e-06,600,10
880,2,1.9584470657174247e-06,1200,5
880,3,9.494383323579491e-08,1800,12
880,4,4.954461511932804e-07,2400,8
880,5,0.15170059437715933,3000,12
881,0,1.5058151303344676e-07,0,2
881,1,5.515585159205045e-06,600,10
881,2,3.2985967412097355e-06,1200,15
881,3,9.494383323579491e-08,1800,8
881,4,4.954461511932804e-07,2400,6
881,5,0.09716608359053396,3000,13
882,0,1.8994739708715025e-07,0,8
882,1,5.515585159205045e-06,600,8
882,2,3.2985967412097355e-06,1200,11
882,3,7.665441269221886e-08,1800,8
882,4,5.256054230130128e-07,2400,6
882,5,0.11896573736072559,3000,13
883,0,1.8994739708715025e-07,0,11
883,1,9.845455517861413e-06,600,10
883,2,4.252027180259603e-06,1200,11
883,3,7.665441269221886e-08,1800,8
883,4,5.256054230130128e-07,2400,4
883,5,0.07897663112010593,3000,10
884,0,1.8994739708715025e-07,0,6
884,1,1.0740619593013454e-05,600,10
884,2,5.280569951552126e-06,1200,9
884,3,1.3709675366361395e-07,1800,7
884,4,3.3933397606021555e-07,2400,8
884,5,0.07897663112010593,3000,14
885,0,1.8994739708715025e-07,0,6
885,1,1.0740619593013454e-05,600,5
885,2,9.542155369692477e-06,1200,13
885,3,1.3709675366361395e-07,1800,11
885,4,4.215876471373376e-07,2400,9
885,5,0.0889698314480912,3000,10
886,0,1.8994739708715025e-07,0,8
886,1,1.0740619593013454e-05,600,8
886,2,9.542155369692477e-06,1200,10
886,3,2.979336430278938e-07,1800,8
886,4,4.215876471373376e-07,2400,7
886,5,0.08926449706859793,3000,13
887,0,1.8994739708715025e-07,0,8
887,1,1.7790613026073993e-05,600,9
887,2,1.174513784634282e-05,1200,6
887,3,2.444938305862264e-07,1800,11
887,4,4.215876471373376e-07,2400,5
887,5,0.10651754997023359,3000,15
888,0,1.8994739708715025e-07,0,4
888,1,1.7790613026073993e-05,600,12
888,2,2.3655102538632268e-05,1200,8
888,3,3.4990401814415007e-07,1800,10
888,4,4.215876471373376e-07,2400,11
888,5,0.10651754997023359,3000,9
889,0,1.8994739708715025e-07,0,3
889,1,1.7790613026073993e-05,600,15
889,2,2.3655102538632268e-05,1200,9
889,3,3.4990401814415007e-07,1800,11
889,4,1.195455896575902e-06,2400,11
889,5,0.10651754997023359,3000,5
890,0,2.6442883780694156e-07,0,7
890,1,1.7790613026073993e-05,600,12
890,2,3.5754398426416225e-05,1200,12
890,3,5.528206765371015e-07,1800,9
890,4,1.195455896575902e-06,2400,8
890,5,0.10651754997023359,3000,6
891,0,2.981134656980955e-07,0,9
891,1,2.1234682385502945e-05,600,9
891,2,3.5754398426416225e-05,1200,9
891,3,4.503978206786446e-07,1800,5
891,4,1.195455896575902e-06,2400,9
891,5,0.10651754997023359,3000,13
892,0,3.4581024636342345e-07,0,3
892,1,1.9527165179361696e-05,600,9
892,2,3.5754398426416225e-05,1200,9
892,3,4.503978206786446e-07,1800,7
892,4,1.195455896575902e-06,2400,6
892,5,0.20499898898540656,3000,20
893,0,3.4581024636342345e-07,0,8
893,1,2.5080652675862094e-05,600,7
893,2,3.5754398426416225e-05,1200,7
893,3,4.503978206786446e-07,1800,8
893,4,1.5268372482838892e-06,2400,7
893,5,0.18034740997743562,3000,17
894,0,3.4581024636342345e-07,0,6
894,1,2.5080652675862094e-05,600,6
894,2,3.185375614871911e-05,1200,8
894,3,4.503978206786446e-07,1800,16
894,4,5.275382686895815e-07,2400,8
894,5,0.18034740997743562,3000,10
895,0,2.789795816152589e-07,0,1
895,1,2.5080652675862094e-05,600,8
895,2,3.185375614871911e-05,1200,15
895,3,5.837943781277068e-07,1800,16
895,4,5.275382686895815e-07,2400,3
895,5,0.23249084904151227,3000,11
896,0,1.7204989978238558e-07,0,4
896,1,2.5080652675862094e-05,600,9
896,2,3.185375614871911e-05,1200,12
896,3,5.837943781277068e-07,1800,11
896,4,1.2842391894770954e-06,2400,6
896,5,0.23249084904151227,3000,12
897,0,1.7204989978238558e-07,0,7
897,1,2.5080652675862094e-05,600,12
897,2,3.185375614871911e-05,1200,6
897,3,5.837943781277068e-07,1800,14
897,4,9.8110132524149e-07,2400,5
897,5,0.2460165865194172,3000,10
898,0,1.7204989978238558e-07,0,5
898,1,2.5080652675862094e-05,600,8
898,2,3.185375614871911e-05,1200,11
898,3,8.143895711070088e-07,1800,12
898,4,1.4339411082698581e-06,2400,5
898,5,0.2460165865194172,3000,13
899,0,1.7204989978238558e-07,0,7
899,1,2.5080652675862094e-05,600,13
899,2,3.185375614871911e-05,1200,10
899,3,4.85541945604736e-07,1800,9
899,4,1.4339411082698581e-06,2400,2
899,5,0.21676985098678456,3000,13
900,0,1.7204989978238558e-07,0,3
900,1,2.5080652675862094e-05,600,12
900,2,4.237611334280515e-05,1200,14
900,3,4.85541945604736e-07,1800,9
900,4,9.383042493642548e-07,2400,3
900,5,0.429663568972091,3000,13
901,0,1.7204989978238558e-07,0,2
901,1,2.5080652675862094e-05,600,11
901,2,4.237611334280515e-05,1200,16
901,3,3.2090789759837814e-07,1800,15
901,4,9.383042493642548e-07,2400,3
901,5,0.630739012977187,3000,7
902,0,2.2109851568245521e-07,0,0
902,1,2.5080652675862094e-05,600,16
902,2,4.237611334280515e-05,1200,16
902,3,3.2090789759837814e-07,1800,11
902,4,9.383042493642548e-07,2400,2
902,5,0.7927080840953786,3000,9
903,0,2.2109851568245521e-07,0,6
903,1,1.8364483038468866e-05,600,14
903,2,3.9147091748536946e-05,1200,10
903,3,3.2090789759837814e-07,1800,11
903,4,9.383042493642548e-07,2400,0
903,5,0.6563149297485367,3000,13
904,0,2.2109851568245521e-07,0,3
904,1,1.8364483038468866e-05,600,11
904,2,5.928794841338078e-05,1200,14
904,3,5.219041114572892e-07,1800,11
904,4,1.0436479102013361e-06,2400,5
904,5,0.6563149297485367,3000,10
905,0,1.2862679380509753e-07,0,2
905,1,1.8364483038468866e-05,600,14
905,2,6.450332242866057e-05,1200,17
905,3,5.219041114572892e-07,1800,13
905,4,1.9407850104498356e-06,2400,2
905,5,0.6563149297485367,3000,6
906,0,1.2862679380509753e-07,0,2
906,1,1.8364483038468866e-05,600,9
906,2,6.450332242866057e-05,1200,14
906,3,5.219041114572892e-07,1800,13
906,4,1.0166382435763685e-06,2400,0
906,5,0.5203323732598033,3000,16
907,0,1.2862679380509753e-07,0,2
907,1,1.6370338780160467e-05,600,8
907,2,6.450332242866057e-05,1200,19
907,3,7.851280038347293e-07,1800,11
907,4,9.080383883052741e-07,2400,3
907,5,0.5203323732598033,3000,11
908,0,1.8849613838835973e-07,0,3
908,1,1.6370338780160467e-05,600,11
908,2,6.450332242866057e-05,1200,14
908,3,7.729081055629543e-07,1800,10
908,4,9.080383883052741e-07,2400,2
908,5,0.39761435390325356,3000,14
909,0,2.1931465350897364e-07,0,4
909,1,1.6370338780160467e-05,600,9
909,2,6.450332242866057e-05,1200,10
909,3,7.729081055629543e-07,1800,13
909,4,9.605219379465485e-07,2400,6
909,5,0.2814623945748985,3000,12
910,0,2.1931465350897364e-07,0,7
910,1,3.009747524653971e-05,600,9
910,2,8.636732237752766e-05,1200,11
910,3,7.729081055629543e-07,1800,10
910,4,9.605219379465485e-07,2400,4
910,5,0.33169229536192174,3000,13
911,0,2.959250940234626e-07,0,3
911,1,3.009747524653971e-05,600,7
911,2,8.636732237752766e-05,1200,10
911,3,7.729081055629543e-07,1800,12
911,4,1.5452137207520347e-06,2400,3
911,5,0.33169229536192174,3000,19
912,0,3.27673375473076e-07,0,4
912,1,3.009747524653971e-05,600,8
912,2,8.636732237752766e-05,1200,18
912,3,3.355255554483526e-07,1800,5
912,4,1.7954625753350973e-06,2400,5
912,5,0.33169229536192174,3000,14
913,0,3.27673375473076e-07,0,4
913,1,4.026465729190496e-05,600,13
913,2,8.636732237752766e-05,1200,10
913,3,3.3411959766194026e-07,1800,10
913,4,1.7954625753350973e-06,2400,7
913,5,0.33169229536192174,3000,10
914,0,3.27673375473076e-07,0,2
914,1,4.412970751833945e-05,600,8
914,2,4.730192767079935e-05,1200,15
914,3,3.3411959766194026e-07,1800,14
914,4,1.7954625753350973e-06,2400,3
914,5,0.33169229536192174,3000,12
915,0,3.27673375473076e-07,0,3
915,1,4.227892271488381e-05,600,9
915,2,4.730192767079935e-05,1200,12
915,3,6.381953644965853e-07,1800,14
915,4,1.7954625753350973e-06,2400,4
915,5,0.4660007241148422,3000,12
916,0,1.748225645636335e-07,0,6
916,1,4.227892271488381e-05,600,6
916,2,4.730192767079935e-05,1200,12
916,3,3.6563598949142336e-07,1800,13
916,4,1.7954625753350973e-06,2400,1
916,5,0.5107991447956898,3000,16
917,0,1.748225645636335e-07,0,1
917,1,4.644686088459184e-05,600,15
917,2,4.730192767079935e-05,1200,10
917,3,2.655627307343251e-07,1800,16
917,4,4.833063637584864e-06,2400,3
917,5,0.5481632753081455,3000,9
918,0,1.748225645636335e-07,0,4
918,1,4.644686088459184e-05,600,13
918,2,4.730192767079935e-05,1200,12
918,3,1.1377746970941861e-07,1800,13
918,4,4.833063637584864e-06,2400,1
918,5,0.5798195742830374,3000,11
919,0,1.668360637976927e-07,0,3
919,1,6.360839497056895e-05,600,8
919,2,4.730192767079935e-05,1200,18
919,3,1.1377746970941861e-07,1800,17
919,4,8.391673696722076e-06,2400,2
919,5,0.5798195742830374,3000,6
920,0,1.668360637976927e-07,0,2
920,1,6.360839497056895e-05,600,13
920,2,4.730192767079935e-05,1200,9
920,3,4.0172499841423724e-08,1800,11
920,4,8.391673696722076e-06,2400,7
920,5,0.6045097887487024,3000,12
921,0,1.668360637976927e-07,0,3
921,1,4.153401043674727e-05,600,13
921,2,6.9995720438862e-05,1200,13
921,3,4.0172499841423724e-08,1800,12
921,4,8.391673696722076e-06,2400,1
921,5,0.6045097887487024,3000,12
922,0,1.668360637976927e-07,0,2
922,1,3.909148672278806e-05,600,6
922,2,5.8882864021608664e-05,1200,18
922,3,1.6819099588630907e-08,1800,15
922,4,8.391673696722076e-06,2400,2
922,5,0.6045097887487024,3000,11
923,0,1.745471066910925e-07,0,3
923,1,3.909148672278806e-05,600,7
923,2,7.044089210288189e-05,1200,10
923,3,1.6819099588630907e-08,1800,9
923,4,8.391673696722076e-06,2400,6
923,5,0.6326216201971291,3000,19
924,0,1.745471066910925e-07,0,5
924,1,3.553867231993108e-05,600,10
924,2,7.044089210288189e-05,1200,4
924,3,1.6819099588630907e-08,1800,14
924,4,6.035792883037454e-06,2400,6
924,5,0.5791680991490621,3000,15
925,0,1.6444182490293266e-07,0,1
925,1,3.0739287712087056e-05,600,11
925,2,8.207214492997564e-05,1200,16
925,3,1.6819099588630907e-08,1800,11
925,4,3.242997042477853e-06,2400,2
925,5,0.5791680991490621,3000,13
926,0,1.6444182490293266e-07,0,3
926,1,3.9610969893154805e-05,600,12
926,2,7.227767417409884e-05,1200,12
926,3,1.6819099588630907e-08,1800,14
926,4,3.3808399713818074e-06,2400,2
926,5,0.5791680991490621,3000,10
927,0,1.6444182490293266e-07,0,3
927,1,0.00010499607079145304,600,11
927,2,7.227767417409884e-05,1200,9
927,3,1.6819099588630907e-08,1800,13
927,4,3.3808399713818074e-06,2400,2
927,5,0.5791680991490621,3000,16
928,0,1.745266842830326e-07,0,8
928,1,9.058318631941793e-05,600,8
928,2,7.227767417409884e-05,1200,11
928,3,1.6819099588630907e-08,1800,11
928,4,4.049874837296899e-06,2400,2
928,5,0.5791680991490621,3000,14
929,0,9.338279657799584e-08,0,2
929,1,9.058318631941793e-05,600,13
929,2,7.227767417409884e-05,1200,15
929,3,2.0134478369480133e-08,1800,8
929,4,4.049874837296899e-06,2400,2
929,5,0.5791680991490621,3000,14
930,0,9.338279657799584e-08,0,1
930,1,0.00010384091089917948,600,8
930,2,7.227767417409884e-05,1200,15
930,3,2.294438542112466e-08,1800,16
930,4,4.049874837296899e-06,2400,3
930,5,0.5791680991490621,3000,11
931,0,9.338279657799584e-08,0,0
931,1,0.00010384091089917948,600,12
931,2,0.00010877782112792608,1200,11
931,3,1.9466104225939524e-08,1800,13
931,4,4.049874837296899e-06,2400,2
931,5,0.5018884057380788,3000,16
932,0,5.063939525157141e-08,0,0
932,1,0.000127771990307052,600,15
932,2,0.00010877782112792608,1200,9
932,3,1.9466104225939524e-08,1800,17
932,4,5.409886008690814e-06,2400,1
932,5,0.5018884057380788,3000,12
933,0,5.063939525157141e-08,0,2
933,1,0.0001195130268666379,600,8
933,2,0.00013474786769176203,1200,19
933,3,2.4555453267624572e-08,1800,10
933,4,5.409886008690814e-06,2400,5
933,5,0.5018884057380788,3000,10
934,0,2.7244667695437138e-08,0,5
934,1,0.0001195130268666379,600,12
934,2,0.00013474786769176203,1200,13
934,3,4.40405428661842e-08,1800,11
934,4,5.409886008690814e-06,2400,0
934,5,0.5018884057380788,3000,13
935,0,2.7244667695437138e-08,0,3
935,1,0.00019518536322265387,600,7
935,2,0.00013474786769176203,1200,14
935,3,5.885041178107979e-08,1800,11
935,4,2.921853508754245e-06,2400,4
935,5,0.5018884057380788,3000,15
936,0,2.7244667695437138e-08,0,5
936,1,0.00024345387008165646,600,9
936,2,0.00013474786769176203,1200,9
936,3,5.885041178107979e-08,1800,18
936,4,2.121298923337141e-06,2400,1
936,5,0.5061970152214998,3000,12
937,0,1.507882635513322e-08,0,3
937,1,0.00024345387008165646,600,7
937,2,0.00013474786769176203,1200,17
937,3,5.885041178107979e-08,1800,14
937,4,3.1538230573347553e-06,2400,1
937,5,0.5061970152214998,3000,12
938,0,1.2857844243259516e-08,0,2
938,1,0.00024345387008165646,600,11
938,2,0.00017529136263743668,1200,10
938,3,5.885041178107979e-08,1800,10
938,4,3.7604963157427413e-06,2400,2
938,5,0.5061970152214998,3000,19
939,0,1.4805950953025706e-08,0,2
939,1,0.00024345387008165646,600,9
939,2,0.00017529136263743668,1200,15
939,3,5.885041178107979e-08,1800,7
939,4,3.7604963157427413e-06,2400,7
939,5,0.4493293481863371,3000,14
940,0,1.4805950953025706e-08,0,3
940,1,0.00024345387008165646,600,16
940,2,0.0004074665891168615,1200,10
940,3,4.476080267854119e-08,1800,7
940,4,3.7604963157427413e-06,2400,3
940,5,0.4493293481863371,3000,15
941,0,1.4805950953025706e-08,0,3
941,1,0.00024345387008165646,600,10
941,2,0.0004641452406260778,1200,9
941,3,5.7544686297801785e-08,1800,8
941,4,3.7604963157427413e-06,2400,4
941,5,0.4493293481863371,3000,20
942,0,1.4805950953025706e-08,0,3
942,1,0.00024345387008165646,600,10
942,2,0.0003845534434981937,1200,17
942,3,5.7544686297801785e-08,1800,10
942,4,6.357676833469466e-06,2400,0
942,5,0.5226145017933456,3000,14
943,0,2.8059461067260826e-08,0,5
943,1,0.00014356970735049794,600,14
943,2,0.0003845534434981937,1200,9
943,3,5.7544686297801785e-08,1800,13
943,4,6.357676833469466e-06,2400,5
943,5,0.5226145017933456,3000,8
944,0,3.6554861598535845e-08,0,1
944,1,0.00014356970735049794,600,12
944,2,0.0004988573810178067,1200,7
944,3,5.7544686297801785e-08,1800,16
944,4,6.357676833469466e-06,2400,6
944,5,0.5226145017933456,3000,12
945,0,3.6554861598535845e-08,0,2
945,1,0.00014356970735049794,600,10
945,2,0.00044234487271839777,1200,15
945,3,5.7544686297801785e-08,1800,12
945,4,6.969557823031568e-06,2400,2
945,5,0.5226145017933456,3000,13
946,0,3.6554861598535845e-08,0,3
946,1,0.0001448749060105401,600,8
946,2,0.00047083691884006504,1200,19
946,3,8.876364244208028e-08,1800,4
946,4,6.969557823031568e-06,2400,4
946,5,0.5226145017933456,3000,16
947,0,3.6554861598535845e-08,0,3
947,1,0.0001448749060105401,600,16
947,2,0.0005340505150079497,1200,4
947,3,4.4023026386451415e-08,1800,15
947,4,5.654822347152991e-06,2400,7
947,5,0.5226145017933456,3000,9
948,0,3.6554861598535845e-08,0,2
948,1,0.00020704718503722315,600,14
948,2,0.0005340505150079497,1200,9
948,3,6.949357338667405e-08,1800,5
948,4,1.352179688257323e-05,2400,6
948,5,0.5226145017933456,3000,18
949,0,3.6554861598535845e-08,0,2
949,1,0.00021524785370148993,600,14
949,2,0.0005340505150079497,1200,9
949,3,5.511382497598987e-08,1800,7
949,4,1.352179688257323e-05,2400,1
949,5,0.6958711452419198,3000,21
950,0,4.1928693251911896e-08,0,3
950,1,0.00021524785370148993,600,15
950,2,0.0005340505150079497,1200,8
950,3,5.511382497598987e-08,1800,15
950,4,1.4717918781720892e-05,2400,0
950,5,0.6958711452419198,3000,13
951,0,4.1928693251911896e-08,0,3
951,1,0.00033075877346121837,600,12
951,2,0.00041323088029408616,1200,15
951,3,5.511382497598987e-08,1800,12
951,4,1.4717918781720892e-05,2400,1
951,5,0.6958711452419198,3000,11
952,0,4.1928693251911896e-08,0,0
952,1,0.00033075877346121837,600,12
952,2,0.00041323088029408616,1200,16
952,3,5.511382497598987e-08,1800,10
952,4,7.367396846300342e-06,2400,3
952,5,0.8123135588109843,3000,13
953,0,4.1928693251911896e-08,0,2
953,1,0.00033075877346121837,600,12
953,2,0.0003315879806422274,1200,13
953,3,5.511382497598987e-08,1800,15
953,4,7.367396846300342e-06,2400,2
953,5,0.816373109964104,3000,10
954,0,2.479414483116116e-08,0,0
954,1,0.00033075877346121837,600,10
954,2,0.0003695632580645801,1200,21
954,3,5.511382497598987e-08,1800,12
954,4,8.87244306188164e-06,2400,2
954,5,0.816373109964104,3000,9
955,0,2.479414483116116e-08,0,3
955,1,0.00033075877346121837,600,10
955,2,0.0003695632580645801,1200,16
955,3,5.511382497598987e-08,1800,11
955,4,1.1895596473600369e-05,2400,5
955,5,0.8598843181865627,3000,9
956,0,2.0082797860460395e-08,0,0
956,1,0.00033075877346121837,600,15
956,2,0.0003695632580645801,1200,11
956,3,5.511382497598987e-08,1800,17
956,4,1.1895596473600369e-05,2400,2
956,5,0.8858802903913121,3000,9
957,0,2.0082797860460395e-08,0,1
957,1,0.00033075877346121837,600,18
957,2,0.0005319763433371195,1200,15
957,3,5.511382497598987e-08,1800,9
957,4,1.1895596473600369e-05,2400,5
957,5,0.9045258549344352,3000,6
958,0,2.0082797860460395e-08,0,3
958,1,0.00036019385562906686,600,18
958,2,0.00041246714245910687,1200,11
958,3,5.511382497598987e-08,1800,12
958,4,1.1895596473600369e-05,2400,2
958,5,0.8308067006153611,3000,8
959,0,2.996249330499913e-08,0,2
959,1,0.0002405885781740972,600,14
959,2,0.00041246714245910687,1200,17
959,3,5.511382497598987e-08,1800,14
959,4,1.783422893554739e-05,2400,1
959,5,0.8308067006153611,3000,6
960,0,1.9550815089535477e-08,0,0
960,1,0.0005021586079348383,600,12
960,2,0.00041246714245910687,1200,17
960,3,5.670618330772874e-08,1800,11
960,4,1.783422893554739e-05,2400,1
960,5,0.8308067006153611,3000,13
961,0,1.9550815089535477e-08,0,1
961,1,0.0005021586079348383,600,14
961,2,0.00020829299647126485,1200,11
961,3,4.563365120974315e-08,1800,14
961,4,1.783422893554739e-05,2400,1
961,5,0.8976518883975628,3000,13
962,0,5.572896353954066e-09,0,2
962,1,0.0005021586079348383,600,15
962,2,0.00020829299647126485,1200,14
962,3,4.563365120974315e-08,1800,13
962,4,1.783422893554739e-05,2400,0
962,5,0.9137835599330972,3000,10
963,0,6.355696766110077e-09,0,4
963,1,0.0005021586079348383,600,14
963,2,0.0001885904684159931,1200,16
963,3,1.4975727666764373e-07,1800,12
963,4,1.783422893554739e-05,2400,3
963,5,0.9137835599330972,3000,5
964,0,6.355696766110077e-09,0,0
964,1,0.0005021586079348383,600,15
964,2,0.0001885904684159931,1200,17
964,3,1.889867004005709e-07,1800,13
964,4,1.783422893554739e-05,2400,3
964,5,0.9476364032805634,3000,6
965,0,6.355696766110077e-09,0,2
965,1,0.0004562795121751186,600,16
965,2,0.0001885904684159931,1200,15
965,3,1.889867004005709e-07,1800,15
965,4,1.783422893554739e-05,2400,0
965,5,0.9615200304936714,3000,6
966,0,1.0264187047273634e-08,0,2
966,1,0.00037863303417076075,600,18
966,2,0.0001885904684159931,1200,18
966,3,1.889867004005709e-07,1800,12
966,4,2.37992265405458e-05,2400,0
966,5,0.9642925627905685,3000,4
967,0,1.5776215388802235e-08,0,2
967,1,0.00045600866326476564,600,19
967,2,0.0001885904684159931,1200,13
967,3,1.889867004005709e-07,1800,12
967,4,3.0935788546838254e-05,2400,3
967,5,0.9642925627905685,3000,5
968,0,1.958665175006017e-08,0,3
968,1,0.0004223553338947192,600,9
968,2,0.0001885904684159931,1200,19
968,3,2.2600873599139964e-07,1800,20
968,4,3.0935788546838254e-05,2400,0
968,5,0.9642925627905685,3000,3
969,0,1.958665175006017e-08,0,2
969,1,0.0008161692474236576,600,11
969,2,0.0001885904684159931,1200,23
969,3,2.2600873599139964e-07,1800,11
969,4,6.320881109722187e-05,2400,3
969,5,0.9642925627905685,3000,4
970,0,1.958665175006017e-08,0,2
970,1,0.0008161692474236576,600,13
970,2,0.00015264064105613691,1200,19
970,3,1.846736527057287e-07,1800,12
970,4,6.320881109722187e-05,2400,2
970,5,0.9821562246172122,3000,6
971,0,1.958665175006017e-08,0,2
971,1,0.0008161692474236576,600,12
971,2,0.00015264064105613691,1200,19
971,3,2.1268889760187737e-07,1800,15
971,4,6.320881109722187e-05,2400,2
971,5,0.9925534096009508,3000,4
972,0,1.958665175006017e-08,0,1
972,1,0.0008161692474236576,600,12
972,2,0.00024405214820672123,1200,23
972,3,2.1268889760187737e-07,1800,16
972,4,3.661479145334431e-05,2400,1
972,5,0.9925534096009508,3000,1
973,0,2.8480240872997764e-08,0,4
973,1,0.0008161692474236576,600,10
973,2,0.00024405214820672123,1200,21
973,3,2.1268889760187737e-07,1800,13
973,4,3.661479145334431e-05,2400,4
973,5,0.9940393871701725,3000,2
974,0,2.8480240872997764e-08,0,2
974,1,0.0006018206474922302,600,13
974,2,0.00018820309906072098,1200,20
974,3,2.1268889760187737e-07,1800,14
974,4,3.661479145334431e-05,2400,1
974,5,0.9940393871701725,3000,2
975,0,2.9086959130827817e-08,0,2
975,1,0.0006018206474922302,600,12
975,2,0.00013328796189067966,1200,24
975,3,2.1268889760187737e-07,1800,15
975,4,3.661479145334431e-05,2400,1
975,5,0.9959158386437825,3000,0
976,0,2.9086959130827817e-08,0,3
976,1,0.0002663685017703649,600,10
976,2,0.00013328796189067966,1200,23
976,3,2.1268889760187737e-07,1800,15
976,4,6.264774261199308e-05,2400,2
976,5,0.9959158386437825,3000,1
977,0,1.3373001287232272e-08,0,3
977,1,0.00022200172419628114,600,10
977,2,0.00013328796189067966,1200,24
977,3,2.1268889760187737e-07,1800,15
977,4,6.264774261199308e-05,2400,2
977,5,0.9959158386437825,3000,0
978,0,1.48812199900259e-08,0,1
978,1,0.00024190174970884303,600,17
978,2,0.00013328796189067966,1200,22
978,3,2.198660710922086e-07,1800,9
978,4,6.264774261199308e-05,2400,5
978,5,0.9959158386437825,3000,0
979,0,1.48812199900259e-08,0,5
979,1,0.00024190174970884303,600,10
979,2,7.43119330546939e-05,1200,27
979,3,2.198660710922086e-07,1800,10
979,4,0.00022671968913896482,2400,2
979,5,0.9959158386437825,3000,0
980,0,1.48812199900259e-08,0,2
980,1,0.00024190174970884303,600,17
980,2,3.90273786023759e-05,1200,19
980,3,4.6604210634350365e-07,1800,15
980,4,0.00022671968913896482,2400,0
980,5,0.9959158386437825,3000,0
981,0,1.48812199900259e-08,0,2
981,1,0.0002840828985077369,600,8
981,2,3.90273786023759e-05,1200,27
981,3,5.526991296061185e-07,1800,15
981,4,0.00018426555282149846,2400,2
981,5,0.9959158386437825,3000,0
982,0,1.48812199900259e-08,0,5
982,1,0.0002840828985077369,600,12
982,2,3.90273786023759e-05,1200,17
982,3,5.112480159066069e-07,1800,18
982,4,0.00013777059375170994,2400,2
982,5,0.9959158386437825,3000,0
983,0,1.48812199900259e-08,0,3
983,1,0.0002336067508249432,600,13
983,2,3.0397996026068274e-05,1200,21
983,3,1.1855956257783657e-06,1800,15
983,4,0.00013777059375170994,2400,2
983,5,0.9959158386437825,3000,0
984,0,1.48812199900259e-08,0,2
984,1,0.00013026332042514598,600,12
984,2,3.0397996026068274e-05,1200,24
984,3,1.5174799240457426e-06,1800,13
984,4,0.00015662420051454842,2400,1
984,5,0.9959158386437825,3000,2
985,0,1.9621620748687148e-08,0,0
985,1,0.0001400127189556505,600,13
985,2,3.0397996026068274e-05,1200,28
985,3,1.3166209237095415e-06,1800,13
985,4,0.00012860062705276804,2400,0
985,5,0.9959158386437825,3000,0
986,0,1.9621620748687148e-08,0,2
986,1,0.0001400127189556505,600,12
986,2,2.731217443961669e-05,1200,23
986,3,1.3166209237095415e-06,1800,14
986,4,0.0002095555644594679,2400,3
986,5,0.9959158386437825,3000,0
987,0,1.977239258877235e-08,0,1
987,1,0.0001400127189556505,600,18
987,2,2.1100889045695073e-05,1200,20
987,3,3.5472551055148626e-06,1800,12
987,4,0.0002095555644594679,2400,1
987,5,0.9959158386437825,3000,2
988,0,2.3685375880926488e-08,0,1
988,1,0.0001400127189556505,600,11
988,2,2.1100889045695073e-05,1200,22
988,3,3.5472551055148626e-06,1800,16
988,4,0.0004657647240514178,2400,3
988,5,0.9959158386437825,3000,1
989,0,2.8449992837292552e-08,0,2
989,1,0.0001400127189556505,600,13
989,2,1.9130915108079155e-05,1200,22
989,3,2.4905250461335743e-06,1800,15
989,4,0.0004657647240514178,2400,2
989,5,0.9962697748281691,3000,0
990,0,2.8449992837292552e-08,0,1
990,1,9.282166609244394e-05,600,21
990,2,1.9130915108079155e-05,1200,20
990,3,2.4905250461335743e-06,1800,10
990,4,0.0004657647240514178,2400,0
990,5,0.9943256926453795,3000,2
991,0,2.8449992837292552e-08,0,4
991,1,9.282166609244394e-05,600,9
991,2,1.716804648741686e-05,1200,25
991,3,2.1771201103598405e-06,1800,15
991,4,0.0004657647240514178,2400,0
991,5,0.9946449114987609,3000,1
992,0,2.8449992837292552e-08,0,0
992,1,0.00012095253429348508,600,13
992,2,1.716804648741686e-05,1200,29
992,3,2.1771201103598405e-06,1800,8
992,4,0.000520344356460572,2400,2
992,5,0.9941915098605693,3000,2
993,0,5.410763808770498e-08,0,5
993,1,0.00012095253429348508,600,14
993,2,6.6558908921893225e-06,1200,18
993,3,2.1771201103598405e-06,1800,13
993,4,0.000520344356460572,2400,4
993,5,0.9941915098605693,3000,0
994,0,5.410763808770498e-08,0,0
994,1,0.00012095253429348508,600,19
994,2,6.6558908921893225e-06,1200,22
994,3,4.661480580102021e-06,1800,11
994,4,0.000520344356460572,2400,1
994,5,0.9939660356739195,3000,0
995,0,5.410763808770498e-08,0,1
995,1,0.00012095253429348508,600,12
995,2,6.6558908921893225e-06,1200,24
995,3,4.087398282065288e-06,1800,12
995,4,0.0007365358235012778,2400,0
995,5,0.9921774547914501,3000,5
996,0,5.47896870665383e-08,0,0
996,1,0.00018913998425068034,600,12
996,2,6.6558908921893225e-06,1200,23
996,3,1.9329485111343204e-06,1800,18
996,4,0.0007365358235012778,2400,1
996,5,0.9921774547914501,3000,0
997,0,5.47896870665383e-08,0,3
997,1,0.00018913998425068034,600,19
997,2,7.531180363384339e-06,1200,22
997,3,1.9329485111343204e-06,1800,10
997,4,0.0007365358235012778,2400,0
997,5,0.9951400309669809,3000,0
998,0,1.0912928741476617e-07,0,3
998,1,0.00018913998425068034,600,7
998,2,7.531180363384339e-06,1200,26
998,3,1.9329485111343204e-06,1800,16
998,4,0.0007365358235012778,2400,2
998,5,0.9951400309669809,3000,0
999,0,6.78919380250173e-08,0,2
999,1,0.00018913998425068034,600,10
999,2,7.531180363384339e-06,1200,18
999,3,2.7251347427561404e-06,1800,23
999,4,0.0007365358235012778,2400,1
999,5,0.9924809018878096,3000,0
1000,0,9.017184377092556e-08,0,2
1000,1,0.000144936662052702,600,13
1000,2,7.531180363384339e-06,1200,29
1000,3,2.7251347427561404e-06,1800,10
1000,4,0.0006212767637811117,2400,0
1000,5,0.9924809018878096,3000,0
1001,0,9.017184377092556e-08,0,2
1001,1,8.185201789559255e-05,600,17
1001,2,7.531180363384339e-06,1200,17
1001,3,2.7251347427561404e-06,1800,17
1001,4,0.0005676501573397657,2400,1
1001,5,0.9924809018878096,3000,0
1002,0,4.707477338815166e-08,0,2
1002,1,9.658693585968415e-05,600,11
1002,2,7.531180363384339e-06,1200,27
1002,3,2.3384233165234602e-06,1800,12
1002,4,0.0005676501573397657,2400,1
1002,5,0.9924809018878096,3000,1
1003,0,2.848116040650696e-08,0,0
1003,1,9.658693585968415e-05,600,21
1003,2,7.531180363384339e-06,1200,16
1003,3,2.3384233165234602e-06,1800,13
1003,4,0.0005935710499311571,2400,4
1003,5,0.9924809018878096,3000,0
1004,0,1.5907589681901966e-08,0,2
1004,1,7.951265692806116e-05,600,15
1004,2,7.531180363384339e-06,1200,16
1004,3,2.3384233165234602e-06,1800,20
1004,4,0.0005935710499311571,2400,1
1004,5,0.9924809018878096,3000,0
1005,0,1.0837110260530114e-08,0,1
1005,1,7.951265692806116e-05,600,15
1005,2,6.179955281053389e-06,1200,25
1005,3,2.763504901040825e-06,1800,11
1005,4,0.0005935710499311571,2400,1
1005,5,0.9924809018878096,3000,1
1006,0,1.0837110260530114e-08,0,2
1006,1,7.951265692806116e-05,600,13
1006,2,1.0032934044160386e-05,1200,17
1006,3,1.6050411432730266e-06,1800,16
1006,4,0.0005935710499311571,2400,4
1006,5,0.993118688652675,3000,2
1007,0,1.0837110260530114e-08,0,1
1007,1,5.739310677677507e-05,600,8
1007,2,1.0032934044160386e-05,1200,24
1007,3,1.6050411432730266e-06,1800,19
1007,4,0.0005935710499311571,2400,0
1007,5,0.9960458332479065,3000,2
1008,0,1.0837110260530114e-08,0,1
1008,1,7.392151123432389e-05,600,11
1008,2,3.196267438769428e-05,1200,30
1008,3,1.6050411432730266e-06,1800,11
1008,4,0.0005935710499311571,2400,1
1008,5,0.9960458332479065,3000,0
1009,0,4.783811907813143e-08,0,1
1009,1,7.392151123432389e-05,600,13
1009,2,3.196267438769428e-05,1200,25
1009,3,1.6050411432730266e-06,1800,12
1009,4,0.0005935710499311571,2400,2
1009,5,0.9960458332479065,3000,1
1010,0,2.627651571322258e-08,0,1
1010,1,4.136534595500685e-05,600,11
1010,2,3.196267438769428e-05,1200,26
1010,3,1.6050411432730266e-06,1800,13
1010,4,0.0005935710499311571,2400,3
1010,5,0.9960458332479065,3000,0
1011,0,2.627651571322258e-08,0,0
1011,1,2.1730848749339382e-05,600,15
1011,2,3.196267438769428e-05,1200,21
1011,3,1.6050411432730266e-06,1800,16
1011,4,0.0005935710499311571,2400,2
1011,5,0.9978672781582151,3000,0
1012,0,4.764983016753286e-08,0,2
1012,1,2.1730848749339382e-05,600,10
1012,2,3.196267438769428e-05,1200,24
1012,3,3.857816216253339e-06,1800,17
1012,4,0.0005935710499311571,2400,1
1012,5,0.9978672781582151,3000,0
1013,0,4.3572941927197496e-08,0,2
1013,1,1.8359788063561373e-05,600,17
1013,2,3.196267438769428e-05,1200,20
1013,3,3.857816216253339e-06,1800,11
1013,4,0.0005935710499311571,2400,2
1013,5,0.9962690796593535,3000,2
1014,0,4.3572941927197496e-08,0,1
1014,1,1.792721518722087e-05,600,7
1014,2,2.2415621018621382e-05,1200,27
1014,3,3.857816216253339e-06,1800,16
1014,4,0.0006206508034180113,2400,1
1014,5,0.9962690796593535,3000,1
1015,0,4.3572941927197496e-08,0,5
1015,1,1.792721518722087e-05,600,10
1015,2,2.2415621018621382e-05,1200,21
1015,3,3.857816216253339e-06,1800,18
1015,4,0.0006206508034180113,2400,0
1015,5,0.9945320590885567,3000,0
1016,0,4.351132275334295e-08,0,2
1016,1,1.4387157861761111e-05,600,19
1016,2,2.2415621018621382e-05,1200,16
1016,3,2.820251712782797e-06,1800,15
1016,4,0.0006206508034180113,2400,2
1016,5,0.9945320590885567,3000,0
1017,0,1.0539676685127031e-08,0,0
1017,1,1.4387157861761111e-05,600,21
1017,2,2.2415621018621382e-05,1200,14
1017,3,2.820251712782797e-06,1800,14
1017,4,0.0006206508034180113,2400,4
1017,5,0.9945320590885567,3000,1
1018,0,1.0539676685127031e-08,0,3
1018,1,1.4387157861761111e-05,600,13
1018,2,2.2415621018621382e-05,1200,22
1018,3,2.820251712782797e-06,1800,12
1018,4,0.001362437964164643,2400,2
1018,5,0.9962262192849429,3000,1
1019,0,1.6600388263433074e-08,0,3
1019,1,1.4387157861761111e-05,600,17
1019,2,2.2415621018621382e-05,1200,21
1019,3,2.820251712782797e-06,1800,11
1019,4,0.0016781320249782223,2400,2
1019,5,0.9966223407835938,3000,0
1020,0,1.6600388263433074e-08,0,2
1020,1,1.4387157861761111e-05,600,15
1020,2,1.919110610178327e-05,1200,21
1020,3,2.820251712782797e-06,1800,12
1020,4,0.0005263735260158906,2400,4
1020,5,0.9966223407835938,3000,0
1021,0,1.6600388263433074e-08,0,2
1021,1,1.1362699281941169e-05,600,13
1021,2,1.919110610178327e-05,1200,20
1021,3,2.820251712782797e-06,1800,18
1021,4,0.0005263735260158906,2400,1
1021,5,0.9972448218832273,3000,0
1022,0,7.530227163620583e-09,0,1
1022,1,1.1362699281941169e-05,600,11
1022,2,2.2783135894509355e-05,1200,26
1022,3,2.820251712782797e-06,1800,15
1022,4,0.0005717845172327929,2400,1
1022,5,0.9972448218832273,3000,0
1023,0,7.530227163620583e-09,0,2
1023,1,8.381965347065068e-06,600,16
1023,2,4.924289478035809e-05,1200,19
1023,3,2.820251712782797e-06,1800,14
1023,4,0.0005717845172327929,2400,3
1023,5,0.9972448218832273,3000,0
1024,0,7.530227163620583e-09,0,1
1024,1,3.558320689880002e-06,600,17
1024,2,4.924289478035809e-05,1200,27
1024,3,2.820251712782797e-06,1800,9
1024,4,0.0005998260298701054,2400,0
1024,5,0.9977386365085512,3000,0
1025,0,2.5504759679545637e-08,0,2
1025,1,3.558320689880002e-06,600,14
1025,2,4.924289478035809e-05,1200,23
1025,3,3.8884061906248635e-06,1800,11
1025,4,0.0005998260298701054,2400,2
1025,5,0.9977386365085512,3000,2
1026,0,2.8491338339892506e-08,0,1
1026,1,3.1150550206708792e-06,600,22
1026,2,4.924289478035809e-05,1200,22
1026,3,1.3621719304640822e-06,1800,7
1026,4,0.0005998260298701054,2400,2
1026,5,0.9977386365085512,3000,0
1027,0,2.8491338339892506e-08,0,0
1027,1,2.6521391895019985e-06,600,13
1027,2,3.850997614136296e-05,1200,29
1027,3,1.076797844307639e-06,1800,9
1027,4,0.0005998260298701054,2400,3
1027,5,0.9977386365085512,3000,0
1028,0,2.8491338339892506e-08,0,3
1028,1,2.6521391895019985e-06,600,17
1028,2,3.850997614136296e-05,1200,20
1028,3,1.207453827670749e-06,1800,13
1028,4,0.0005998260298701054,2400,1
1028,5,0.9992803017773743,3000,0
1029,0,2.9673745936531183e-08,0,0
1029,1,2.6521391895019985e-06,600,9
1029,2,1.9993690110372907e-05,1200,23
1029,3,1.207453827670749e-06,1800,21
1029,4,0.0006404290213678758,2400,1
1029,5,0.9992803017773743,3000,0
1030,0,3.5792405815645943e-08,0,4
1030,1,3.4670446847852164e-06,600,14
1030,2,2.6740401105810453e-05,1200,22
1030,3,1.554043795811305e-06,1800,10
1030,4,0.0006404290213678758,2400,4
1030,5,0.9992803017773743,3000,0
1031,0,1.9461812797046236e-08,0,2
1031,1,3.221033437434018e-06,600,17
1031,2,1.809235358061171e-05,1200,21
1031,3,1.554043795811305e-06,1800,13
1031,4,0.0006404290213678758,2400,1
1031,5,0.9992803017773743,3000,0
1032,0,1.683187814068832e-08,0,2
1032,1,3.221033437434018e-06,600,10
1032,2,7.474541342853541e-06,1200,20
1032,3,1.554043795811305e-06,1800,20
1032,4,0.0006404290213678758,2400,2
1032,5,0.9992803017773743,3000,0
1033,0,1.683187814068832e-08,0,4
1033,1,3.3484877932338297e-06,600,10
1033,2,5.669497785768028e-06,1200,24
1033,3,1.554043795811305e-06,1800,11
1033,4,0.0010222744755639674,2400,5
1033,5,0.9992803017773743,3000,0
1034,0,2.43505154025668e-08,0,1
1034,1,3.3484877932338297e-06,600,16
1034,2,3.2325218280373046e-06,1200,27
1034,3,1.554043795811305e-06,1800,8
1034,4,0.0015181435155356383,2400,1
1034,5,0.9992803017773743,3000,0
1035,0,2.7636414436747035e-08,0,2
1035,1,1.435212711927783e-06,600,9
1035,2,3.2325218280373046e-06,1200,21
1035,3,1.5419188886347535e-06,1800,20
1035,4,0.0015181435155356383,2400,2
1035,5,0.9992803017773743,3000,0
1036,0,2.7636414436747035e-08,0,4
1036,1,1.435212711927783e-06,600,18
1036,2,5.640082174336149e-06,1200,16
1036,3,1.5419188886347535e-06,1800,14
1036,4,0.0008446530012549344,2400,1
1036,5,0.9992803017773743,3000,0
1037,0,2.9713918879134766e-08,0,3
1037,1,1.1820923967461168e-06,600,12
1037,2,5.640082174336149e-06,1200,20
1037,3,1.5419188886347535e-06,1800,14
1037,4,0.0011284977630591521,2400,5
1037,5,0.9991199268604248,3000,0
1038,0,5.7794698793972254e-08,0,0
1038,1,1.1820923967461168e-06,600,12
1038,2,5.640082174336149e-06,1200,20
1038,3,1.0434857448316299e-06,1800,20
1038,4,0.0011284977630591521,2400,2
1038,5,0.9991199268604248,3000,0
1039,0,6.405903551355614e-08,0,1
1039,1,1.1820923967461168e-06,600,13
1039,2,5.640082174336149e-06,1200,26
1039,3,1.342122104971713e-06,1800,12
1039,4,0.0011284977630591521,2400,1
1039,5,0.999225551135071,3000,0
1040,0,6.405903551355614e-08,0,3
1040,1,3.1111996228230366e-06,600,14
1040,2,5.640082174336149e-06,1200,25
1040,3,1.342122104971713e-06,1800,11
1040,4,0.0009773779962474044,2400,1
1040,5,0.999225551135071,3000,0
1041,0,4.719412552694601e-08,0,5
1041,1,3.1111996228230366e-06,600,11
1041,2,5.640082174336149e-06,1200,17
1041,3,8.953558721063382e-07,1800,18
1041,4,0.0009773779962474044,2400,3
1041,5,0.999225551135071,3000,0
1042,0,4.719412552694601e-08,0,1
1042,1,2.859436459248285e-06,600,16
1042,2,5.640082174336149e-06,1200,21
1042,3,7.058169988291459e-07,1800,15
1042,4,0.0009773779962474044,2400,1
1042,5,0.9993521247162238,3000,0
1043,0,4.719412552694601e-08,0,2
1043,1,2.859436459248285e-06,600,11
1043,2,5.640082174336149e-06,1200,24
1043,3,8.839908607181769e-07,1800,15
1043,4,0.00036322342892828056,2400,2
1043,5,0.9993521247162238,3000,0
1044,0,5.586431532382837e-08,0,2
1044,1,2.859436459248285e-06,600,10
1044,2,4.917380532674746e-06,1200,21
1044,3,8.735547713569505e-07,1800,16
1044,4,0.0004270390325531458,2400,4
1044,5,0.9989546241202643,3000,1
1045,0,4.5393532564898474e-08,0,3
1045,1,2.859436459248285e-06,600,13
1045,2,4.917380532674746e-06,1200,25
1045,3,1.1990167946808305e-06,1800,13
1045,4,0.0002906569652337633,2400,0
1045,5,0.9989546241202643,3000,0
1046,0,4.5393532564898474e-08,0,4
1046,1,2.859436459248285e-06,600,15
1046,2,4.917380532674746e-06,1200,22
1046,3,1.1990167946808305e-06,1800,12
1046,4,0.00041522524225106927,2400,1
1046,5,0.9989546241202643,3000,0
1047,0,4.5393532564898474e-08,0,3
1047,1,2.8802241536297108e-06,600,20
1047,2,4.610474706375793e-06,1200,18
1047,3,1.1990167946808305e-06,1800,11
1047,4,0.00041522524225106927,2400,2
1047,5,0.9993001502705191,3000,0
1048,0,1.4565134210395218e-07,0,1
1048,1,3.2465035052520894e-06,600,9
1048,2,4.610474706375793e-06,1200,26
1048,3,1.1990167946808305e-06,1800,16
1048,4,0.00041522524225106927,2400,2
1048,5,0.9995771971599214,3000,0
1049,0,1.4565134210395218e-07,0,0
1049,1,3.2465035052520894e-06,600,17
1049,2,4.610474706375793e-06,1200,21
1049,3,7.594261141765141e-07,1800,14
1049,4,0.0003106456104177401,2400,2
1049,5,0.9995707746174352,3000,0
1050,0,1.7284960918074775e-07,0,2
1050,1,1.625517998195479e-06,600,12
1050,2,4.610474706375793e-06,1200,23
1050,3,7.594261141765141e-07,1800,13
1050,4,0.0003106456104177401,2400,4
1050,5,0.9995707746174352,3000,0
1051,0,1.6439953742322385e-07,0,2
1051,1,1.625517998195479e-06,600,16
1051,2,4.610474706375793e-06,1200,22
1051,3,7.594261141765141e-07,1800,12
1051,4,0.0003106456104177401,2400,1
1051,5,0.9996598319860941,3000,0
1052,0,1.4279070755308765e-07,0,4
1052,1,1.625517998195479e-06,600,7
1052,2,4.610474706375793e-06,1200,17
1052,3,7.594261141765141e-07,1800,23
1052,4,0.00028884744269174736,2400,3
1052,5,0.9998631364886733,3000,0
1053,0,7.291049980406275e-08,0,0
1053,1,1.625517998195479e-06,600,9
1053,2,4.610474706375793e-06,1200,29
1053,3,1.2464658619022931e-06,1800,14
1053,4,0.00028884744269174736,2400,2
1053,5,0.9998631364886733,3000,0
1054,0,7.291049980406275e-08,0,6
1054,1,1.2889716529231174e-06,600,17
1054,2,4.610474706375793e-06,1200,16
1054,3,1.2464658619022931e-06,1800,15
1054,4,0.00028884744269174736,2400,0
1054,5,0.9997287254629009,3000,0
1055,0,7.291049980406275e-08,0,1
1055,1,1.0435699617607002e-06,600,13
1055,2,4.610474706375793e-06,1200,23
1055,3,1.2464658619022931e-06,1800,13
1055,4,0.00010430428106118313,2400,3
1055,5,0.9996296904313259,3000,1
1056,0,7.291049980406275e-08,0,2
1056,1,1.1512070581687422e-06,600,18
1056,2,4.124534541260071e-06,1200,19
1056,3,1.2464658619022931e-06,1800,13
1056,4,0.00010430428106118313,2400,2
1056,5,0.9997102012190466,3000,0
1057,0,7.291049980406275e-08,0,4
1057,1,1.5999310303773028e-06,600,12
1057,2,4.124534541260071e-06,1200,20
1057,3,1.2464658619022931e-06,1800,18
1057,4,0.00010430428106118313,2400,0
1057,5,0.9994599201464668,3000,0
1058,0,9.876344192629572e-08,0,4
1058,1,8.142380026281848e-07,600,10
1058,2,4.124534541260071e-06,1200,19
1058,3,1.2464658619022931e-06,1800,15
1058,4,0.00010430428106118313,2400,6
1058,5,0.9996463154681677,3000,0
1059,0,9.876344192629572e-08,0,3
1059,1,8.142380026281848e-07,600,21
1059,2,8.454665931263025e-06,1200,18
1059,3,1.2464658619022931e-06,1800,11
1059,4,0.00014402276743957583,2400,1
1059,5,0.9997598611122425,3000,0
1060,0,9.876344192629572e-08,0,2
1060,1,8.142380026281848e-07,600,21
1060,2,1.039807639698309e-05,1200,18
1060,3,1.2464658619022931e-06,1800,13
1060,4,0.00028817837646197665,2400,0
1060,5,0.9997598611122425,3000,0
1061,0,5.558037909772592e-08,0,2
1061,1,1.4180115582944225e-06,600,10
1061,2,1.039807639698309e-05,1200,26
1061,3,1.2464658619022931e-06,1800,15
1061,4,0.00028817837646197665,2400,1
1061,5,0.9997547056626291,3000,0
1062,0,2.4770378847442945e-08,0,4
1062,1,1.4180115582944225e-06,600,15
1062,2,1.039807639698309e-05,1200,20
1062,3,1.2464658619022931e-06,1800,14
1062,4,0.0002133537346048305,2400,1
1062,5,0.9998365712485556,3000,0
1063,0,2.4770378847442945e-08,0,5
1063,1,1.2072337215003454e-06,600,12
1063,2,1.039807639698309e-05,1200,20
1063,3,8.839540290511389e-07,1800,17
1063,4,0.0002133537346048305,2400,0
1063,5,0.9998365712485556,3000,0
1064,0,2.4770378847442945e-08,0,1
1064,1,1.2072337215003454e-06,600,11
1064,2,1.039807639698309e-05,1200,23
1064,3,1.7009450610023763e-06,1800,16
1064,4,0.00017598949921765957,2400,3
1064,5,0.9998365712485556,3000,0
1065,0,3.231429625330742e-08,0,0
1065,1,1.2072337215003454e-06,600,15
1065,2,1.039807639698309e-05,1200,23
1065,3,1.7009450610023763e-06,1800,16
1065,4,0.0001476777149076393,2400,0
1065,5,0.9997429407103245,3000,0
1066,0,3.231429625330742e-08,0,3
1066,1,1.2072337215003454e-06,600,17
1066,2,3.2983620248567403e-06,1200,14
1066,3,1.4708166925805978e-06,1800,19
1066,4,0.0001476777149076393,2400,0
1066,5,0.9997429407103245,3000,0
1067,0,3.231429625330742e-08,0,2
1067,1,1.463344242267468e-06,600,14
1067,2,3.2983620248567403e-06,1200,23
1067,3,4.32367385327816e-06,1800,15
1067,4,0.0001476777149076393,2400,0
1067,5,0.9997166031969981,3000,0
1068,0,4.065507115076433e-08,0,4
1068,1,1.463344242267468e-06,600,14
1068,2,1.925744828494693e-06,1200,25
1068,3,4.32367385327816e-06,1800,11
1068,4,0.0001476777149076393,2400,0
1068,5,0.9997166031969981,3000,0
1069,0,4.065507115076433e-08,0,2
1069,1,1.463344242267468e-06,600,14
1069,2,2.6595470315216395e-06,1200,21
1069,3,4.32367385327816e-06,1800,16
1069,4,0.00021614559166624754,2400,1
1069,5,0.9997166031969981,3000,0
1070,0,4.2361675462713365e-08,0,2
1070,1,1.4497137039034472e-06,600,11
1070,2,2.6595470315216395e-06,1200,22
1070,3,4.358698268058191e-06,1800,18
1070,4,0.00021614559166624754,2400,1
1070,5,0.9997166031969981,3000,0
1071,0,8.150303821327345e-08,0,1
1071,1,1.4497137039034472e-06,600,22
1071,2,2.6595470315216395e-06,1200,25
1071,3,4.358698268058191e-06,1800,6
1071,4,0.00021614559166624754,2400,0
1071,5,0.9997166031969981,3000,0
1072,0,8.150303821327345e-08,0,3
1072,1,1.4497137039034472e-06,600,14
1072,2,2.6595470315216395e-06,1200,25
1072,3,4.358698268058191e-06,1800,10
1072,4,0.0001844054551535817,2400,2
1072,5,0.9998803645694426,3000,0
1073,0,8.533598469123184e-08,0,4
1073,1,1.4497137039034472e-06,600,14
1073,2,2.6595470315216395e-06,1200,19
1073,3,8.30313263033217e-06,1800,15
1073,4,0.0002832135554660083,2400,1
1073,5,0.9998803645694426,3000,0
1074,0,8.533598469123184e-08,0,1
1074,1,1.4040028684449124e-06,600,14
1074,2,2.6595470315216395e-06,1200,21
1074,3,1.3658843775386785e-05,1800,17
1074,4,0.00024344634104559758,2400,1
1074,5,0.9999244878479746,3000,0
1075,0,8.533598469123184e-08,0,1
1075,1,1.4040028684449124e-06,600,13
1075,2,2.6595470315216395e-06,1200,22
1075,3,1.3658843775386785e-05,1800,15
1075,4,0.00010403933757382658,2400,3
1075,5,0.9999377819577474,3000,0
1076,0,8.533598469123184e-08,0,1
1076,1,2.1690661363539227e-06,600,16
1076,2,2.6595470315216395e-06,1200,23
1076,3,1.0243406699244032e-05,1800,13
1076,4,0.00010403933757382658,2400,1
1076,5,0.9999317566802289,3000,0
1077,0,8.533598469123184e-08,0,0
1077,1,2.1690661363539227e-06,600,11
1077,2,1.3399830266142695e-06,1200,26
1077,3,1.0243406699244032e-05,1800,16
1077,4,0.00010403933757382658,2400,1
1077,5,0.9999618410110126,3000,0
1078,0,5.8060891767782415e-08,0,3
1078,1,2.561263374827922e-06,600,13
1078,2,1.2253269844760558e-06,1200,23
1078,3,1.0243406699244032e-05,1800,13
1078,4,0.00014728282525044078,2400,1
1078,5,0.9999618410110126,3000,0
1079,0,8.845628437410176e-08,0,1
1079,1,2.561263374827922e-06,600,16
1079,2,1.2253269844760558e-06,1200,19
1079,3,1.035442738188398e-05,1800,15
1079,4,8.886440850536745e-05,2400,3
1079,5,0.9999618410110126,3000,0
1080,0,8.845628437410176e-08,0,2
1080,1,2.561263374827922e-06,600,10
1080,2,1.2961605262015247e-06,1200,26
1080,3,1.035442738188398e-05,1800,15
1080,4,0.00014947588570174693,2400,1
1080,5,0.9999240722357724,3000,0
1081,0,8.845628437410176e-08,0,0
1081,1,2.561263374827922e-06,600,15
1081,2,1.1377876465737719e-06,1200,19
1081,3,1.035442738188398e-05,1800,17
1081,4,0.00020252608399415448,2400,3
1081,5,0.999836185460819,3000,0
1082,0,8.845628437410176e-08,0,1
1082,1,2.561263374827922e-06,600,18
1082,2,4.793972874251975e-07,1200,15
1082,3,1.035442738188398e-05,1800,20
1082,4,0.00020252608399415448,2400,0
1082,5,0.9998919578799912,3000,0
1083,0,4.5626695502137484e-08,0,3
1083,1,2.561263374827922e-06,600,16
1083,2,4.793972874251975e-07,1200,19
1083,3,8.26908505188027e-06,1800,12
1083,4,0.00020252608399415448,2400,4
1083,5,0.9998745887218042,3000,0
1084,0,4.5626695502137484e-08,0,0
1084,1,3.4229144570175655e-06,600,19
1084,2,4.793972874251975e-07,1200,15
1084,3,8.26908505188027e-06,1800,18
1084,4,0.00019614832984169844,2400,2
1084,5,0.9998745887218042,3000,0
1085,0,4.5626695502137484e-08,0,1
1085,1,3.4229144570175655e-06,600,11
1085,2,4.793972874251975e-07,1200,27
1085,3,8.26908505188027e-06,1800,13
1085,4,7.662186946856646e-05,2400,2
1085,5,0.9996972297841176,3000,0
1086,0,4.5626695502137484e-08,0,2
1086,1,6.930086494875469e-06,600,12
1086,2,4.001769977206343e-07,1200,25
1086,3,1.019571024056386e-05,1800,12
1086,4,6.765724380046151e-05,2400,2
1086,5,0.9996972297841176,3000,0
1087,0,4.5626695502137484e-08,0,5
1087,1,6.930086494875469e-06,600,12
1087,2,4.001769977206343e-07,1200,19
1087,3,7.95558513240763e-06,1800,14
1087,4,8.057546548068193e-05,2400,4
1087,5,0.9995902199235925,3000,0
1088,0,4.5626695502137484e-08,0,1
1088,1,4.836356888672455e-06,600,16
1088,2,3.8740938204627276e-07,1200,17
1088,3,5.965408566751874e-06,1800,19
1088,4,8.057546548068193e-05,2400,1
1088,5,0.9995902199235925,3000,0
1089,0,5.498429422534073e-08,0,2
1089,1,4.836356888672455e-06,600,11
1089,2,3.8740938204627276e-07,1200,19
1089,3,5.965408566751874e-06,1800,19
1089,4,0.0003104412059724837,2400,3
1089,5,0.9995902199235925,3000,0
1090,0,5.498429422534073e-08,0,1
1090,1,4.836356888672455e-06,600,16
1090,2,2.374740630169999e-07,1200,21
1090,3,5.965408566751874e-06,1800,15
1090,4,0.0003104412059724837,2400,1
1090,5,0.9998420454215048,3000,0
1091,0,5.498429422534073e-08,0,3
1091,1,3.200223919151555e-06,600,14
1091,2,2.3709810725237425e-07,1200,24
1091,3,5.965408566751874e-06,1800,10
1091,4,0.0001904727823598645,2400,3
1091,5,0.9998420454215048,3000,0
1092,0,4.478630023534697e-08,0,2
1092,1,2.7927545259496373e-06,600,12
1092,2,2.3709810725237425e-07,1200,24
1092,3,5.965408566751874e-06,1800,16
1092,4,0.00020016675095623903,2400,0
1092,5,0.9998420454215048,3000,0
1093,0,4.478630023534697e-08,0,2
1093,1,2.7927545259496373e-06,600,11
1093,2,3.1720626430732094e-07,1200,21
1093,3,5.965408566751874e-06,1800,19
1093,4,0.00020016675095623903,2400,1
1093,5,0.9998335617896081,3000,0
1094,0,2.8752555539183948e-08,0,2
1094,1,2.7927545259496373e-06,600,11
1094,2,3.1720626430732094e-07,1200,20
1094,3,5.965408566751874e-06,1800,20
1094,4,0.00020016675095623903,2400,1
1094,5,0.9998747492669824,3000,0
1095,0,2.8931056914068955e-08,0,4
1095,1,2.7927545259496373e-06,600,17
1095,2,3.1720626430732094e-07,1200,19
1095,3,5.965408566751874e-06,1800,11
1095,4,0.00012176261763822551,2400,2
1095,5,0.9999124191275091,3000,0
1096,0,2.8931056914068955e-08,0,3
1096,1,2.7927545259496373e-06,600,18
1096,2,9.827976889021106e-07,1200,14
1096,3,5.965408566751874e-06,1800,17
1096,4,0.00012176261763822551,2400,2
1096,5,0.9998989278929619,3000,0
1097,0,2.8931056914068955e-08,0,1
1097,1,2.7927545259496373e-06,600,16
1097,2,6.614789542501315e-07,1200,22
1097,3,1.6673432588049567e-05,1800,14
1097,4,0.00012176261763822551,2400,1
1097,5,0.9998989278929619,3000,0
1098,0,2.8931056914068955e-08,0,2
1098,1,2.410964513437937e-06,600,10
1098,2,7.210803757522986e-07,1200,19
1098,3,1.6673432588049567e-05,1800,20
1098,4,0.00021536232493436246,2400,3
1098,5,0.9998989278929619,3000,0
1099,0,2.8931056914068955e-08,0,0
1099,1,2.410964513437937e-06,600,15
1099,2,7.210803757522986e-07,1200,27
1099,3,1.6673432588049567e-05,1800,11
1099,4,0.00014294054802529082,2400,0
1099,5,0.9998989278929619,3000,0
1100,0,2.8931056914068955e-08,0,3
1100,1,3.301333007798702e-06,600,19
1100,2,7.210803757522986e-07,1200,21
1100,3,1.6673432588049567e-05,1800,9
1100,4,0.0002259075165428879,2400,2
1100,5,0.9998679523813963,3000,0
1101,0,2.25215189548441e-08,0,2
1101,1,3.301333007798702e-06,600,10
1101,2,7.210803757522986e-07,1200,24
1101,3,1.3153405743715836e-05,1800,12
1101,4,0.0002259075165428879,2400,5
1101,5,0.9998839747097003,3000,0
1102,0,2.25215189548441e-08,0,2
1102,1,2.9637010169072506e-06,600,16
1102,2,4.896850455631633e-07,1200,22
1102,3,1.3153405743715836e-05,1800,13
1102,4,0.00011882544406833685,2400,1
1102,5,0.9998839747097003,3000,0
1103,0,2.5226996515732223e-08,0,3
1103,1,2.383740968651206e-06,600,21
1103,2,4.896850455631633e-07,1200,20
1103,3,1.624069573158223e-05,1800,8
1103,4,0.00011882544406833685,2400,1
1103,5,0.9999124363559709,3000,0
1104,0,3.488636629406434e-08,0,0
1104,1,2.383740968651206e-06,600,13
1104,2,4.896850455631633e-07,1200,21
1104,3,1.624069573158223e-05,1800,20
1104,4,0.00018933881380776398,2400,0
1104,5,0.9999174231540685,3000,0
1105,0,2.9272734435095554e-08,0,0
1105,1,2.383740968651206e-06,600,10
1105,2,1.572188999454543e-07,1200,30
1105,3,1.624069573158223e-05,1800,13
1105,4,0.00018933881380776398,2400,1
1105,5,0.9999174231540685,3000,0
1106,0,2.9272734435095554e-08,0,3
1106,1,4.234085363709887e-06,600,16
1106,2,1.37608802900898e-07,1200,19
1106,3,2.0820785674993327e-05,1800,15
1106,4,0.00018933881380776398,2400,0
1106,5,0.9999174231540685,3000,0
1107,0,2.9272734435095554e-08,0,3
1107,1,4.234085363709887e-06,600,13
1107,2,1.37608802900898e-07,1200,30
1107,3,2.0820785674993327e-05,1800,8
1107,4,0.0002623019720849913,2400,0
1107,5,0.9999264819709204,3000,0
1108,0,2.654589818542019e-08,0,1
1108,1,4.234085363709887e-06,600,16
1108,2,1.37608802900898e-07,1200,18
1108,3,2.673547309885991e-05,1800,14
1108,4,0.00022666389650027305,2400,5
1108,5,0.9999264819709204,3000,0
1109,0,2.654589818542019e-08,0,7
1109,1,4.234085363709887e-06,600,12
1109,2,1.37608802900898e-07,1200,18
1109,3,3.18404885839768e-05,1800,17
1109,4,0.00022666389650027305,2400,0
1109,5,0.9999264819709204,3000,0
1110,0,2.654589818542019e-08,0,2
1110,1,4.234085363709887e-06,600,18
1110,2,1.6227715425600189e-07,1200,20
1110,3,3.18404885839768e-05,1800,13
1110,4,7.772157258438886e-05,2400,1
1110,5,0.9999186443414815,3000,0
1111,0,2.654589818542019e-08,0,0
1111,1,4.234085363709887e-06,600,14
1111,2,1.8877463457596813e-07,1200,24
1111,3,3.18404885839768e-05,1800,14
1111,4,5.336292646130642e-05,2400,2
1111,5,0.9999186443414815,3000,0
1112,0,2.654589818542019e-08,0,1
1112,1,4.397929765077258e-06,600,13
1112,2,1.2245961129789494e-07,1200,23
1112,3,2.9817229385298776e-05,1800,15
1112,4,4.457832299277151e-05,2400,1
1112,5,0.9999186443414815,3000,0
1113,0,2.654589818542019e-08,0,1
1113,1,4.397929765077258e-06,600,21
1113,2,1.2245961129789494e-07,1200,19
1113,3,2.9817229385298776e-05,1800,12
1113,4,5.1883071505724645e-05,2400,1
1113,5,0.9999449198847772,3000,0
1114,0,2.654589818542019e-08,0,2
1114,1,4.397929765077258e-06,600,14
1114,2,3.3034091331573297e-07,1200,19
1114,3,2.9817229385298776e-05,1800,16
1114,4,5.1883071505724645e-05,2400,3
1114,5,0.9999366177344564,3000,0
1115,0,2.8960133102374846e-08,0,3
1115,1,5.182457526303584e-06,600,17
1115,2,2.0505888383380487e-07,1200,23
1115,3,2.9817229385298776e-05,1800,10
1115,4,3.334180096145867e-05,2400,1
1115,5,0.9999366177344564,3000,0
1116,0,2.8960133102374846e-08,0,5
1116,1,4.60681934841419e-06,600,12
1116,2,2.0505888383380487e-07,1200,20
1116,3,2.209648977121785e-05,1800,13
1116,4,3.334180096145867e-05,2400,3
1116,5,0.9999422423170291,3000,0
1117,0,1.0863396598654468e-08,0,5
1117,1,4.667168167688137e-06,600,15
1117,2,2.0505888383380487e-07,1200,20
1117,3,3.257692982512955e-05,1800,12
1117,4,3.334180096145867e-05,2400,2
1117,5,0.9999422423170291,3000,0
1118,0,1.0863396598654468e-08,0,4
1118,1,4.667168167688137e-06,600,15
1118,2,2.0505888383380487e-07,1200,24
1118,3,2.796436860813747e-05,1800,10
1118,4,5.6205376538343475e-05,2400,1
1118,5,0.9999415145562891,3000,0
1119,0,1.0863396598654468e-08,0,1
1119,1,3.7846356522026496e-06,600,15
1119,2,2.0505888383380487e-07,1200,25
1119,3,7.938439286684455e-05,1800,13
1119,4,5.6205376538343475e-05,2400,0
1119,5,0.9999415145562891,3000,0
1120,0,1.6416731599900955e-08,0,1
1120,1,5.978781064160482e-06,600,17
1120,2,2.0505888383380487e-07,1200,16
1120,3,7.938439286684455e-05,1800,20
1120,4,4.205100537028803e-05,2400,0
1120,5,0.9999415145562891,3000,0
1121,0,1.6416731599900955e-08,0,2
1121,1,7.136723985501865e-06,600,9
1121,2,2.3380325536686735e-07,1200,28
1121,3,7.938439286684455e-05,1800,14
1121,4,4.5238749877049584e-05,2400,0
1121,5,0.9999415145562891,3000,0
1122,0,1.6416731599900955e-08,0,1
1122,1,3.6131343812050877e-06,600,23
1122,2,2.3380325536686735e-07,1200,17
1122,3,0.00010027313735634744,1800,12
1122,4,4.5238749877049584e-05,2400,1
1122,5,0.9999415145562891,3000,0
1123,0,1.6416731599900955e-08,0,2
1123,1,3.6131343812050877e-06,600,14
1123,2,3.258532158737516e-07,1200,18
1123,3,0.00010964808746239977,1800,16
1123,4,4.5238749877049584e-05,2400,3
1123,5,0.9999415145562891,3000,1
1124,0,1.6416731599900955e-08,0,4
1124,1,3.6131343812050877e-06,600,15
1124,2,3.258532158737516e-07,1200,19
1124,3,0.00039335568880622193,1800,14
1124,4,5.835090307928018e-05,2400,2
1124,5,0.9999415145562891,3000,0
1125,0,1.2873101973859116e-08,0,1
1125,1,3.6131343812050877e-06,600,17
1125,2,3.258532158737516e-07,1200,18
1125,3,0.000508540218484373,1800,16
1125,4,5.6610355430603164e-05,2400,1
1125,5,0.9999415145562891,3000,0
1126,0,3.866943305290624e-08,0,1
1126,1,3.6131343812050877e-06,600,15
1126,2,3.258532158737516e-07,1200,20
1126,3,0.000508540218484373,1800,13
1126,4,5.6610355430603164e-05,2400,5
1126,5,0.9999272502340172,3000,0
1127,0,3.04814927393167e-08,0,1
1127,1,4.88005640979794e-06,600,14
1127,2,3.110979448002957e-07,1200,23
1127,3,0.000508540218484373,1800,14
1127,4,5.6610355430603164e-05,2400,2
1127,5,0.9999272502340172,3000,0
1128,0,3.04814927393167e-08,0,3
1128,1,4.88005640979794e-06,600,20
1128,2,1.7121434925180853e-07,1200,20
1128,3,0.000508540218484373,1800,9
1128,4,5.6610355430603164e-05,2400,1
1128,5,0.999975151227008,3000,0
1129,0,2.1070178865631087e-08,0,4
1129,1,2.954777627100973e-06,600,16
1129,2,1.7121434925180853e-07,1200,24
1129,3,0.0005195854703797128,1800,8
1129,4,5.6610355430603164e-05,2400,1
1129,5,0.999975151227008,3000,0
1130,0,3.515742061159326e-08,0,1
1130,1,1.8537125044989665e-06,600,18
1130,2,1.7121434925180853e-07,1200,16
1130,3,0.0004876993162192999,1800,16
1130,4,5.6610355430603164e-05,2400,3
1130,5,0.9999716450660612,3000,0
1131,0,3.515742061159326e-08,0,3
1131,1,3.0491841833936754e-06,600,12
1131,2,1.7121434925180853e-07,1200,21
1131,3,0.00018088341509159633,1800,16
1131,4,5.6610355430603164e-05,2400,1
1131,5,0.9999716450660612,3000,0
1132,0,3.515742061159326e-08,0,1
1132,1,5.222659255890148e-06,600,16
1132,2,1.7121434925180853e-07,1200,19
1132,3,0.00010151726794629365,1800,13
1132,4,5.6610355430603164e-05,2400,5
1132,5,0.999968175979157,3000,0
1133,0,3.515742061159326e-08,0,4
1133,1,9.446069645515525e-06,600,14
1133,2,1.4545950871460424e-07,1200,21
1133,3,0.00010151726794629365,1800,14
1133,4,5.6610355430603164e-05,2400,1
1133,5,0.999968175979157,3000,0
1134,0,3.515742061159326e-08,0,2
1134,1,2.1046651039218966e-05,600,17
1134,2,1.4545950871460424e-07,1200,19
1134,3,0.00010151726794629365,1800,16
1134,4,2.692660784929206e-05,2400,0
1134,5,0.999968175979157,3000,0
1135,0,3.6208796214526855e-08,0,3
1135,1,2.1046651039218966e-05,600,8
1135,2,1.26856204840451e-07,1200,26
1135,3,0.0001386378976907717,1800,17
1135,4,2.692660784929206e-05,2400,0
1135,5,0.9999623903792149,3000,0
1136,0,3.6208796214526855e-08,0,0
1136,1,2.1046651039218966e-05,600,16
1136,2,1.3971041827666373e-07,1200,23
1136,3,0.0001386378976907717,1800,14
1136,4,2.880198172597279e-05,2400,1
1136,5,0.9999623903792149,3000,0
1137,0,3.787551195197437e-08,0,2
1137,1,2.1046651039218966e-05,600,8
1137,2,2.577153142078025e-07,1200,20
1137,3,0.0001386378976907717,1800,22
1137,4,2.3174883416796996e-05,2400,2
1137,5,0.9999623903792149,3000,0
1138,0,2.213385281444562e-08,0,1
1138,1,2.1046651039218966e-05,600,15
1138,2,2.758731072822032e-07,1200,20
1138,3,0.0001386378976907717,1800,18
1138,4,3.5286348878655566e-05,2400,0
1138,5,0.9999623903792149,3000,0
1139,0,2.213385281444562e-08,0,3
1139,1,2.1046651039218966e-05,600,11
1139,2,3.099878113644765e-07,1200,23
1139,3,0.00011764444729099469,1800,15
1139,4,3.5286348878655566e-05,2400,2
1139,5,0.9999559978511081,3000,0
1140,0,1.5183538645625434e-08,0,1
1140,1,3.366394986882362e-05,600,15
1140,2,3.099878113644765e-07,1200,25
1140,3,8.175192556823863e-05,1800,11
1140,4,3.5286348878655566e-05,2400,2
1140,5,0.9999559978511081,3000,0
1141,0,1.5183538645625434e-08,0,3
1141,1,3.366394986882362e-05,600,6
1141,2,3.099878113644765e-07,1200,29
1141,3,4.8736540553696614e-05,1800,16
1141,4,4.017409934867696e-05,2400,0
1141,5,0.9999559978511081,3000,0
1142,0,1.5183538645625434e-08,0,1
1142,1,3.785612256956574e-05,600,16
1142,2,2.971006837889911e-07,1200,22
1142,3,4.8736540553696614e-05,1800,12
1142,4,4.017409934867696e-05,2400,3
1142,5,0.9999559978511081,3000,0
1143,0,1.5183538645625434e-08,0,3
1143,1,3.111577731859402e-05,600,16
1143,2,1.1880342762560903e-07,1200,20
1143,3,4.8736540553696614e-05,1800,15
1143,4,4.017409934867696e-05,2400,0
1143,5,0.9999559978511081,3000,0
1144,0,1.5183538645625434e-08,0,4
1144,1,4.854230174842541e-05,600,17
1144,2,9.60140478220749e-08,1200,13
1144,3,4.8736540553696614e-05,1800,15
1144,4,4.017409934867696e-05,2400,5
1144,5,0.9999481034557458,3000,0
1145,0,1.0329377311866798e-08,0,1
1145,1,4.0855733113332615e-05,600,15
1145,2,7.23521355062908e-08,1200,20
1145,3,6.400148653875183e-05,1800,16
1145,4,4.017409934867696e-05,2400,2
1145,5,0.9999481034557458,3000,0
1146,0,1.0329377311866798e-08,0,1
1146,1,4.715248644906109e-05,600,12
1146,2,7.23521355062908e-08,1200,30
1146,3,9.349390343621354e-05,1800,10
1146,4,4.017409934867696e-05,2400,1
1146,5,0.9999767323779604,3000,0
1147,0,1.7729393730554405e-08,0,2
1147,1,4.715248644906109e-05,600,11
1147,2,1.207697511715345e-07,1200,21
1147,3,9.349390343621354e-05,1800,20
1147,4,4.017409934867696e-05,2400,0
1147,5,0.9999767323779604,3000,0
1148,0,1.7729393730554405e-08,0,4
1148,1,7.56930360628966e-05,600,10
1148,2,1.207697511715345e-07,1200,23
1148,3,9.349390343621354e-05,1800,14
1148,4,3.803928905376768e-05,2400,2
1148,5,0.9999752870904905,3000,0
1149,0,7.050748235735469e-09,0,3
1149,1,7.56930360628966e-05,600,15
1149,2,1.207697511715345e-07,1200,23
1149,3,7.147557516231334e-05,1800,11
1149,4,4.738486756823356e-05,2400,2
1149,5,0.9999752870904905,3000,0
1150,0,7.050748235735469e-09,0,3
1150,1,7.56930360628966e-05,600,13
1150,2,1.207697511715345e-07,1200,22
1150,3,8.411966078393426e-05,1800,13
1150,4,4.738486756823356e-05,2400,3
1150,5,0.9999627162421645,3000,0
1151,0,4.269209325044278e-09,0,2
1151,1,8.883449323992435e-05,600,10
1151,2,1.207697511715345e-07,1200,19
1151,3,8.411966078393426e-05,1800,22
1151,4,3.0373357025220327e-05,2400,1
1151,5,0.9999627162421645,3000,0
1152,0,4.269209325044278e-09,0,1
1152,1,7.60798324015692e-05,600,15
1152,2,1.207697511715345e-07,1200,22
1152,3,8.411966078393426e-05,1800,15
1152,4,3.533760998720723e-05,2400,1
1152,5,0.9999439026475838,3000,0
1153,0,4.269209325044278e-09,0,2
1153,1,8.598959943446926e-05,600,11
1153,2,1.207697511715345e-07,1200,25
1153,3,8.411966078393426e-05,1800,14
1153,4,3.533760998720723e-05,2400,2
1153,5,0.9999689998520281,3000,0
1154,0,4.269209325044278e-09,0,4
1154,1,7.649815644727045e-05,600,17
1154,2,8.707475349053233e-08,1200,19
1154,3,0.00010313594005639573,1800,13
1154,4,3.533760998720723e-05,2400,1
1154,5,0.9999689998520281,3000,0
1155,0,4.269209325044278e-09,0,1
1155,1,0.00011462216935670062,600,15
1155,2,8.707475349053233e-08,1200,20
1155,3,0.00019724956533312025,1800,15
1155,4,3.533760998720723e-05,2400,3
1155,5,0.9999689998520281,3000,0
1156,0,4.269209325044278e-09,0,2
1156,1,8.153852717732646e-05,600,20
1156,2,8.461644145531547e-08,1200,21
1156,3,0.00018636608754261211,1800,9
1156,4,3.533760998720723e-05,2400,2
1156,5,0.9999661767177375,3000,0
1157,0,6.185807577550647e-09,0,1
1157,1,0.0003281154601167907,600,18
1157,2,8.461644145531547e-08,1200,22
1157,3,0.00018636608754261211,1800,13
1157,4,3.533760998720723e-05,2400,0
1157,5,0.9999661767177375,3000,0
1158,0,5.287816413251874e-09,0,0
1158,1,0.0006749178476979473,600,13
1158,2,8.461644145531547e-08,1200,29
1158,3,0.00018636608754261211,1800,10
1158,4,3.533760998720723e-05,2400,1
1158,5,0.9999659462838814,3000,0
1159,0,5.287816413251874e-09,0,2
1159,1,0.0006749178476979473,600,14
1159,2,6.73207475130081e-08,1200,16
1159,3,0.0002849297873385955,1800,19
1159,4,2.324720269874915e-05,2400,3
1159,5,0.9999659462838814,3000,0
1160,0,5.287816413251874e-09,0,1
1160,1,0.0011054741607489983,600,7
1160,2,5.903409176412463e-08,1200,30
1160,3,0.0002849297873385955,1800,15
1160,4,3.166050406405282e-05,2400,0
1160,5,0.9999659462838814,3000,0
1161,0,5.287816413251874e-09,0,1
1161,1,0.0011054741607489983,600,19
1161,2,5.903409176412463e-08,1200,18
1161,3,0.00034685733226151225,1800,15
1161,4,3.166050406405282e-05,2400,1
1161,5,0.9999659462838814,3000,0
1162,0,5.287816413251874e-09,0,1
1162,1,0.0011054741607489983,600,19
1162,2,6.74135623657024e-08,1200,17
1162,3,0.0003785979050012317,1800,11
1162,4,3.166050406405282e-05,2400,4
1162,5,0.9999625215197278,3000,0
1163,0,5.287816413251874e-09,0,0
1163,1,0.0011054741607489983,600,20
1163,2,5.2096388445899045e-08,1200,16
1163,3,0.0003785979050012317,1800,17
1163,4,4.633646883068266e-05,2400,1
1163,5,0.9999625215197278,3000,0
1164,0,5.287816413251874e-09,0,0
1164,1,0.0011054741607489983,600,14
1164,2,5.2096388445899045e-08,1200,26
1164,3,0.0006285017849032785,1800,12
1164,4,5.507447515329658e-05,2400,2
1164,5,0.9999811723320582,3000,0
1165,0,5.287816413251874e-09,0,1
1165,1,0.0015212934890826576,600,10
1165,2,5.2096388445899045e-08,1200,25
1165,3,0.0008865488685522806,1800,17
1165,4,5.507447515329658e-05,2400,1
1165,5,0.9999794535815097,3000,0
1166,0,5.287816413251874e-09,0,1
1166,1,0.0009010652879904894,600,11
1166,2,5.2096388445899045e-08,1200,25
1166,3,0.0008865488685522806,1800,14
1166,4,5.507447515329658e-05,2400,2
1166,5,0.9999357497379622,3000,0
1167,0,2.9125869778719467e-09,0,3
1167,1,0.0009010652879904894,600,17
1167,2,5.2096388445899045e-08,1200,18
1167,3,0.0008022399999057347,1800,15
1167,4,5.507447515329658e-05,2400,1
1167,5,0.9999357497379622,3000,0
1168,0,2.9125869778719467e-09,0,2
1168,1,0.0009010652879904894,600,17
1168,2,5.4556837412981847e-08,1200,19
1168,3,0.0008022399999057347,1800,15
1168,4,5.507447515329658e-05,2400,1
1168,5,0.9999564781581566,3000,0
1169,0,3.2486199453959196e-09,0,2
1169,1,0.0009708991148833002,600,14
1169,2,5.4556837412981847e-08,1200,22
1169,3,0.0008022399999057347,1800,16
1169,4,5.507447515329658e-05,2400,0
1169,5,0.9999244987303498,3000,0
1170,0,3.956557335582356e-09,0,1
1170,1,0.0009708991148833002,600,16
1170,2,5.4556837412981847e-08,1200,22
1170,3,0.002044847305781152,1800,7
1170,4,5.200371285928686e-05,2400,5
1170,5,0.9999244987303498,3000,0
1171,0,3.956557335582356e-09,0,3
1171,1,0.0009708991148833002,600,13
1171,2,2.8287226990267446e-08,1200,24
1171,3,0.002044847305781152,1800,12
1171,4,4.6672452555574575e-05,2400,2
1171,5,0.9998659549573418,3000,0
1172,0,2.956391478300083e-09,0,1
1172,1,0.000547375008319488,600,21
1172,2,1.7569087586558826e-08,1200,19
1172,3,0.002044847305781152,1800,12
1172,4,4.6672452555574575e-05,2400,0
1172,5,0.9998659549573418,3000,0
1173,0,1.2757011336855178e-09,0,3
1173,1,0.000547375008319488,600,13
1173,2,1.7569087586558826e-08,1200,20
1173,3,0.002044847305781152,1800,15
1173,4,6.941811679106859e-05,2400,1
1173,5,0.9998034699230185,3000,0
1174,0,1.2757011336855178e-09,0,4
1174,1,0.0005640365364303815,600,11
1174,2,1.4664011249233338e-08,1200,18
1174,3,0.002044847305781152,1800,15
1174,4,6.941811679106859e-05,2400,5
1174,5,0.9994919033180271,3000,0
1175,0,1.2757011336855178e-09,0,1
1175,1,0.0005640365364303815,600,15
1175,2,1.3334592150236615e-08,1200,21
1175,3,0.002044847305781152,1800,15
1175,4,6.941811679106859e-05,2400,2
1175,5,0.9995389865740153,3000,0
1176,0,1.2757011336855178e-09,0,2
1176,1,0.0005640365364303815,600,14
1176,2,1.3334592150236615e-08,1200,21
1176,3,0.0007470760942104197,1800,16
1176,4,6.941811679106859e-05,2400,1
1176,5,0.9995519806570589,3000,0
1177,0,1.2757011336855178e-09,0,0
1177,1,0.0007151860915543548,600,8
1177,2,1.3334592150236615e-08,1200,25
1177,3,0.000653962788961449,1800,16
1177,4,6.941811679106859e-05,2400,5
1177,5,0.9997895785818507,3000,0
1178,0,1.392687929019729e-09,0,1
1178,1,0.0007151860915543548,600,18
1178,2,1.3334592150236615e-08,1200,16
1178,3,0.000653962788961449,1800,17
1178,4,5.288280766220652e-05,2400,2
1178,5,0.9997895785818507,3000,0
1179,0,1.392687929019729e-09,0,1
1179,1,0.0007151860915543548,600,12
1179,2,2.9107332338031636e-08,1200,21
1179,3,0.0005089662664062095,1800,19
1179,4,5.774273582626083e-05,2400,1
1179,5,0.9997895785818507,3000,0
1180,0,1.392687929019729e-09,0,2
1180,1,0.0007151860915543548,600,17
1180,2,2.9107332338031636e-08,1200,21
1180,3,0.0007130244256968015,1800,11
1180,4,5.774273582626083e-05,2400,3
1180,5,0.9997506314462283,3000,0
1181,0,1.392687929019729e-09,0,5
1181,1,0.0006535770299601439,600,22
1181,2,2.3971315308614163e-08,1200,13
1181,3,0.0007130244256968015,1800,13
1181,4,5.774273582626083e-05,2400,0
1181,5,0.9996334250028371,3000,0
1182,0,1.53032931969968e-09,0,2
1182,1,0.0006248285476792531,600,20
1182,2,2.3971315308614163e-08,1200,23
1182,3,0.0007130244256968015,1800,7
1182,4,2.4908512346182565e-05,2400,1
1182,5,0.9996334250028371,3000,0
1183,0,1.6000111440540724e-09,0,0
1183,1,0.0006248285476792531,600,10
1183,2,2.3971315308614163e-08,1200,29
1183,3,0.0007000839105106848,1800,15
1183,4,2.4908512346182565e-05,2400,0
1183,5,0.9996334250028371,3000,0
1184,0,1.7517906075284195e-09,0,0
1184,1,0.0006248285476792531,600,15
1184,2,2.3971315308614163e-08,1200,22
1184,3,0.0007000839105106848,1800,17
1184,4,7.30619638042543e-06,2400,0
1184,5,0.9996334250028371,3000,0
1185,0,1.7517906075284195e-09,0,1
1185,1,0.0007608345299736235,600,18
1185,2,3.66241775223732e-08,1200,21
1185,3,0.0007000839105106848,1800,11
1185,4,7.30619638042543e-06,2400,3
1185,5,0.9996334250028371,3000,0
1186,0,1.7517906075284195e-09,0,1
1186,1,0.0007608345299736235,600,19
1186,2,2.9235543959849554e-08,1200,19
1186,3,0.0007000839105106848,1800,14
1186,4,1.5315572701275046e-05,2400,1
1186,5,0.9997652288140922,3000,0
1187,0,1.7517906075284195e-09,0,2
1187,1,0.0007608345299736235,600,13
1187,2,2.9235543959849554e-08,1200,24
1187,3,0.0006149332745656412,1800,13
1187,4,1.5315572701275046e-05,2400,2
1187,5,0.999683292271571,3000,0
1188,0,1.3513597334505786e-09,0,3
1188,1,0.0007608345299736235,600,10
1188,2,2.9235543959849554e-08,1200,22
1188,3,0.0005812734650706578,1800,18
1188,4,1.5315572701275046e-05,2400,1
1188,5,0.9997871886769275,3000,0
1189,0,1.3513597334505786e-09,0,2
1189,1,0.0007608345299736235,600,20
1189,2,2.9235543959849554e-08,1200,19
1189,3,0.0006743366073743382,1800,10
1189,4,1.82186807069849e-05,2400,3
1189,5,0.9997871886769275,3000,0
1190,0,1.3513597334505786e-09,0,3
1190,1,0.0004009568023016247,600,18
1190,2,2.9235543959849554e-08,1200,17
1190,3,0.0006743366073743382,1800,14
1190,4,1.82186807069849e-05,2400,2
1190,5,0.9998967288885955,3000,0
1191,0,1.3513597334505786e-09,0,1
1191,1,0.0004009568023016247,600,13
1191,2,1.9181495805114224e-08,1200,22
1191,3,0.0006743366073743382,1800,17
1191,4,1.7803927084239545e-05,2400,1
1191,5,0.9998421952289632,3000,0
1192,0,1.3513597334505786e-09,0,5
1192,1,0.0005151783850460413,600,13
1192,2,7.471849989613226e-09,1200,18
1192,3,0.0008835114182757304,1800,15
1192,4,1.5739520347070458e-05,2400,2
1192,5,0.9998421952289632,3000,0
1193,0,1.3513597334505786e-09,0,1
1193,1,0.0005151783850460413,600,6
1193,2,7.471849989613226e-09,1200,26
1193,3,0.00045491324656510567,1800,17
1193,4,1.551993266938612e-05,2400,2
1193,5,0.9998460096769581,3000,0
1194,0,1.9624106477910632e-09,0,0
1194,1,0.00022996700634580295,600,10
1194,2,1.1051824796830117e-08,1200,29
1194,3,0.00045491324656510567,1800,14
1194,4,1.551993266938612e-05,2400,1
1194,5,0.9998460096769581,3000,0
1195,0,1.0087513255876395e-09,0,2
1195,1,0.00022996700634580295,600,16
1195,2,1.3411517821930677e-08,1200,22
1195,3,0.0006405317816281949,1800,11
1195,4,1.551993266938612e-05,2400,3
1195,5,0.9998460096769581,3000,0
1196,0,1.0156047689062646e-09,0,4
1196,1,0.00018856715517267378,600,15
1196,2,4.204710507128571e-09,1200,19
1196,3,0.0006405317816281949,1800,15
1196,4,1.551993266938612e-05,2400,1
1196,5,0.9998460096769581,3000,0
1197,0,8.026810058804219e-10,0,0
1197,1,0.0003784481143920342,600,8
1197,2,5.034828091946014e-09,1200,23
1197,3,0.0007688522454126253,1800,22
1197,4,1.551993266938612e-05,2400,1
1197,5,0.9998460096769581,3000,0
1198,0,8.026810058804219e-10,0,0
1198,1,0.00034383978010360804,600,15
1198,2,4.346491949819686e-09,1200,25
1198,3,0.0007688522454126253,1800,12
1198,4,1.826645165976685e-05,2400,2
1198,5,0.9998460096769581,3000,0
1199,0,8.026810058804219e-10,0,1
1199,1,0.0005030019947709907,600,13
1199,2,4.346491949819686e-09,1200,25
1199,3,0.0007688522454126253,1800,14
1199,4,1.826645165976685e-05,2400,1
1199,5,0.9998460096769581,3000,0
1200,0,8.303636285455364e-10,0,1
1200,1,0.0005030019947709907,600,14
1200,2,4.346491949819686e-09,1200,27
1200,3,0.0005674360643938759,1800,11
1200,4,1.826645165976685e-05,2400,1
1200,5,0.9998410772768398,3000,0
1201,0,8.303636285455364e-10,0,2
1201,1,0.0003909198036637324,600,14
1201,2,3.490910783794269e-09,1200,21
1201,3,0.0005674360643938759,1800,16
1201,4,1.826645165976685e-05,2400,1
1201,5,0.9998726569977411,3000,0
1202,0,8.303636285455364e-10,0,1
1202,1,0.0003909198036637324,600,9
1202,2,3.490910783794269e-09,1200,28
1202,3,0.0004829941766009076,1800,13
1202,4,1.826645165976685e-05,2400,2
1202,5,0.9997463473648291,3000,0
1203,0,8.303636285455364e-10,0,1
1203,1,0.0003909198036637324,600,17
1203,2,3.490910783794269e-09,1200,21
1203,3,0.0004829941766009076,1800,15
1203,4,1.826645165976685e-05,2400,0
1203,5,0.9993047705918537,3000,0
1204,0,8.445570630249986e-10,0,1
1204,1,0.0004904731599209083,600,13
1204,2,3.2723002067276535e-09,1200,26
1204,3,0.0005954805811437315,1800,13
1204,4,2.379550257951362e-05,2400,1
1204,5,0.9993047705918537,3000,0
1205,0,8.445570630249986e-10,0,0
1205,1,0.00035736004222468456,600,12
1205,2,4.483651429455128e-09,1200,27
1205,3,0.00041967026826254274,1800,14
1205,4,2.379550257951362e-05,2400,1
1205,5,0.9993047705918537,3000,0
1206,0,1.0839889102395592e-09,0,0
1206,1,0.0003607776383207419,600,19
1206,2,4.483651429455128e-09,1200,16
1206,3,0.00041967026826254274,1800,18
1206,4,1.592573077486719e-05,2400,0
1206,5,0.9993047705918537,3000,1
1207,0,1.0839889102395592e-09,0,0
1207,1,0.0006767933429805985,600,16
1207,2,2.9348986858870297e-09,1200,17
1207,3,0.00041967026826254274,1800,18
1207,4,1.7199519550266903e-05,2400,3
1207,5,0.9993047705918537,3000,0
1208,0,1.0839889102395592e-09,0,1
1208,1,0.0006572357859343271,600,13
1208,2,1.7817449186263401e-09,1200,23
1208,3,0.00041967026826254274,1800,17
1208,4,1.7199519550266903e-05,2400,0
1208,5,0.9993047705918537,3000,0
1209,0,1.0839889102395592e-09,0,1
1209,1,0.0006572357859343271,600,16
1209,2,1.7817449186263401e-09,1200,22
1209,3,0.00026537057125987416,1800,13
1209,4,1.7199519550266903e-05,2400,2
1209,5,0.9991027332734056,3000,0
1210,0,1.0839889102395592e-09,0,0
1210,1,0.0006572357859343271,600,19
1210,2,1.7817449186263401e-09,1200,12
1210,3,0.0002143820330050234,1800,20
1210,4,1.7199519550266903e-05,2400,3
1210,5,0.9983774001044489,3000,0
1211,0,1.0839889102395592e-09,0,1
1211,1,0.0006572357859343271,600,24
1211,2,1.7817449186263401e-09,1200,19
1211,3,0.0002143820330050234,1800,9
1211,4,3.713181396587228e-05,2400,1
1211,5,0.9970878772845162,3000,0
1212,0,1.0839889102395592e-09,0,0
1212,1,0.0006524833177594736,600,12
1212,2,1.7817449186263401e-09,1200,23
1212,3,0.00024939446348851466,1800,14
1212,4,3.713181396587228e-05,2400,4
1212,5,0.9944857900260997,3000,0
1213,0,1.0839889102395592e-09,0,2
1213,1,0.0006524833177594736,600,10
1213,2,5.660865063530923e-09,1200,25
1213,3,0.0002092225137725774,1800,14
1213,4,3.066328350669022e-05,2400,3
1213,5,0.9944857900260997,3000,0
1214,0,1.0839889102395592e-09,0,2
1214,1,0.0006524833177594736,600,13
1214,2,6.7350265023289566e-09,1200,22
1214,3,7.062240445840526e-05,1800,11
1214,4,3.066328350669022e-05,2400,4
1214,5,0.9944857900260997,3000,1
1215,0,1.0839889102395592e-09,0,1
1215,1,0.0006524833177594736,600,16
1215,2,1.0972572182581356e-08,1200,18
1215,3,7.062240445840526e-05,1800,16
1215,4,4.0904972970103865e-05,2400,2
1215,5,0.9934321026849716,3000,1
1216,0,1.6278309090861225e-09,0,3
1216,1,0.0011359783182391286,600,8
1216,2,7.503488361963317e-09,1200,27
1216,3,7.062240445840526e-05,1800,12
1216,4,4.0904972970103865e-05,2400,0
1216,5,0.9934321026849716,3000,3
1217,0,1.6278309090861225e-09,0,2
1217,1,0.001896485564893017,600,11
1217,2,7.503488361963317e-09,1200,21
1217,3,8.084077588968234e-05,1800,18
1217,4,5.031966200415796e-05,2400,0
1217,5,0.9934321026849716,3000,2
1218,0,4.044334732330099e-09,0,1
1218,1,0.0020842771915594188,600,20
1218,2,7.503488361963317e-09,1200,18
1218,3,8.084077588968234e-05,1800,10
1218,4,5.031966200415796e-05,2400,3
1218,5,0.9934321026849716,3000,2
1219,0,3.746115753210481e-09,0,1
1219,1,0.0020842771915594188,600,14
1219,2,7.503488361963317e-09,1200,22
1219,3,8.084077588968234e-05,1800,16
1219,4,4.714612107078052e-05,2400,0
1219,5,0.9914184864829718,3000,1
1220,0,3.746115753210481e-09,0,2
1220,1,0.0006959857018979674,600,18
1220,2,7.0721171989676866e-09,1200,16
1220,3,8.084077588968234e-05,1800,15
1220,4,4.2595865748173564e-05,2400,2
1220,5,0.9914184864829718,3000,1
1221,0,3.746115753210481e-09,0,3
1221,1,0.0004391029381316946,600,10
1221,2,7.0721171989676866e-09,1200,17
1221,3,6.356244293560223e-05,1800,20
1221,4,2.7255547038521678e-05,2400,2
1221,5,0.9914184864829718,3000,2
1222,0,3.473127297643534e-09,0,0
1222,1,0.0010416104344757877,600,12
1222,2,7.0721171989676866e-09,1200,23
1222,3,6.356244293560223e-05,1800,17
1222,4,2.7255547038521678e-05,2400,2
1222,5,0.9914184864829718,3000,0
1223,0,4.848841205225527e-09,0,3
1223,1,0.0006188490288592499,600,13
1223,2,7.0721171989676866e-09,1200,25
1223,3,6.356244293560223e-05,1800,9
1223,4,2.657154270161429e-05,2400,2
1223,5,0.9914184864829718,3000,2
1224,0,4.848841205225527e-09,0,1
1224,1,0.0005914055804416423,600,12
1224,2,1.610964357258904e-08,1200,24
1224,3,5.951295807204316e-05,1800,13
1224,4,2.657154270161429e-05,2400,2
1224,5,0.9915128252567523,3000,2
1225,0,4.848841205225527e-09,0,2
1225,1,0.0015970895588402888,600,18
1225,2,1.610964357258904e-08,1200,20
1225,3,5.951295807204316e-05,1800,10
1225,4,2.657154270161429e-05,2400,3
1225,5,0.9915528243377972,3000,0
1226,0,6.760963694079262e-09,0,3
1226,1,0.00102380475046972,600,12
1226,2,1.610964357258904e-08,1200,22
1226,3,5.951295807204316e-05,1800,15
1226,4,2.657154270161429e-05,2400,1
1226,5,0.9876724322079206,3000,1
1227,0,6.760963694079262e-09,0,1
1227,1,0.00102380475046972,600,10
1227,2,2.083581288595794e-08,1200,25
1227,3,5.951295807204316e-05,1800,14
1227,4,1.4815054468857536e-05,2400,3
1227,5,0.991863264424477,3000,1
1228,0,6.760963694079262e-09,0,3
1228,1,0.0011323984227380726,600,14
1228,2,1.1909967015954525e-08,1200,19
1228,3,5.951295807204316e-05,1800,16
1228,4,1.007314405081355e-05,2400,1
1228,5,0.991863264424477,3000,1
1229,0,6.760963694079262e-09,0,3
1229,1,0.0011323984227380726,600,19
1229,2,2.2563491588929302e-08,1200,17
1229,3,4.899196188093957e-05,1800,11
1229,4,1.142313495282247e-05,2400,4
1229,5,0.9944057710777776,3000,0
1230,0,7.014353285483693e-09,0,3
1230,1,0.0011323984227380726,600,12
1230,2,1.8965269187078434e-08,1200,21
1230,3,4.899196188093957e-05,1800,15
1230,4,1.142313495282247e-05,2400,3
1230,5,0.9944057710777776,3000,0
1231,0,7.014353285483693e-09,0,3
1231,1,0.0011323984227380726,600,10
1231,2,1.8965269187078434e-08,1200,23
1231,3,4.899196188093957e-05,1800,12
1231,4,1.06892928846751e-05,2400,2
1231,5,0.9854680969096052,3000,4
1232,0,7.014353285483693e-09,0,2
1232,1,0.0011323984227380726,600,12
1232,2,1.5657153895964524e-08,1200,15
1232,3,4.899196188093957e-05,1800,17
1232,4,1.06892928846751e-05,2400,1
1232,5,0.9719983046425841,3000,7
1233,0,7.181907414509835e-09,0,4
1233,1,0.0011323984227380726,600,15
1233,2,2.3404923860838422e-08,1200,19
1233,3,8.219472562394925e-05,1800,8
1233,4,1.06892928846751e-05,2400,5
1233,5,0.9719983046425841,3000,3
1234,0,7.181907414509835e-09,0,1
1234,1,0.00043813675155382015,600,16
1234,2,2.2259563986683023e-08,1200,13
1234,3,8.219472562394925e-05,1800,16
1234,4,1.06892928846751e-05,2400,2
1234,5,0.9851628441192621,3000,5
1235,0,9.00894798393197e-09,0,1
1235,1,0.00043813675155382015,600,15
1235,2,1.5054904897050975e-08,1200,23
1235,3,9.980490074205879e-05,1800,13
1235,4,1.06892928846751e-05,2400,0
1235,5,0.9870831426492613,3000,2
1236,0,6.517085579542127e-09,0,2
1236,1,0.0004375171803015351,600,15
1236,2,1.5054904897050975e-08,1200,23
1236,3,9.980490074205879e-05,1800,9
1236,4,1.06892928846751e-05,2400,0
1236,5,0.9915694376316041,3000,5
1237,0,3.909050015181047e-09,0,3
1237,1,0.000428754019353938,600,12
1237,2,1.5054904897050975e-08,1200,19
1237,3,9.980490074205879e-05,1800,18
1237,4,1.06892928846751e-05,2400,0
1237,5,0.9915694376316041,3000,2
1238,0,3.8305382441267105e-09,0,1
1238,1,0.000428754019353938,600,10
1238,2,1.5054904897050975e-08,1200,28
1238,3,9.980490074205879e-05,1800,14
1238,4,2.1039599982297138e-05,2400,1
1238,5,0.9940983034780195,3000,0
1239,0,5.212444551417768e-09,0,1
1239,1,0.00040481824655873316,600,18
1239,2,1.5054904897050975e-08,1200,19
1239,3,0.00012072777029820871,1800,10
1239,4,2.1039599982297138e-05,2400,2
1239,5,0.9940983034780195,3000,2
1240,0,5.212444551417768e-09,0,4
1240,1,0.00040481824655873316,600,13
1240,2,2.7924975061323262e-08,1200,18
1240,3,0.00012072777029820871,1800,18
1240,4,2.1039599982297138e-05,2400,1
1240,5,0.9943275291968547,3000,0
1241,0,1.3621856884221626e-09,0,2
1241,1,0.00040481824655873316,600,7
1241,2,2.7924975061323262e-08,1200,18
1241,3,0.00012072777029820871,1800,22
1241,4,1.7849370582294572e-05,2400,1
1241,5,0.9943275291968547,3000,3
1242,0,1.3621856884221626e-09,0,2
1242,1,0.00040481824655873316,600,14
1242,2,2.7924975061323262e-08,1200,20
1242,3,0.00015661533783154676,1800,17
1242,4,2.725873047980195e-05,2400,1
1242,5,0.9943275291968547,3000,0
1243,0,1.3621856884221626e-09,0,1
1243,1,0.0004324559940889494,600,10
1243,2,3.840251058942824e-08,1200,24
1243,3,0.00027897177654814706,1800,14
1243,4,2.725873047980195e-05,2400,4
1243,5,0.9950678162685307,3000,1
1244,0,1.3621856884221626e-09,0,2
1244,1,0.00031395315747235623,600,20
1244,2,3.840251058942824e-08,1200,19
1244,3,0.0002422544510034073,1800,8
1244,4,2.725873047980195e-05,2400,4
1244,5,0.9954913589062582,3000,1
1245,0,1.3621856884221626e-09,0,0
1245,1,0.0004058170443892388,600,15
1245,2,4.464141137228343e-08,1200,21
1245,3,0.00039470446545993265,1800,15
1245,4,2.725873047980195e-05,2400,3
1245,5,0.9954913589062582,3000,0
1246,0,1.2254432439948252e-09,0,4
1246,1,0.00024511382655864497,600,9
1246,2,3.768393357312003e-08,1200,23
1246,3,0.00039470446545993265,1800,17
1246,4,2.9107449058575584e-05,2400,1
1246,5,0.9954913589062582,3000,0
1247,0,1.883235853403268e-09,0,2
1247,1,0.00019615948929775846,600,13
1247,2,3.768393357312003e-08,1200,16
1247,3,0.00039470446545993265,1800,19
1247,4,2.9107449058575584e-05,2400,2
1247,5,0.9968919292777016,3000,2
1248,0,5.7582424848203595e-09,0,0
1248,1,0.00019615948929775846,600,18
1248,2,3.768393357312003e-08,1200,17
1248,3,0.00024930552914587394,1800,16
1248,4,2.9107449058575584e-05,2400,2
1248,5,0.9968919292777016,3000,1
1249,0,5.7582424848203595e-09,0,0
1249,1,0.00012651360543343353,600,10
1249,2,3.768393357312003e-08,1200,30
1249,3,0.00024930552914587394,1800,12
1249,4,2.366028243504563e-05,2400,1
1249,5,0.9957246682468861,3000,1
1250,0,5.7582424848203595e-09,0,0
1250,1,0.00017883735715702094,600,10
1250,2,3.768393357312003e-08,1200,25
1250,3,0.00025336590428341786,1800,14
1250,4,6.889892786221994e-05,2400,1
1250,5,0.9957246682468861,3000,2
1251,0,3.567157797087228e-09,0,1
1251,1,0.00016557515194704704,600,16
1251,2,4.4929733103795533e-08,1200,24
1251,3,0.00025336590428341786,1800,10
1251,4,6.889892786221994e-05,2400,1
1251,5,0.9957246682468861,3000,1
1252,0,4.246095093629004e-09,0,0
1252,1,0.00016557515194704704,600,23
1252,2,3.923965355369708e-08,1200,18
1252,3,0.0003454106302841748,1800,10
1252,4,6.960664673615097e-05,2400,2
1252,5,0.9957246682468861,3000,1
1253,0,4.246095093629004e-09,0,2
1253,1,0.00016557515194704704,600,13
1253,2,7.492256482051561e-08,1200,26
1253,3,0.0003454106302841748,1800,11
1253,4,6.960664673615097e-05,2400,0
1253,5,0.9957246682468861,3000,2
1254,0,4.246095093629004e-09,0,2
1254,1,0.00011648390388466528,600,13
1254,2,7.492256482051561e-08,1200,20
1254,3,0.0009300688062186676,1800,15
1254,4,6.960664673615097e-05,2400,3
1254,5,0.9957246682468861,3000,1
1255,0,5.465930297797328e-09,0,4
1255,1,0.00011648390388466528,600,16
1255,2,6.631589913963568e-08,1200,22
1255,3,0.0008745367982109242,1800,8
1255,4,7.485682881569257e-05,2400,4
1255,5,0.9957246682468861,3000,0
1256,0,8.887437344056823e-09,0,2
1256,1,0.00011648390388466528,600,15
1256,2,7.432734469346594e-08,1200,21
1256,3,0.0008745367982109242,1800,14
1256,4,4.7475181235146e-05,2400,1
1256,5,0.9957246682468861,3000,1
1257,0,8.887437344056823e-09,0,4
1257,1,7.101119273365724e-05,600,8
1257,2,7.432734469346594e-08,1200,19
1257,3,0.0009116496155998584,1800,15
1257,4,4.7475181235146e-05,2400,6
1257,5,0.9880795581773539,3000,2
1258,0,2.0268034700728438e-08,0,1
1258,1,7.101119273365724e-05,600,16
1258,2,1.4710871876101758e-07,1200,20
1258,3,0.0009116496155998584,1800,16
1258,4,4.7475181235146e-05,2400,1
1258,5,0.9880795581773539,3000,0
1259,0,2.0268034700728438e-08,0,0
1259,1,3.899422760415075e-05,600,17
1259,2,1.4710871876101758e-07,1200,20
1259,3,0.001148400497619742,1800,13
1259,4,5.7734086523880074e-05,2400,2
1259,5,0.9878634086617303,3000,2
1260,0,2.0268034700728438e-08,0,2
1260,1,4.0170557586530634e-05,600,15
1260,2,1.4710871876101758e-07,1200,19
1260,3,0.0012675189239963651,1800,17
1260,4,5.7734086523880074e-05,2400,1
1260,5,0.9823456036546852,3000,0
1261,0,2.0268034700728438e-08,0,2
1261,1,4.0170557586530634e-05,600,8
1261,2,1.4710871876101758e-07,1200,27
1261,3,0.0012675189239963651,1800,14
1261,4,1.483623744168543e-05,2400,1
1261,5,0.9854153701764853,3000,2
1262,0,1.2876733688486547e-08,0,1
1262,1,4.0170557586530634e-05,600,17
1262,2,8.452436839238919e-08,1200,16
1262,3,0.0012675189239963651,1800,18
1262,4,1.483623744168543e-05,2400,1
1262,5,0.9854153701764853,3000,1
1263,0,1.4091195027671259e-08,0,4
1263,1,4.0170557586530634e-05,600,11
1263,2,8.452436839238919e-08,1200,17
1263,3,0.0012675189239963651,1800,17
1263,4,2.092171906408824e-05,2400,1
1263,5,0.9781149727174748,3000,4
1264,0,7.213709471649815e-09,0,0
1264,1,7.329132460690314e-05,600,14
1264,2,8.452436839238919e-08,1200,23
1264,3,0.0012675189239963651,1800,11
1264,4,2.5002651886242122e-05,2400,2
1264,5,0.9781149727174748,3000,3
1265,0,7.213709471649815e-09,0,5
1265,1,5.96092732841818e-05,600,16
1265,2,8.452436839238919e-08,1200,15
1265,3,0.0012675189239963651,1800,14
1265,4,3.12145617053933e-05,2400,3
1265,5,0.9781149727174748,3000,1
1266,0,1.3136263880244e-08,0,2
1266,1,5.96092732841818e-05,600,8
1266,2,8.452436839238919e-08,1200,26
1266,3,0.0016864022534329886,1800,14
1266,4,3.12145617053933e-05,2400,0
1266,5,0.9781149727174748,3000,4
1267,0,1.6507429806524395e-08,0,2
1267,1,5.96092732841818e-05,600,9
1267,2,8.255034246448284e-08,1200,25
1267,3,0.0016864022534329886,1800,13
1267,4,2.692682454423043e-05,2400,2
1267,5,0.9781149727174748,3000,3
1268,0,1.6507429806524395e-08,0,1
1268,1,7.918023228012344e-05,600,9
1268,2,1.0550886729781724e-07,1200,21
1268,3,0.0016864022534329886,1800,18
1268,4,2.692682454423043e-05,2400,1
1268,5,0.9772432022651565,3000,3
1269,0,8.211374577418992e-09,0,2
1269,1,7.918023228012344e-05,600,13
1269,2,1.0550886729781724e-07,1200,27
1269,3,0.0006821347905432093,1800,8
1269,4,2.692682454423043e-05,2400,1
1269,5,0.9772527295227832,3000,3
1270,0,8.211374577418992e-09,0,1
1270,1,7.918023228012344e-05,600,13
1270,2,3.540627033347429e-08,1200,21
1270,3,0.0008021896332666998,1800,15
1270,4,2.692682454423043e-05,2400,1
1270,5,0.9772527295227832,3000,3
1271,0,5.223489472770067e-09,0,2
1271,1,7.918023228012344e-05,600,20
1271,2,3.540627033347429e-08,1200,19
1271,3,0.0008021896332666998,1800,9
1271,4,1.9211312577823755e-05,2400,1
1271,5,0.9847755657020005,3000,3
1272,0,5.223489472770067e-09,0,1
1272,1,7.918023228012344e-05,600,16
1272,2,3.540627033347429e-08,1200,21
1272,3,0.0005135478287939114,1800,12
1272,4,2.9813268741238573e-05,2400,0
1272,5,0.9847755657020005,3000,4
1273,0,5.223489472770067e-09,0,4
1273,1,8.768902454848051e-05,600,11
1273,2,3.540627033347429e-08,1200,15
1273,3,0.0011283122071724318,1800,13
1273,4,2.9813268741238573e-05,2400,5
1273,5,0.979151421504403,3000,6
1274,0,5.223489472770067e-09,0,2
1274,1,8.768902454848051e-05,600,16
1274,2,3.540627033347429e-08,1200,16
1274,3,0.000876028210232514,1800,16
1274,4,2.9813268741238573e-05,2400,0
1274,5,0.9798460179992521,3000,4
1275,0,1.731963752141725e-08,0,2
1275,1,8.768902454848051e-05,600,11
1275,2,3.540627033347429e-08,1200,22
1275,3,0.000876028210232514,1800,13
1275,4,5.302393693575527e-05,2400,2
1275,5,0.9798460179992521,3000,4
1276,0,1.731963752141725e-08,0,2
1276,1,4.996505832803551e-05,600,15
1276,2,3.021678623406883e-08,1200,21
1276,3,0.000876028210232514,1800,11
1276,4,5.302393693575527e-05,2400,2
1276,5,0.9754845292483121,3000,3
1277,0,1.731963752141725e-08,0,1
1277,1,3.808864860158936e-05,600,18
1277,2,5.4185779996121816e-08,1200,18
1277,3,0.000876028210232514,1800,11
1277,4,6.508616923563381e-05,2400,1
1277,5,0.9754845292483121,3000,4
1278,0,1.3685225707376326e-08,0,2
1278,1,3.808864860158936e-05,600,18
1278,2,5.4185779996121816e-08,1200,14
1278,3,0.0008466912441229428,1800,16
1278,4,6.508616923563381e-05,2400,2
1278,5,0.9762741556125433,3000,2
1279,0,1.3685225707376326e-08,0,2
1279,1,2.2412619693965957e-05,600,17
1279,2,5.7383819375767716e-08,1200,26
1279,3,0.0008466912441229428,1800,7
1279,4,4.376135348284775e-05,2400,1
1279,5,0.9762741556125433,3000,0
1280,0,1.3685225707376326e-08,0,5
1280,1,2.2412619693965957e-05,600,16
1280,2,7.416590103875637e-08,1200,12
1280,3,0.0006875945321410458,1800,19
1280,4,6.463813892983328e-05,2400,0
1280,5,0.9762741556125433,3000,2
1281,0,1.3685225707376326e-08,0,0
1281,1,2.2412619693965957e-05,600,12
1281,2,7.416590103875637e-08,1200,19
1281,3,0.0006875945321410458,1800,17
1281,4,4.869532029544169e-05,2400,2
1281,5,0.9719328427784161,3000,4
1282,0,1.3685225707376326e-08,0,2
1282,1,2.1036675960998194e-05,600,15
1282,2,7.416590103875637e-08,1200,16
1282,3,0.00048058712052156645,1800,17
1282,4,4.4439644894000634e-05,2400,2
1282,5,0.9719328427784161,3000,2
1283,0,1.3685225707376326e-08,0,4
1283,1,2.1036675960998194e-05,600,12
1283,2,5.8902135719989136e-08,1200,16
1283,3,0.0018103475398008112,1800,20
1283,4,4.4439644894000634e-05,2400,1
1283,5,0.9719328427784161,3000,1
1284,0,1.735175559312423e-08,0,2
1284,1,2.1036675960998194e-05,600,14
1284,2,5.8902135719989136e-08,1200,19
1284,3,0.0018103475398008112,1800,12
1284,4,6.121638301039466e-05,2400,0
1284,5,0.9420790345550131,3000,7
1285,0,1.735175559312423e-08,0,2
1285,1,2.1036675960998194e-05,600,11
1285,2,5.8902135719989136e-08,1200,17
1285,3,0.0018103475398008112,1800,14
1285,4,6.121638301039466e-05,2400,2
1285,5,0.9230941762103855,3000,8
1286,0,2.0816058668466402e-08,0,0
1286,1,1.719912131273209e-05,600,12
1286,2,7.083814699334499e-08,1200,16
1286,3,0.0018103475398008112,1800,20
1286,4,6.121638301039466e-05,2400,1
1286,5,0.9326785437493116,3000,5
1287,0,1.6365486382295206e-08,0,1
1287,1,1.719912131273209e-05,600,14
1287,2,4.357708287315237e-08,1200,15
1287,3,0.0018103475398008112,1800,16
1287,4,6.121638301039466e-05,2400,0
1287,5,0.9326785437493116,3000,8
1288,0,1.6365486382295206e-08,0,1
1288,1,1.719912131273209e-05,600,13
1288,2,4.357708287315237e-08,1200,18
1288,3,0.0018103475398008112,1800,11
1288,4,6.121638301039466e-05,2400,1
1288,5,0.7924039960308491,3000,10
1289,0,1.6365486382295206e-08,0,1
1289,1,1.457266358165097e-05,600,9
1289,2,4.249226574061863e-08,1200,9
1289,3,0.0018103475398008112,1800,14
1289,4,7.927208845490639e-05,2400,3
1289,5,0.7924039960308491,3000,16
1290,0,1.6365486382295206e-08,0,1
1290,1,1.457266358165097e-05,600,9
1290,2,5.61525827878534e-08,1200,17
1290,3,0.0018103475398008112,1800,12
1290,4,9.514562238974025e-05,2400,3
1290,5,0.8038255493128276,3000,12
1291,0,8.598546466309676e-09,0,2
1291,1,1.457266358165097e-05,600,12
1291,2,8.821629555116009e-08,1200,16
1291,3,0.0018103475398008112,1800,12
1291,4,9.514562238974025e-05,2400,2
1291,5,0.7549426560243894,3000,10
1292,0,1.0427155707533445e-08,0,2
1292,1,1.457266358165097e-05,600,9
1292,2,1.174665963773179e-07,1200,16
1292,3,0.0018103475398008112,1800,10
1292,4,8.563922733008227e-05,2400,1
1292,5,0.7549426560243894,3000,16
1293,0,1.1088264966745198e-08,0,4
1293,1,1.457266358165097e-05,600,3
1293,2,1.134972095243489e-07,1200,15
1293,3,0.0009652815290482002,1800,13
1293,4,8.563922733008227e-05,2400,4
1293,5,0.7549426560243894,3000,14
1294,0,1.0875783036624713e-08,0,2
1294,1,5.865117590063858e-06,600,16
1294,2,1.134972095243489e-07,1200,12
1294,3,0.0009652815290482002,1800,12
1294,4,8.563922733008227e-05,2400,3
1294,5,0.7942929677498595,3000,9
1295,0,1.0875783036624713e-08,0,4
1295,1,5.865117590063858e-06,600,14
1295,2,1.5692456799199083e-07,1200,8
1295,3,0.0008606994895984081,1800,13
1295,4,8.563922733008227e-05,2400,5
1295,5,0.7518915656968169,3000,10
1296,0,1.0875783036624713e-08,0,4
1296,1,5.865117590063858e-06,600,11
1296,2,1.5692456799199083e-07,1200,11
1296,3,0.0025761851626856552,1800,12
1296,4,8.563922733008227e-05,2400,0
1296,5,0.7190186973015424,3000,16
1297,0,1.0875783036624713e-08,0,2
1297,1,4.4363941606955246e-06,600,10
1297,2,1.5692456799199083e-07,1200,17
1297,3,0.0011943665719531926,1800,13
1297,4,7.33398664756396e-05,2400,3
1297,5,0.7190186973015424,3000,9
1298,0,1.1097001734849181e-08,0,1
1298,1,4.4363941606955246e-06,600,12
1298,2,2.4033810614632484e-07,1200,18
1298,3,0.0011943665719531926,1800,10
1298,4,5.813274044631453e-05,2400,2
1298,5,0.7190186973015424,3000,11
1299,0,1.1097001734849181e-08,0,2
1299,1,4.4363941606955246e-06,600,9
1299,2,2.4033810614632484e-07,1200,7
1299,3,0.0008137074444064902,1800,20
1299,4,5.813274044631453e-05,2400,2
1299,5,0.762369876550513,3000,14
1300,0,1.1097001734849181e-08,0,0
1300,1,4.4363941606955246e-06,600,19
1300,2,2.4033810614632484e-07,1200,14
1300,3,0.0010057899854734153,1800,13
1300,4,2.3989943714890508e-05,2400,2
1300,5,0.7613218196789324,3000,6
1301,0,8.45879131245008e-09,0,1
1301,1,4.4363941606955246e-06,600,13
1301,2,2.8852697801954116e-07,1200,15
1301,3,0.0010057899854734153,1800,6
1301,4,2.3989943714890508e-05,2400,2
1301,5,0.6416064088911523,3000,17
1302,0,8.45879131245008e-09,0,3
1302,1,4.4363941606955246e-06,600,11
1302,2,2.8852697801954116e-07,1200,14
1302,3,0.001470684469979113,1800,10
1302,4,4.129001979353419e-05,2400,1
1302,5,0.6416064088911523,3000,15
1303,0,8.45879131245008e-09,0,1
1303,1,4.4363941606955246e-06,600,15
1303,2,1.4290582667383096e-07,1200,9
1303,3,0.002486029072588545,1800,8
1303,4,3.6230098735904175e-05,2400,3
1303,5,0.6416064088911523,3000,18
1304,0,1.2087487292532012e-08,0,3
1304,1,4.4363941606955246e-06,600,12
1304,2,1.4290582667383096e-07,1200,15
1304,3,0.002273771858600644,1800,14
1304,4,3.6230098735904175e-05,2400,1
1304,5,0.711302034098382,3000,9
1305,0,1.2087487292532012e-08,0,2
1305,1,4.4363941606955246e-06,600,12
1305,2,1.4290582667383096e-07,1200,11
1305,3,0.002273771858600644,1800,19
1305,4,3.5855824858655177e-05,2400,1
1305,5,0.8262271707122847,3000,9
1306,0,1.2087487292532012e-08,0,3
1306,1,4.4363941606955246e-06,600,11
1306,2,1.0050010429422034e-07,1200,13
1306,3,0.005260584556787331,1800,7
1306,4,3.5855824858655177e-05,2400,4
1306,5,0.8262271707122847,3000,16
1307,0,1.5202787657084977e-08,0,3
1307,1,4.4363941606955246e-06,600,16
1307,2,1.0540052631725002e-07,1200,11
1307,3,0.005260584556787331,1800,10
1307,4,3.5855824858655177e-05,2400,2
1307,5,0.8304571193166747,3000,12
1308,0,1.6794673912130957e-08,0,3
1308,1,4.4363941606955246e-06,600,15
1308,2,8.584405235197466e-08,1200,19
1308,3,0.005260584556787331,1800,7
1308,4,3.5855824858655177e-05,2400,2
1308,5,0.7788823321943846,3000,8
1309,0,1.4629749330272677e-08,0,4
1309,1,4.4363941606955246e-06,600,10
1309,2,8.446187673914016e-08,1200,10
1309,3,0.005260584556787331,1800,14
1309,4,1.6182988559265055e-05,2400,2
1309,5,0.772163716246582,3000,14
1310,0,1.4629749330272677e-08,0,0
1310,1,2.2555162849737673e-06,600,14
1310,2,1.242999407982252e-07,1200,20
1310,3,0.0029130684691473477,1800,7
1310,4,1.6182988559265055e-05,2400,3
1310,5,0.772163716246582,3000,10
1311,0,1.0676164893335995e-08,0,3
1311,1,2.30456881779056e-06,600,14
1311,2,1.242999407982252e-07,1200,16
1311,3,0.0029130684691473477,1800,9
1311,4,2.074242215683788e-05,2400,1
1311,5,0.772163716246582,3000,11
1312,0,1.0676164893335995e-08,0,2
1312,1,2.30456881779056e-06,600,13
1312,2,7.480832241479356e-08,1200,13
1312,3,0.0031645355941850384,1800,10
1312,4,2.074242215683788e-05,2400,3
1312,5,0.7442612534099677,3000,13
1313,0,1.0676164893335995e-08,0,1
1313,1,2.30456881779056e-06,600,12
1313,2,2.5594421841742943e-07,1200,15
1313,3,0.0031645355941850384,1800,13
1313,4,2.074242215683788e-05,2400,3
1313,5,0.7442612534099677,3000,10
1314,0,1.0676164893335995e-08,0,4
1314,1,2.30456881779056e-06,600,13
1314,2,2.5594421841742943e-07,1200,11
1314,3,0.004771635461912001,1800,10
1314,4,1.9777542608929804e-05,2400,6
1314,5,0.7442612534099677,3000,10
1315,0,2.6265651563831488e-08,0,3
1315,1,2.30456881779056e-06,600,12
1315,2,2.5594421841742943e-07,1200,12
1315,3,0.004771635461912001,1800,11
1315,4,1.5122564343761886e-05,2400,4
1315,5,0.7442612534099677,3000,12
1316,0,2.6265651563831488e-08,0,4
1316,1,2.30456881779056e-06,600,11
1316,2,1.355501194914747e-07,1200,11
1316,3,0.004771635461912001,1800,14
1316,4,1.6309009546385383e-05,2400,2
1316,5,0.7285618110227062,3000,12
1317,0,4.531216706513702e-08,0,2
1317,1,3.0704158719559795e-06,600,11
1317,2,1.355501194914747e-07,1200,15
1317,3,0.004771635461912001,1800,14
1317,4,1.6309009546385383e-05,2400,1
1317,5,0.8088439831781772,3000,11
1318,0,4.531216706513702e-08,0,4
1318,1,3.6803591495749383e-06,600,14
1318,2,3.4122260968935106e-07,1200,16
1318,3,0.004771635461912001,1800,7
1318,4,1.6309009546385383e-05,2400,4
1318,5,0.8088439831781772,3000,9
1319,0,4.531216706513702e-08,0,1
1319,1,8.657173412739785e-06,600,14
1319,2,3.4122260968935106e-07,1200,16
1319,3,0.004326035293625133,1800,15
1319,4,1.3426552010637324e-05,2400,2
1319,5,0.8088439831781772,3000,6
1320,0,4.531216706513702e-08,0,3
1320,1,8.657173412739785e-06,600,10
1320,2,4.606988749785212e-07,1200,15
1320,3,0.007392657462238143,1800,12
1320,4,1.6884199874439244e-05,2400,4
1320,5,0.8088439831781772,3000,10
1321,0,4.274776439989529e-08,0,4
1321,1,8.657173412739785e-06,600,4
1321,2,1.871526574329173e-07,1200,17
1321,3,0.007096259637830796,1800,16
1321,4,1.6884199874439244e-05,2400,6
1321,5,0.8088439831781772,3000,7
1322,0,7.675521383783367e-08,0,4
1322,1,8.657173412739785e-06,600,7
1322,2,1.871526574329173e-07,1200,17
1322,3,0.007096259637830796,1800,11
1322,4,1.702858613654849e-05,2400,3
1322,5,0.756582414295679,3000,12
1323,0,7.675521383783367e-08,0,3
1323,1,8.657173412739785e-06,600,8
1323,2,1.871526574329173e-07,1200,13
1323,3,0.011156659088828128,1800,18
1323,4,8.607497431256324e-06,2400,3
1323,5,0.756582414295679,3000,9
1324,0,5.968702448200567e-08,0,2
1324,1,1.3950997807777133e-05,600,12
1324,2,1.871526574329173e-07,1200,11
1324,3,0.011156659088828128,1800,16
1324,4,8.607497431256324e-06,2400,3
1324,5,0.756582414295679,3000,10
1325,0,4.469806275560891e-08,0,2
1325,1,1.3950997807777133e-05,600,13
1325,2,1.871526574329173e-07,1200,12
1325,3,0.01365287266384003,1800,10
1325,4,7.217366441465988e-06,2400,1
1325,5,0.7054782409196305,3000,16
1326,0,4.188524650782812e-08,0,3
1326,1,1.3950997807777133e-05,600,11
1326,2,1.5336768930630626e-07,1200,13
1326,3,0.01365287266384003,1800,13
1326,4,5.359276984552672e-06,2400,0
1326,5,0.7054782409196305,3000,14
1327,0,4.188524650782812e-08,0,1
1327,1,1.820008096552234e-05,600,13
1327,2,1.5336768930630626e-07,1200,9
1327,3,0.011726817942609493,1800,15
1327,4,7.313061157997319e-06,2400,2
1327,5,0.7054782409196305,3000,13
1328,0,4.188524650782812e-08,0,2
1328,1,1.675788513949929e-05,600,11
1328,2,1.2614891318055924e-07,1200,15
1328,3,0.017815495007262084,1800,13
1328,4,8.535902126020469e-06,2400,5
1328,5,0.7054782409196305,3000,8
1329,0,4.937579200737108e-08,0,2
1329,1,1.016515157189528e-05,600,10
1329,2,1.377059599385926e-07,1200,13
1329,3,0.013206646393600594,1800,11
1329,4,8.535902126020469e-06,2400,2
1329,5,0.7054782409196305,3000,16
1330,0,3.753868757102739e-08,0,4
1330,1,1.1702317650818707e-05,600,15
1330,2,1.377059599385926e-07,1200,13
1330,3,0.013206646393600594,1800,6
1330,4,8.535902126020469e-06,2400,3
1330,5,0.6186379554293412,3000,13
1331,0,3.753868757102739e-08,0,4
1331,1,1.1936038829332696e-05,600,11
1331,2,1.377059599385926e-07,1200,14
1331,3,0.010273386298016518,1800,10
1331,4,1.219907187648626e-05,2400,4
1331,5,0.5877606155660394,3000,11
1332,0,3.753868757102739e-08,0,3
1332,1,1.1936038829332696e-05,600,10
1332,2,1.377059599385926e-07,1200,12
1332,3,0.010215858071338674,1800,13
1332,4,4.247666326107598e-06,2400,3
1332,5,0.6325346255138456,3000,13
1333,0,3.753868757102739e-08,0,4
1333,1,1.6339498912920682e-05,600,10
1333,2,1.377059599385926e-07,1200,15
1333,3,0.010215858071338674,1800,8
1333,4,3.078653103171938e-06,2400,6
1333,5,0.4825503068691953,3000,11
1334,0,3.181920702369995e-08,0,2
1334,1,2.9956981444266707e-05,600,12
1334,2,1.377059599385926e-07,1200,11
1334,3,0.010215858071338674,1800,12
1334,4,2.638871193312866e-06,2400,4
1334,5,0.4825503068691953,3000,13
1335,0,3.181920702369995e-08,0,2
1335,1,2.9956981444266707e-05,600,11
1335,2,1.377059599385926e-07,1200,12
1335,3,0.010215858071338674,1800,7
1335,4,1.0970447098863322e-06,2400,5
1335,5,0.42757262707623084,3000,17
1336,0,2.4931556690182005e-08,0,4
1336,1,2.9956981444266707e-05,600,14
1336,2,1.8504401370685235e-07,1200,8
1336,3,0.010215858071338674,1800,11
1336,4,4.166119660018764e-07,2400,5
1336,5,0.42757262707623084,3000,12
1337,0,2.994882062146893e-08,0,4
1337,1,6.885397591850015e-05,600,14
1337,2,1.8504401370685235e-07,1200,13
1337,3,0.008267347357020147,1800,9
1337,4,4.166119660018764e-07,2400,4
1337,5,0.42757262707623084,3000,10
1338,0,2.994882062146893e-08,0,4
1338,1,6.885397591850015e-05,600,13
1338,2,1.7798235054453068e-07,1200,7
1338,3,0.008267347357020147,1800,16
1338,4,4.166119660018764e-07,2400,1
1338,5,0.42757262707623084,3000,13
1339,0,2.994882062146893e-08,0,4
1339,1,3.506266137005075e-05,600,12
1339,2,1.7798235054453068e-07,1200,7
1339,3,0.0058734022564961,1800,11
1339,4,4.166119660018764e-07,2400,2
1339,5,0.42757262707623084,3000,18
1340,0,2.9043920805303184e-08,0,4
1340,1,3.506266137005075e-05,600,8
1340,2,1.7798235054453068e-07,1200,12
1340,3,0.0058734022564961,1800,11
1340,4,5.051030134666965e-07,2400,2
1340,5,0.39579416650571375,3000,17
1341,0,2.9043920805303184e-08,0,5
1341,1,3.506266137005075e-05,600,9
1341,2,2.1757467689789355e-07,1200,9
1341,3,0.006018222333685347,1800,10
1341,4,5.051030134666965e-07,2400,3
1341,5,0.39579416650571375,3000,18
1342,0,2.9043920805303184e-08,0,4
1342,1,3.506266137005075e-05,600,10
1342,2,2.1757467689789355e-07,1200,6
1342,3,0.0055018174659734066,1800,15
1342,4,3.411843265453596e-07,2400,6
1342,5,0.4301703562265723,3000,13
1343,0,2.9043920805303184e-08,0,2
1343,1,3.506266137005075e-05,600,9
1343,2,2.1757467689789355e-07,1200,12
1343,3,0.01980604223482878,1800,10
1343,4,2.481195531218754e-07,2400,9
1343,5,0.4301703562265723,3000,12
1344,0,2.9043920805303184e-08,0,6
1344,1,6.217485946025655e-05,600,7
1344,2,2.3459287771291853e-07,1200,12
1344,3,0.01980604223482878,1800,16
1344,4,3.2543955805258515e-07,2400,4
1344,5,0.4301703562265723,3000,9
1345,0,2.9043920805303184e-08,0,3
1345,1,6.327955881523523e-05,600,13
1345,2,5.819891577098921e-07,1200,9
1345,3,0.01980604223482878,1800,10
1345,4,3.2543955805258515e-07,2400,3
1345,5,0.4900470454824275,3000,16
1346,0,2.9043920805303184e-08,0,4
1346,1,6.890175449902958e-05,600,10
1346,2,5.819891577098921e-07,1200,10
1346,3,0.027228388443857818,1800,8
1346,4,3.2543955805258515e-07,2400,2
1346,5,0.43185657166308117,3000,20
1347,0,2.9043920805303184e-08,0,3
1347,1,4.988618719301999e-05,600,9
1347,2,5.819891577098921e-07,1200,12
1347,3,0.027228388443857818,1800,8
1347,4,2.0715644932029338e-07,2400,3
1347,5,0.3881146381286167,3000,19
1348,0,1.4658783493064135e-08,0,2
1348,1,4.988618719301999e-05,600,14
1348,2,2.7050155011838535e-07,1200,13
1348,3,0.027228388443857818,1800,15
1348,4,2.0715644932029338e-07,2400,1
1348,5,0.3881146381286167,3000,9
1349,0,8.017391144810009e-09,0,2
1349,1,5.6035966205133176e-05,600,14
1349,2,2.7050155011838535e-07,1200,7
1349,3,0.048610876260188424,1800,12
1349,4,2.0715644932029338e-07,2400,3
1349,5,0.3881146381286167,3000,16
1350,0,5.286225993274418e-09,0,5
1350,1,6.420831929488421e-05,600,11
1350,2,2.7050155011838535e-07,1200,3
1350,3,0.048610876260188424,1800,15
1350,4,1.595429077118432e-07,2400,8
1350,5,0.3881146381286167,3000,12
1351,0,5.286225993274418e-09,0,4
1351,1,6.420831929488421e-05,600,7
1351,2,2.0574306555641776e-07,1200,12
1351,3,0.04410661401415408,1800,14
1351,4,2.1175155540958366e-07,2400,7
1351,5,0.3172267852497113,3000,10
1352,0,5.286225993274418e-09,0,2
1352,1,6.420831929488421e-05,600,8
1352,2,2.5996314475472486e-07,1200,14
1352,3,0.04410661401415408,1800,11
1352,4,2.280600375316936e-07,2400,3
1352,5,0.3172267852497113,3000,16
1353,0,5.614491725481622e-09,0,2
1353,1,6.420831929488421e-05,600,15
1353,2,2.5996314475472486e-07,1200,9
1353,3,0.04410661401415408,1800,10
1353,4,2.280600375316936e-07,2400,3
1353,5,0.5074170063466618,3000,15
1354,0,5.614491725481622e-09,0,3
1354,1,4.986631005894712e-05,600,15
1354,2,2.6299117548434474e-07,1200,8
1354,3,0.04410661401415408,1800,10
1354,4,2.488307211630383e-07,2400,4
1354,5,0.5074170063466618,3000,14
1355,0,5.614491725481622e-09,0,1
1355,1,6.026837909873294e-05,600,12
1355,2,2.6299117548434474e-07,1200,14
1355,3,0.03820423362115372,1800,14
1355,4,2.488307211630383e-07,2400,2
1355,5,0.7914249788405667,3000,11
1356,0,9.634581240080425e-09,0,1
1356,1,0.00010862327270304689,600,12
1356,2,2.6299117548434474e-07,1200,15
1356,3,0.03820423362115372,1800,16
1356,4,2.484415690663329e-07,2400,2
1356,5,0.7914249788405667,3000,8
1357,0,9.634581240080425e-09,0,3
1357,1,0.00010862327270304689,600,17
1357,2,2.25719162249172e-07,1200,10
1357,3,0.06745559356107189,1800,14
1357,4,2.484415690663329e-07,2400,0
1357,5,0.7914249788405667,3000,10
1358,0,1.0969785700210836e-08,0,2
1358,1,0.00010158890056321015,600,14
1358,2,2.25719162249172e-07,1200,12
1358,3,0.044351749318999385,1800,14
1358,4,2.484415690663329e-07,2400,1
1358,5,0.7914249788405667,3000,11
1359,0,1.4524921372299916e-08,0,2
1359,1,0.00010158890056321015,600,21
1359,2,2.25719162249172e-07,1200,10
1359,3,0.04265981799954095,1800,15
1359,4,2.657412003117786e-07,2400,1
1359,5,0.8690370383611394,3000,5
1360,0,1.4524921372299916e-08,0,3
1360,1,0.00010158890056321015,600,11
1360,2,1.7180360712950538e-07,1200,11
1360,3,0.04265981799954095,1800,16
1360,4,2.657412003117786e-07,2400,1
1360,5,0.7711752928869448,3000,12
1361,0,1.4524921372299916e-08,0,2
1361,1,0.00010158890056321015,600,12
1361,2,3.193156389895628e-07,1200,10
1361,3,0.04265981799954095,1800,18
1361,4,4.3962698132862896e-07,2400,0
1361,5,0.7711752928869448,3000,12
1362,0,1.356653570315826e-08,0,0
1362,1,0.00010158890056321015,600,13
1362,2,3.193156389895628e-07,1200,15
1362,3,0.04777759894729436,1800,9
1362,4,7.166163211256751e-07,2400,1
1362,5,0.7873928683990054,3000,16
1363,0,1.66219267877588e-08,0,3
1363,1,0.00012014556852821315,600,16
1363,2,3.193156389895628e-07,1200,10
1363,3,0.05481330712423567,1800,11
1363,4,7.166163211256751e-07,2400,0
1363,5,0.8315229996504552,3000,14
1364,0,1.66219267877588e-08,0,2
1364,1,0.00012014556852821315,600,12
1364,2,3.193156389895628e-07,1200,8
1364,3,0.03335959136560249,1800,13
1364,4,5.99235003832637e-07,2400,1
1364,5,0.8366174508335519,3000,18
1365,0,1.66219267877588e-08,0,3
1365,1,0.00012014556852821315,600,11
1365,2,1.558038413939732e-07,1200,10
1365,3,0.03335959136560249,1800,14
1365,4,5.99235003832637e-07,2400,3
1365,5,0.8669317097046826,3000,13
1366,0,1.66219267877588e-08,0,3
1366,1,0.00011619293248202214,600,11
1366,2,9.951542008157825e-08,1200,12
1366,3,0.03335959136560249,1800,14
1366,4,5.99235003832637e-07,2400,5
1366,5,0.8669317097046826,3000,9
1367,0,3.249568359393907e-08,0,1
1367,1,7.438655585358235e-05,600,12
1367,2,9.951542008157825e-08,1200,21
1367,3,0.04576800884001532,1800,11
1367,4,5.99235003832637e-07,2400,5
1367,5,0.8669317097046826,3000,4
1368,0,2.039650359822678e-08,0,5
1368,1,7.438655585358235e-05,600,18
1368,2,1.0278260908151719e-07,1200,10
1368,3,0.04576800884001532,1800,10
1368,4,6.62012606337385e-07,2400,2
1368,5,0.8669317097046826,3000,9
1369,0,2.039650359822678e-08,0,2
1369,1,0.00013104049428071314,600,10
1369,2,1.0278260908151719e-07,1200,16
1369,3,0.04102596856516893,1800,17
1369,4,6.62012606337385e-07,2400,1
1369,5,0.8669317097046826,3000,8
1370,0,2.039650359822678e-08,0,4
1370,1,0.00012414093099759517,600,7
1370,2,8.014166030273066e-08,1200,22
1370,3,0.04102596856516893,1800,10
1370,4,6.62012606337385e-07,2400,3
1370,5,0.8669317097046826,3000,8
1371,0,2.039650359822678e-08,0,3
1371,1,0.00012414093099759517,600,6
1371,2,7.563304481031841e-08,1200,24
1371,3,0.04102596856516893,1800,16
1371,4,1.2252779602568543e-06,2400,1
1371,5,0.8669317097046826,3000,4
1372,0,1.4815168028582195e-08,0,1
1372,1,0.00012414093099759517,600,12
1372,2,9.060807302271247e-08,1200,20
1372,3,0.029325793639613577,1800,10
1372,4,1.2252779602568543e-06,2400,3
1372,5,0.8669317097046826,3000,8
1373,0,1.4815168028582195e-08,0,3
1373,1,8.095260969108974e-05,600,16
1373,2,7.182570003579607e-08,1200,16
1373,3,0.03452625925941941,1800,12
1373,4,1.2252779602568543e-06,2400,3
1373,5,0.9147266058981248,3000,4
1374,0,1.767090337017335e-08,0,0
1374,1,8.095260969108974e-05,600,10
1374,2,7.182570003579607e-08,1200,13
1374,3,0.027818264029900508,1800,16
1374,4,1.2252779602568543e-06,2400,5
1374,5,0.9147266058981248,3000,10
1375,0,1.767090337017335e-08,0,0
1375,1,5.260990377127023e-05,600,13
1375,2,7.182570003579607e-08,1200,14
1375,3,0.027818264029900508,1800,12
1375,4,1.0617512585181482e-06,2400,3
1375,5,0.8935462705873497,3000,12
1376,0,1.767090337017335e-08,0,7
1376,1,5.260990377127023e-05,600,16
1376,2,8.507138045173061e-08,1200,11
1376,3,0.040668023112695066,1800,10
1376,4,8.450987726061933e-07,2400,0
1376,5,0.8935462705873497,3000,10
1377,0,1.767090337017335e-08,0,2
1377,1,5.995913788949252e-05,600,18
1377,2,5.734206676131917e-08,1200,13
1377,3,0.040668023112695066,1800,14
1377,4,3.3365836382860816e-07,2400,0
1377,5,0.8935462705873497,3000,7
1378,0,1.767090337017335e-08,0,3
1378,1,5.995913788949252e-05,600,8
1378,2,5.7239354850206066e-08,1200,17
1378,3,0.039477230180704176,1800,18
1378,4,2.2556453518781196e-07,2400,2
1378,5,0.9061880019434833,3000,6
1379,0,1.767090337017335e-08,0,1
1379,1,5.995913788949252e-05,600,10
1379,2,5.7239354850206066e-08,1200,17
1379,3,0.062128754232220716,1800,13
1379,4,2.7473580194820955e-07,2400,5
1379,5,0.9098839606414795,3000,8
1380,0,1.767090337017335e-08,0,0
1380,1,5.995913788949252e-05,600,11
1380,2,5.7239354850206066e-08,1200,16
1380,3,0.04910380016038696,1800,13
1380,4,2.923750258352594e-07,2400,5
1380,5,0.9098839606414795,3000,7
1381,0,1.767090337017335e-08,0,1
1381,1,0.00014715446814432943,600,9
1381,2,4.285420561549445e-08,1200,17
1381,3,0.04910380016038696,1800,17
1381,4,2.9484623004732045e-07,2400,2
1381,5,0.9098839606414795,3000,8
1382,0,1.767090337017335e-08,0,3
1382,1,0.00012447670666267843,600,10
1382,2,4.285420561549445e-08,1200,14
1382,3,0.04910380016038696,1800,12
1382,4,2.9484623004732045e-07,2400,6
1382,5,0.9098839606414795,3000,8
1383,0,1.767090337017335e-08,0,1
1383,1,0.00012447670666267843,600,14
1383,2,4.285420561549445e-08,1200,16
1383,3,0.04910380016038696,1800,9
1383,4,2.036413837128282e-07,2400,7
1383,5,0.949128413527363,3000,7
1384,0,1.8483608696841207e-08,0,2
1384,1,0.00012447670666267843,600,9
1384,2,4.285420561549445e-08,1200,20
1384,3,0.07418173006272084,1800,15
1384,4,2.036413837128282e-07,2400,1
1384,5,0.9595717580370178,3000,7
1385,0,2.0383735979455005e-08,0,5
1385,1,0.000247461024114077,600,15
1385,2,4.285420561549445e-08,1200,13
1385,3,0.12655904070711765,1800,11
1385,4,2.036413837128282e-07,2400,6
1385,5,0.9595717580370178,3000,4
1386,0,2.0383735979455005e-08,0,3
1386,1,0.0003643183994867248,600,17
1386,2,4.285420561549445e-08,1200,15
1386,3,0.12655904070711765,1800,10
1386,4,2.036413837128282e-07,2400,3
1386,5,0.9627863240068198,3000,6
1387,0,2.0383735979455005e-08,0,2
1387,1,0.0003643183994867248,600,17
1387,2,5.35127991997563e-08,1200,16
1387,3,0.12655904070711765,1800,11
1387,4,2.036413837128282e-07,2400,5
1387,5,0.9627863240068198,3000,2
1388,0,2.0383735979455005e-08,0,2
1388,1,0.0003643183994867248,600,15
1388,2,5.35127991997563e-08,1200,15
1388,3,0.12655904070711765,1800,16
1388,4,1.9781214066635974e-07,2400,0
1388,5,0.9632396581800295,3000,6
1389,0,2.0383735979455005e-08,0,4
1389,1,0.0003822479371278737,600,9
1389,2,3.1157777984525716e-08,1200,20
1389,3,0.09702254812288907,1800,15
1389,4,1.9781214066635974e-07,2400,3
1389,5,0.9661967406119903,3000,3
1390,0,2.0383735979455005e-08,0,1
1390,1,0.0008467465626941273,600,22
1390,2,3.1157777984525716e-08,1200,13
1390,3,0.09702254812288907,1800,15
1390,4,1.9781214066635974e-07,2400,1
1390,5,0.9841715796967895,3000,2
1391,0,1.441278766885179e-08,0,1
1391,1,0.001084668435109564,600,18
1391,2,3.1157777984525716e-08,1200,20
1391,3,0.09702254812288907,1800,11
1391,4,1.9694126986257421e-07,2400,2
1391,5,0.9841715796967895,3000,1
1392,0,1.441278766885179e-08,0,2
1392,1,0.002192940556182419,600,9
1392,2,3.1157777984525716e-08,1200,25
1392,3,0.07938653692920815,1800,13
1392,4,1.9694126986257421e-07,2400,2
1392,5,0.9838330313107865,3000,3
1393,0,1.441278766885179e-08,0,3
1393,1,0.001402386098682404,600,12
1393,2,3.1157777984525716e-08,1200,14
1393,3,0.07938653692920815,1800,21
1393,4,2.8798410624756484e-07,2400,0
1393,5,0.9838330313107865,3000,4
1394,0,1.5796870494431217e-08,0,2
1394,1,0.001402386098682404,600,13
1394,2,3.624490955104573e-08,1200,22
1394,3,0.07030189843129583,1800,16
1394,4,2.8798410624756484e-07,2400,1
1394,5,0.9838330313107865,3000,0
1395,0,1.5796870494431217e-08,0,4
1395,1,0.0014190569286615584,600,15
1395,2,3.624490955104573e-08,1200,15
1395,3,0.07357976112894538,1800,18
1395,4,2.8798410624756484e-07,2400,1
1395,5,0.9838330313107865,3000,1
1396,0,1.6049308386351966e-08,0,1
1396,1,0.0014190569286615584,600,14
1396,2,7.04256514878191e-08,1200,24
1396,3,0.07357976112894538,1800,13
1396,4,3.0240995485928317e-07,2400,1
1396,5,0.9838330313107865,3000,1
1397,0,1.8091910233439678e-08,0,1
1397,1,0.0010477019196909489,600,14
1397,2,6.67485976537626e-08,1200,11
1397,3,0.07357976112894538,1800,24
1397,4,3.0240995485928317e-07,2400,3
1397,5,0.9665996949259709,3000,1
1398,0,2.200728764999346e-08,0,3
1398,1,0.0010477019196909489,600,17
1398,2,5.1381560168545457e-08,1200,26
1398,3,0.07357976112894538,1800,6
1398,4,3.0240995485928317e-07,2400,0
1398,5,0.9792616605340093,3000,2
1399,0,3.481245460970967e-08,0,2
1399,1,0.0010477019196909489,600,11
1399,2,5.740497756857208e-08,1200,20
1399,3,0.07357976112894538,1800,17
1399,4,2.1664477046905053e-07,2400,3
1399,5,0.9792616605340093,3000,0
1400,0,3.481245460970967e-08,0,3
1400,1,0.0010477019196909489,600,17
1400,2,6.909279932534102e-08,1200,16
1400,3,0.07357976112894538,1800,12
1400,4,2.1664477046905053e-07,2400,0
1400,5,0.9455310910697696,3000,6
1401,0,3.481245460970967e-08,0,1
1401,1,0.0005268226543252659,600,13
1401,2,1.752047271408756e-07,1200,20
1401,3,0.07357976112894538,1800,12
1401,4,2.1664477046905053e-07,2400,1
1401,5,0.9455310910697696,3000,7
1402,0,3.481245460970967e-08,0,3
1402,1,0.0005268226543252659,600,14
1402,2,2.2210459646949552e-07,1200,15
1402,3,0.07357976112894538,1800,16
1402,4,3.4865495517923595e-07,2400,1
1402,5,0.9340497501768326,3000,5
1403,0,3.790485936327566e-08,0,4
1403,1,0.0005268226543252659,600,20
1403,2,2.2210459646949552e-07,1200,15
1403,3,0.07357976112894538,1800,11
1403,4,4.278357982519861e-07,2400,0
1403,5,0.9311835105246331,3000,4
1404,0,9.260496615462234e-08,0,2
1404,1,0.00031037669558971653,600,17
1404,2,1.785418063625083e-07,1200,14
1404,3,0.07357976112894538,1800,13
1404,4,4.278357982519861e-07,2400,0
1404,5,0.9311835105246331,3000,7
1405,0,9.260496615462234e-08,0,1
1405,1,0.00031037669558971653,600,13
1405,2,8.040852698772961e-08,1200,21
1405,3,0.07357976112894538,1800,9
1405,4,2.1096134762630894e-07,2400,3
1405,5,0.9311835105246331,3000,7
1406,0,1.2741126632184426e-07,0,2
1406,1,0.00031037669558971653,600,17
1406,2,8.73746180322972e-08,1200,8
1406,3,0.0802139695404798,1800,19
1406,4,3.7103577258114394e-07,2400,2
1406,5,0.9311835105246331,3000,6
1407,0,1.2741126632184426e-07,0,3
1407,1,0.0004662389908631867,600,15
1407,2,8.73746180322972e-08,1200,10
1407,3,0.06930338647209525,1800,11
1407,4,3.7103577258114394e-07,2400,1
1407,5,0.9403696519272933,3000,14
1408,0,1.1830560823479782e-07,0,2
1408,1,0.0004662389908631867,600,20
1408,2,8.73746180322972e-08,1200,11
1408,3,0.06930338647209525,1800,9
1408,4,2.6410928857731856e-07,2400,4
1408,5,0.9403696519272933,3000,8
1409,0,1.6534413582079254e-07,0,3
1409,1,0.00033900000873534486,600,10
1409,2,1.0796776328075458e-07,1200,14
1409,3,0.04670253157488304,1800,22
1409,4,2.6410928857731856e-07,2400,2
1409,5,0.9403696519272933,3000,3
1410,0,1.6534413582079254e-07,0,2
1410,1,0.0004799168249161713,600,10
1410,2,1.0796776328075458e-07,1200,15
1410,3,0.04638963983698649,1800,18
1410,4,2.6410928857731856e-07,2400,3
1410,5,0.9585581900220512,3000,6
1411,0,1.900782987307045e-07,0,1
1411,1,0.0004799168249161713,600,11
1411,2,8.579315187913757e-08,1200,26
1411,3,0.04638963983698649,1800,9
1411,4,2.6410928857731856e-07,2400,1
1411,5,0.9585581900220512,3000,6
1412,0,1.900782987307045e-07,0,3
1412,1,0.00044428235885236113,600,7
1412,2,3.254237423325648e-08,1200,19
1412,3,0.05518990808158426,1800,17
1412,4,2.6410928857731856e-07,2400,3
1412,5,0.9585581900220512,3000,5
1413,0,2.4063054872183066e-07,0,3
1413,1,0.00024519054410752277,600,14
1413,2,3.254237423325648e-08,1200,15
1413,3,0.05518990808158426,1800,19
1413,4,2.6410928857731856e-07,2400,1
1413,5,0.9585581900220512,3000,2
1414,0,2.6754812939809254e-07,0,1
1414,1,0.00024519054410752277,600,14
1414,2,3.57752530672428e-08,1200,19
1414,3,0.03038320583805624,1800,9
1414,4,2.6410928857731856e-07,2400,4
1414,5,0.9585581900220512,3000,7
1415,0,2.6754812939809254e-07,0,0
1415,1,0.00024519054410752277,600,12
1415,2,3.57752530672428e-08,1200,16
1415,3,0.030411563125230818,1800,19
1415,4,8.325421430596857e-08,2400,1
1415,5,0.9585581900220512,3000,6
1416,0,2.3505805765251258e-07,0,4
1416,1,0.0003010342603096484,600,13
1416,2,4.244047444478346e-08,1200,19
1416,3,0.03290376830595132,1800,12
1416,4,8.325421430596857e-08,2400,2
1416,5,0.9585581900220512,3000,4
1417,0,3.0634535311650437e-07,0,4
1417,1,0.0003034070757812915,600,10
1417,2,4.244047444478346e-08,1200,13
1417,3,0.03290376830595132,1800,19
1417,4,8.325421430596857e-08,2400,2
1417,5,0.9657502480839327,3000,6
1418,0,3.0634535311650437e-07,0,0
1418,1,0.0002953525879566812,600,14
1418,2,1.7025231592770153e-08,1200,17
1418,3,0.0432909085005716,1800,15
1418,4,8.325421430596857e-08,2400,3
1418,5,0.9612094214922454,3000,5
1419,0,3.0634535311650437e-07,0,0
1419,1,0.0002953525879566812,600,18
1419,2,1.7025231592770153e-08,1200,19
1419,3,0.0432909085005716,1800,13
1419,4,8.325421430596857e-08,2400,1
1419,5,0.965135566410821,3000,3
1420,0,3.017603551576331e-07,0,2
1420,1,0.0002953525879566812,600,15
1420,2,2.3170621060464144e-08,1200,25
1420,3,0.0432909085005716,1800,10
1420,4,8.325421430596857e-08,2400,1
1420,5,0.9834915280134625,3000,1
1421,0,3.017603551576331e-07,0,2
1421,1,0.0002953525879566812,600,18
1421,2,2.3170621060464144e-08,1200,22
1421,3,0.0432909085005716,1800,9
1421,4,5.2535354043430794e-08,2400,3
1421,5,0.9854023070557567,3000,0
1422,0,3.017603551576331e-07,0,3
1422,1,0.0002953525879566812,600,10
1422,2,2.3170621060464144e-08,1200,23
1422,3,0.044140212060869925,1800,15
1422,4,1.0876747733372883e-07,2400,1
1422,5,0.9854023070557567,3000,2
1423,0,1.0798697217082414e-07,0,3
1423,1,0.0003416202847945475,600,12
1423,2,3.550184195787369e-08,1200,16
1423,3,0.044140212060869925,1800,21
1423,4,1.0876747733372883e-07,2400,0
1423,5,0.9854023070557567,3000,1
1424,0,1.1205862447570697e-07,0,3
1424,1,0.0003416202847945475,600,18
1424,2,3.550184195787369e-08,1200,15
1424,3,0.05282049048267041,1800,12
1424,4,6.908498500321379e-08,2400,3
1424,5,0.9854023070557567,3000,3
1425,0,9.10364548967059e-08,0,6
1425,1,0.00037236167836406423,600,18
1425,2,2.6969113093617798e-08,1200,19
1425,3,0.05282049048267041,1800,9
1425,4,6.908498500321379e-08,2400,1
1425,5,0.9854023070557567,3000,1
1426,0,4.589092417645385e-08,0,1
1426,1,0.00037671533310497813,600,15
1426,2,2.6969113093617798e-08,1200,20
1426,3,0.05282049048267041,1800,15
1426,4,6.908498500321379e-08,2400,1
1426,5,0.9854851723593735,3000,2
1427,0,5.225171748752503e-08,0,6
1427,1,0.00037671533310497813,600,10
1427,2,2.6969113093617798e-08,1200,26
1427,3,0.019620545478980216,1800,10
1427,4,8.059773163704136e-08,2400,2
1427,5,0.9854851723593735,3000,0
1428,0,7.253812540856969e-08,0,1
1428,1,0.00037671533310497813,600,13
1428,2,2.6969113093617798e-08,1200,22
1428,3,0.019620545478980216,1800,14
1428,4,8.059773163704136e-08,2400,1
1428,5,0.9891292627121048,3000,2
1429,0,5.4878973266008585e-08,0,4
1429,1,0.00037671533310497813,600,13
1429,2,2.60756455743267e-08,1200,15
1429,3,0.019620545478980216,1800,19
1429,4,8.059773163704136e-08,2400,3
1429,5,0.9911376017548598,3000,0
1430,0,5.4878973266008585e-08,0,0
1430,1,0.00045380067126125136,600,11
1430,2,2.60756455743267e-08,1200,23
1430,3,0.019620545478980216,1800,13
1430,4,8.059773163704136e-08,2400,5
1430,5,0.987411534138857,3000,2
1431,0,2.548791394398221e-08,0,0
1431,1,0.0004007513680370746,600,20
1431,2,2.8978069293925252e-08,1200,17
1431,3,0.019620545478980216,1800,13
1431,4,8.059773163704136e-08,2400,1
1431,5,0.987411534138857,3000,3
1432,0,1.1629163022872985e-08,0,2
1432,1,0.00039686164278494347,600,13
1432,2,2.8978069293925252e-08,1200,18
1432,3,0.019620545478980216,1800,16
1432,4,8.059773163704136e-08,2400,3
1432,5,0.987411534138857,3000,2
1433,0,1.1629163022872985e-08,0,1
1433,1,0.0003160056400022499,600,18
1433,2,2.1884414684326063e-08,1200,17
1433,3,0.019620545478980216,1800,14
1433,4,8.059773163704136e-08,2400,2
1433,5,0.9801500524414711,3000,2
1434,0,1.2242244736019755e-08,0,1
1434,1,0.000320578891849709,600,7
1434,2,2.1884414684326063e-08,1200,26
1434,3,0.019620545478980216,1800,15
1434,4,5.4259570591927124e-08,2400,3
1434,5,0.986128105857203,3000,2
1435,0,1.2242244736019755e-08,0,2
1435,1,0.00017968304596144259,600,8
1435,2,1.215476808357836e-08,1200,22
1435,3,0.019620545478980216,1800,14
1435,4,5.4259570591927124e-08,2400,4
1435,5,0.9756355828989195,3000,4
1436,0,1.2242244736019755e-08,0,2
1436,1,8.979665597129286e-05,600,13
1436,2,3.528584546078253e-08,1200,18
1436,3,0.019620545478980216,1800,12
1436,4,5.4259570591927124e-08,2400,4
1436,5,0.9756355828989195,3000,5
1437,0,1.2242244736019755e-08,0,1
1437,1,8.979665597129286e-05,600,18
1437,2,2.7192831289237108e-08,1200,17
1437,3,0.019620545478980216,1800,15
1437,4,5.4259570591927124e-08,2400,2
1437,5,0.9889004911761806,3000,1
1438,0,1.2242244736019755e-08,0,0
1438,1,8.979665597129286e-05,600,16
1438,2,2.8895004867817097e-08,1200,21
1438,3,0.02043640865029962,1800,13
1438,4,4.5675714588352215e-08,2400,4
1438,5,0.9889004911761806,3000,0
1439,0,1.2242244736019755e-08,0,3
1439,1,0.00010292326902708486,600,10
1439,2,4.520297594656345e-08,1200,21
1439,3,0.02043640865029962,1800,16
1439,4,4.5675714588352215e-08,2400,1
1439,5,0.9889004911761806,3000,3
1440,0,8.652349517293246e-09,0,3
1440,1,7.303632964915378e-05,600,16
1440,2,4.520297594656345e-08,1200,19
1440,3,0.02043640865029962,1800,12
1440,4,4.5675714588352215e-08,2400,3
1440,5,0.9924280380317937,3000,1
1441,0,6.5615838462167e-09,0,2
1441,1,7.303632964915378e-05,600,14
1441,2,4.3586673076651826e-08,1200,18
1441,3,0.02043640865029962,1800,16
1441,4,8.150722263238491e-08,2400,2
1441,5,0.9924280380317937,3000,2
1442,0,9.399066481672664e-09,0,2
1442,1,7.303632964915378e-05,600,17
1442,2,4.3586673076651826e-08,1200,14
1442,3,0.02043640865029962,1800,19
1442,4,6.729533234364644e-08,2400,2
1442,5,0.9924280380317937,3000,0
1443,0,9.399066481672664e-09,0,0
1443,1,7.303632964915378e-05,600,14
1443,2,4.3586673076651826e-08,1200,14
1443,3,0.02579696786551963,1800,25
1443,4,6.729533234364644e-08,2400,0
1443,5,0.992401665067637,3000,1
1444,0,1.2724612075808393e-08,0,4
1444,1,0.00016371303217800612,600,14
1444,2,4.716463702472085e-08,1200,24
1444,3,0.02579696786551963,1800,11
1444,4,6.729533234364644e-08,2400,1
1444,5,0.992401665067637,3000,0
1445,0,1.2724612075808393e-08,0,0
1445,1,0.00030602160693141096,600,13
1445,2,4.716463702472085e-08,1200,20
1445,3,0.02579696786551963,1800,17
1445,4,6.729533234364644e-08,2400,2
1445,5,0.9894641964966371,3000,2
1446,0,1.2724612075808393e-08,0,0
1446,1,0.00028558548896071874,600,8
1446,2,4.716463702472085e-08,1200,29
1446,3,0.02579696786551963,1800,14
1446,4,6.729533234364644e-08,2400,3
1446,5,0.995274455409031,3000,0
1447,0,1.2724612075808393e-08,0,1
1447,1,8.646890876650161e-05,600,16
1447,2,4.716463702472085e-08,1200,22
1447,3,0.02579696786551963,1800,13
1447,4,9.116274163261089e-08,2400,1
1447,5,0.995274455409031,3000,1
1448,0,1.2724612075808393e-08,0,1
1448,1,3.982798239264686e-05,600,16
1448,2,4.716463702472085e-08,1200,21
1448,3,0.016167033612840147,1800,13
1448,4,9.690292158536083e-08,2400,2
1448,5,0.995274455409031,3000,1
1449,0,1.1660026345022253e-08,0,2
1449,1,8.553864142827416e-05,600,10
1449,2,4.5971933839764284e-08,1200,25
1449,3,0.016167033612840147,1800,16
1449,4,9.690292158536083e-08,2400,1
1449,5,0.995274455409031,3000,0
1450,0,1.1660026345022253e-08,0,2
1450,1,3.77761951181385e-05,600,13
1450,2,4.5971933839764284e-08,1200,17
1450,3,0.016167033612840147,1800,16
1450,4,9.690292158536083e-08,2400,2
1450,5,0.9907421284618634,3000,4
1451,0,6.69837194572443e-09,0,1
1451,1,3.77761951181385e-05,600,17
1451,2,4.5971933839764284e-08,1200,21
1451,3,0.015595204429802967,1800,12
1451,4,9.690292158536083e-08,2400,1
1451,5,0.9891835604880985,3000,2
1452,0,6.69837194572443e-09,0,4
1452,1,3.9298232584297927e-05,600,13
1452,2,5.2112883510186404e-08,1200,22
1452,3,0.04862044897189738,1800,13
1452,4,9.690292158536083e-08,2400,1
1452,5,0.9891835604880985,3000,0
1453,0,6.69837194572443e-09,0,1
1453,1,3.239219121956775e-05,600,17
1453,2,5.2112883510186404e-08,1200,15
1453,3,0.040712196355699524,1800,18
1453,4,9.690292158536083e-08,2400,3
1453,5,0.9911139187121494,3000,0
1454,0,6.69837194572443e-09,0,2
1454,1,3.239219121956775e-05,600,11
1454,2,6.619137532222466e-08,1200,24
1454,3,0.04903982457699118,1800,14
1454,4,9.690292158536083e-08,2400,0
1454,5,0.9911139187121494,3000,3
1455,0,2.8726484885567465e-09,0,4
1455,1,4.586446128917746e-05,600,9
1455,2,6.619137532222466e-08,1200,24
1455,3,0.06479137968075388,1800,15
1455,4,9.690292158536083e-08,2400,1
1455,5,0.9911139187121494,3000,1
1456,0,2.216841287469665e-09,0,6
1456,1,4.586446128917746e-05,600,10
1456,2,5.989025105300376e-08,1200,15
1456,3,0.06479137968075388,1800,20
1456,4,9.690292158536083e-08,2400,2
1456,5,0.9932403661836631,3000,1
1457,0,2.216841287469665e-09,0,1
1457,1,7.202866068970181e-05,600,16
1457,2,5.989025105300376e-08,1200,17
1457,3,0.08055482494586053,1800,16
1457,4,9.690292158536083e-08,2400,3
1457,5,0.9932403661836631,3000,1
1458,0,5.576497526851098e-09,0,1
1458,1,5.56312757093385e-05,600,17
1458,2,5.989025105300376e-08,1200,22
1458,3,0.08055482494586053,1800,12
1458,4,9.690292158536083e-08,2400,1
1458,5,0.9932403661836631,3000,1
1459,0,3.8420063091762596e-09,0,4
1459,1,7.940397116795672e-05,600,17
1459,2,5.989025105300376e-08,1200,13
1459,3,0.09231784038697263,1800,17
1459,4,5.114287695534469e-08,2400,1
1459,5,0.9932403661836631,3000,2
1460,0,3.8420063091762596e-09,0,4
1460,1,0.00014614086562069124,600,17
1460,2,3.368000773992937e-08,1200,16
1460,3,0.09231784038697263,1800,12
1460,4,5.114287695534469e-08,2400,4
1460,5,0.9932403661836631,3000,1
1461,0,3.1040014072883455e-09,0,2
1461,1,0.00012740077770608118,600,18
1461,2,3.368000773992937e-08,1200,12
1461,3,0.09231784038697263,1800,19
1461,4,8.112046340855681e-08,2400,2
1461,5,0.9932403661836631,3000,1
1462,0,3.1040014072883455e-09,0,1
1462,1,0.00012740077770608118,600,19
1462,2,2.4039059149002125e-08,1200,19
1462,3,0.05701168070482253,1800,12
1462,4,8.112046340855681e-08,2400,1
1462,5,0.9932403661836631,3000,2
1463,0,2.26631169190441e-09,0,3
1463,1,0.00012740077770608118,600,18
1463,2,2.4039059149002125e-08,1200,16
1463,3,0.06742616041068285,1800,15
1463,4,8.557830910632337e-08,2400,0
1463,5,0.9927781365313361,3000,2
1464,0,2.8265194653719135e-09,0,4
1464,1,0.00012740077770608118,600,14
1464,2,1.9437406294094992e-08,1200,16
1464,3,0.06742616041068285,1800,13
1464,4,8.557830910632337e-08,2400,5
1464,5,0.9922870021642448,3000,2
1465,0,2.8265194653719135e-09,0,4
1465,1,0.00012740077770608118,600,11
1465,2,3.969892779551306e-08,1200,17
1465,3,0.04513675980737331,1800,16
1465,4,8.557830910632337e-08,2400,3
1465,5,0.9922870021642448,3000,1
1466,0,2.8265194653719135e-09,0,1
1466,1,0.00012740077770608118,600,15
1466,2,3.969892779551306e-08,1200,22
1466,3,0.05415783887235684,1800,14
1466,4,3.59397499298472e-08,2400,1
1466,5,0.9922870021642448,3000,1
1467,0,2.8265194653719135e-09,0,5
1467,1,0.00012740077770608118,600,15
1467,2,3.969892779551306e-08,1200,18
1467,3,0.04202804609677088,1800,13
1467,4,3.59397499298472e-08,2400,3
1467,5,0.9963110898001707,3000,0
1468,0,2.8265194653719135e-09,0,3
1468,1,0.00014739403129551137,600,12
1468,2,1.2501107454695552e-07,1200,20
1468,3,0.04202804609677088,1800,14
1468,4,3.59397499298472e-08,2400,4
1468,5,0.9963110898001707,3000,0
1469,0,2.8265194653719135e-09,0,2
1469,1,0.00024607394950310394,600,14
1469,2,1.2501107454695552e-07,1200,21
1469,3,0.04202804609677088,1800,15
1469,4,2.4469174229022308e-08,2400,2
1469,5,0.9963110898001707,3000,0
1470,0,2.609829761267728e-09,0,3
1470,1,0.00010911785310578121,600,25
1470,2,1.2501107454695552e-07,1200,10
1470,3,0.04324232960199127,1800,13
1470,4,2.4469174229022308e-08,2400,2
1470,5,0.9963110898001707,3000,0
1471,0,2.609829761267728e-09,0,4
1471,1,0.00010275893312739256,600,19
1471,2,1.2501107454695552e-07,1200,17
1471,3,0.027382795587789385,1800,12
1471,4,2.4469174229022308e-08,2400,2
1471,5,0.9963110898001707,3000,0
1472,0,2.701137841150153e-09,0,2
1472,1,0.00010275893312739256,600,19
1472,2,1.325534559123553e-07,1200,12
1472,3,0.026470207353940806,1800,21
1472,4,3.237539972708092e-08,2400,0
1472,5,0.9963110898001707,3000,0
1473,0,2.701137841150153e-09,0,2
1473,1,0.00010275893312739256,600,13
1473,2,1.325534559123553e-07,1200,18
1473,3,0.030962631726667782,1800,15
1473,4,3.237539972708092e-08,2400,3
1473,5,0.9965617591322591,3000,3
1474,0,4.581371333839997e-09,0,0
1474,1,0.00010275893312739256,600,14
1474,2,1.325534559123553e-07,1200,19
1474,3,0.02806982853561385,1800,18
1474,4,4.817554882472954e-08,2400,1
1474,5,0.9965617591322591,3000,1
1475,0,2.5453794954090897e-09,0,1
1475,1,0.00010275893312739256,600,8
1475,2,1.325534559123553e-07,1200,25
1475,3,0.014984856117760287,1800,16
1475,4,4.817554882472954e-08,2400,3
1475,5,0.9965617591322591,3000,1
1476,0,2.5453794954090897e-09,0,4
1476,1,5.898812871469822e-05,600,17
1476,2,1.325534559123553e-07,1200,14
1476,3,0.014984856117760287,1800,17
1476,4,3.4373006809923866e-08,2400,2
1476,5,0.9965617591322591,3000,0
1477,0,2.5453794954090897e-09,0,3
1477,1,5.898812871469822e-05,600,12
1477,2,1.6065858659165695e-07,1200,19
1477,3,0.017894735418334404,1800,16
1477,4,3.4373006809923866e-08,2400,3
1477,5,0.9965617591322591,3000,1
1478,0,2.5453794954090897e-09,0,2
1478,1,5.898812871469822e-05,600,13
1478,2,1.7679663071606934e-07,1200,27
1478,3,0.02899001730873216,1800,10
1478,4,4.65604652838044e-08,2400,2
1478,5,0.9965617591322591,3000,0
1479,0,2.2085643789436673e-09,0,0
1479,1,5.898812871469822e-05,600,13
1479,2,7.32167868433252e-08,1200,17
1479,3,0.02899001730873216,1800,23
1479,4,4.65604652838044e-08,2400,1
1479,5,0.9965617591322591,3000,0
1480,0,2.2085643789436673e-09,0,1
1480,1,5.898812871469822e-05,600,11
1480,2,5.951292563798503e-08,1200,24
1480,3,0.015856537732635408,1800,12
1480,4,4.65604652838044e-08,2400,4
1480,5,0.9934745803638836,3000,2
1481,0,2.2085643789436673e-09,0,2
1481,1,0.00013624997615664864,600,9
1481,2,5.951292563798503e-08,1200,20
1481,3,0.015856537732635408,1800,19
1481,4,4.65604652838044e-08,2400,2
1481,5,0.9924217705871109,3000,1
1482,0,2.2085643789436673e-09,0,0
1482,1,0.00018057096788304345,600,15
1482,2,5.951292563798503e-08,1200,22
1482,3,0.01212706385283296,1800,11
1482,4,5.519825557476346e-08,2400,3
1482,5,0.9926589100524402,3000,2
1483,0,2.2085643789436673e-09,0,2
1483,1,0.00023589310917831308,600,16
1483,2,5.951292563798503e-08,1200,19
1483,3,0.010683386370879573,1800,15
1483,4,5.519825557476346e-08,2400,1
1483,5,0.9926456424183289,3000,0
1484,0,3.1951613108008752e-09,0,2
1484,1,0.00023589310917831308,600,13
1484,2,7.146904384979409e-08,1200,18
1484,3,0.010683386370879573,1800,16
1484,4,5.519825557476346e-08,2400,3
1484,5,0.9940692402602865,3000,2
1485,0,3.1951613108008752e-09,0,3
1485,1,0.00023589310917831308,600,13
1485,2,6.287453892195703e-08,1200,20
1485,3,0.010683386370879573,1800,17
1485,4,5.519825557476346e-08,2400,1
1485,5,0.9982431573120006,3000,0
1486,0,4.0849518136979565e-09,0,2
1486,1,0.00033583731711090667,600,13
1486,2,6.287453892195703e-08,1200,18
1486,3,0.010683386370879573,1800,16
1486,4,5.519825557476346e-08,2400,5
1486,5,0.9982431573120006,3000,0
1487,0,4.484753655703367e-09,0,1
1487,1,0.0003738448069826862,600,21
1487,2,5.693105374868405e-08,1200,18
1487,3,0.010683386370879573,1800,10
1487,4,5.1301087068713075e-08,2400,2
1487,5,0.9982431573120006,3000,2
1488,0,7.722733182894006e-09,0,2
1488,1,0.0004893832020585806,600,9
1488,2,8.366012445134902e-08,1200,24
1488,3,0.014561184919038283,1800,13
1488,4,5.1301087068713075e-08,2400,5
1488,5,0.9982431573120006,3000,0
1489,0,7.722733182894006e-09,0,4
1489,1,0.0004893832020585806,600,19
1489,2,1.3543446698396254e-07,1200,23
1489,3,0.014561184919038283,1800,6
1489,4,5.1301087068713075e-08,2400,2
1489,5,0.996872950314537,3000,0
1490,0,9.201291391673414e-09,0,1
1490,1,0.0005232714235388234,600,15
1490,2,1.3543446698396254e-07,1200,17
1490,3,0.011085259715661783,1800,16
1490,4,5.1301087068713075e-08,2400,2
1490,5,0.996872950314537,3000,3
1491,0,9.201291391673414e-09,0,3
1491,1,0.00107476347986046,600,11
1491,2,1.3543446698396254e-07,1200,20
1491,3,0.006929408519162781,1800,14
1491,4,6.115917832709192e-08,2400,5
1491,5,0.996872950314537,3000,1
1492,0,9.201291391673414e-09,0,2
1492,1,0.00107476347986046,600,8
1492,2,1.4710498886918617e-07,1200,24
1492,3,0.006929408519162781,1800,17
1492,4,4.934377382419551e-08,2400,3
1492,5,0.996872950314537,3000,0
1493,0,1.2865737814525469e-08,0,3
1493,1,0.0012543401425241358,600,10
1493,2,1.4710498886918617e-07,1200,24
1493,3,0.006929408519162781,1800,17
1493,4,3.380704551195877e-08,2400,0
1493,5,0.9956553786424,3000,0
1494,0,1.2865737814525469e-08,0,3
1494,1,0.0012543401425241358,600,20
1494,2,6.145510314288501e-07,1200,16
1494,3,0.006929408519162781,1800,12
1494,4,3.380704551195877e-08,2400,3
1494,5,0.9956553786424,3000,0
1495,0,1.2865737814525469e-08,0,0
1495,1,0.0012543401425241358,600,13
1495,2,7.005519570895708e-07,1200,28
1495,3,0.008885722142617255,1800,13
1495,4,3.380704551195877e-08,2400,0
1495,5,0.9956553786424,3000,0
1496,0,1.6182287902443495e-08,0,0
1496,1,0.0012543401425241358,600,15
1496,2,7.005519570895708e-07,1200,20
1496,3,0.008885722142617255,1800,17
1496,4,1.0408692280652595e-08,2400,0
1496,5,0.9950279230272685,3000,2
1497,0,8.846850653035067e-09,0,3
1497,1,0.0012543401425241358,600,10
1497,2,3.2298582751084135e-07,1200,20
1497,3,0.008885722142617255,1800,20
1497,4,1.0408692280652595e-08,2400,1
1497,5,0.9952574081657051,3000,0
1498,0,8.846850653035067e-09,0,5
1498,1,0.0012543401425241358,600,13
1498,2,3.2298582751084135e-07,1200,18
1498,3,0.0033752664445652484,1800,14
1498,4,1.0408692280652595e-08,2400,3
1498,5,0.9932194936511801,3000,1
1499,0,7.58476055307736e-09,0,1
1499,1,0.001542663374105071,600,10
1499,2,7.36580098009573e-07,1200,18
1499,3,0.0033752664445652484,1800,23
1499,4,6.659945066702317e-09,2400,1
1499,5,0.9932194936511801,3000,1
1500,0,7.58476055307736e-09,0,0
1500,1,0.001542663374105071,600,16
1500,2,1.954355481846088e-06,1200,17
1500,3,0.0033752664445652484,1800,15
1500,4,6.659945066702317e-09,2400,3
1500,5,0.9898718642912832,3000,3
1501,0,2.210601311451568e-08,0,0
1501,1,0.001542663374105071,600,20
1501,2,2.6228843526438127e-06,1200,17
1501,3,0.0033752664445652484,1800,13
1501,4,7.2818075854241646e-09,2400,3
1501,5,0.9898718642912832,3000,1
1502,0,2.210601311451568e-08,0,1
1502,1,0.0025500092783019815,600,10
1502,2,2.6228843526438127e-06,1200,23
1502,3,0.0038358807472394806,1800,18
1502,4,7.2818075854241646e-09,2400,0
1502,5,0.9898718642912832,3000,2
1503,0,3.477083564959862e-08,0,1
1503,1,0.0025500092783019815,600,17
1503,2,2.7962448113059666e-06,1200,17
1503,3,0.0038358807472394806,1800,16
1503,4,6.9371253963083126e-09,2400,1
1503,5,0.9934034358070802,3000,2
1504,0,5.161377032368353e-08,0,3
1504,1,0.002065406103282257,600,14
1504,2,2.7962448113059666e-06,1200,21
1504,3,0.0038358807472394806,1800,12
1504,4,6.9371253963083126e-09,2400,2
1504,5,0.995891276246654,3000,1
1505,0,2.1047030045991817e-08,0,4
1505,1,0.002065406103282257,600,14
1505,2,2.7962448113059666e-06,1200,21
1505,3,0.0038358807472394806,1800,11
1505,4,6.9371253963083126e-09,2400,2
1505,5,0.9943251822258391,3000,2
1506,0,2.1047030045991817e-08,0,1
1506,1,0.002065406103282257,600,11
1506,2,2.5236467082045516e-06,1200,17
1506,3,0.005038651723502707,1800,21
1506,4,4.632507430857468e-09,2400,4
1506,5,0.9943251822258391,3000,0
1507,0,2.1047030045991817e-08,0,5
1507,1,0.0018681313020172858,600,14
1507,2,2.5236467082045516e-06,1200,22
1507,3,0.005038651723502707,1800,12
1507,4,4.632507430857468e-09,2400,1
1507,5,0.990966268860855,3000,0
1508,0,2.1047030045991817e-08,0,3
1508,1,0.0018681313020172858,600,20
1508,2,1.9943400044454504e-06,1200,17
1508,3,0.005038651723502707,1800,10
1508,4,6.799610384022458e-09,2400,2
1508,5,0.9918008135720502,3000,1
1509,0,5.3150077231076455e-08,0,1
1509,1,0.0018681313020172858,600,13
1509,2,1.9943400044454504e-06,1200,24
1509,3,0.005038651723502707,1800,14
1509,4,6.799610384022458e-09,2400,1
1509,5,0.9910358469066611,3000,1
1510,0,5.3150077231076455e-08,0,0
1510,1,0.0018681313020172858,600,16
1510,2,2.732807588462738e-06,1200,16
1510,3,0.005038651723502707,1800,14
1510,4,5.6018294521473324e-09,2400,4
1510,5,0.9830937371890088,3000,4
1511,0,1.988153703878788e-08,0,2
1511,1,0.0018681313020172858,600,13
1511,2,2.4370910205055567e-06,1200,23
1511,3,0.005038651723502707,1800,12
1511,4,5.6018294521473324e-09,2400,2
1511,5,0.9783315895644937,3000,1
1512,0,1.988153703878788e-08,0,4
1512,1,0.0021088572084691235,600,13
1512,2,2.4370910205055567e-06,1200,14
1512,3,0.0049987573212610156,1800,16
1512,4,7.089901583932867e-09,2400,5
1512,5,0.9783315895644937,3000,2
1513,0,1.988153703878788e-08,0,2
1513,1,0.0021088572084691235,600,13
1513,2,2.4370910205055567e-06,1200,19
1513,3,0.002294177803784923,1800,14
1513,4,7.005803308433984e-09,2400,2
1513,5,0.9783315895644937,3000,3
1514,0,8.117586359355264e-09,0,2
1514,1,0.0021088572084691235,600,16
1514,2,2.4370910205055567e-06,1200,17
1514,3,0.002294177803784923,1800,15
1514,4,6.029510386073096e-09,2400,1
1514,5,0.9783315895644937,3000,2
1515,0,8.117586359355264e-09,0,1
1515,1,0.0008532151330121801,600,13
1515,2,2.4370910205055567e-06,1200,19
1515,3,0.0026164420179844183,1800,19
1515,4,6.029510386073096e-09,2400,1
1515,5,0.9837025960689358,3000,1
1516,0,6.473899705963354e-09,0,3
1516,1,0.0008532151330121801,600,9
1516,2,2.4370910205055567e-06,1200,17
1516,3,0.002486502178732929,1800,19
1516,4,6.029510386073096e-09,2400,2
1516,5,0.9829009400235017,3000,4
1517,0,6.284985397657191e-09,0,0
1517,1,0.0008532151330121801,600,16
1517,2,2.4370910205055567e-06,1200,14
1517,3,0.002486502178732929,1800,20
1517,4,2.085666828467887e-09,2400,1
1517,5,0.9805435755933338,3000,3
1518,0,5.516014016854951e-09,0,1
1518,1,0.0009985057036202144,600,21
1518,2,2.4370910205055567e-06,1200,12
1518,3,0.002486502178732929,1800,16
1518,4,1.4380341463402839e-09,2400,2
1518,5,0.9805435755933338,3000,2
1519,0,5.516014016854951e-09,0,1
1519,1,0.0009985057036202144,600,16
1519,2,2.4370910205055567e-06,1200,23
1519,3,0.006298145636395813,1800,10
1519,4,1.4380341463402839e-09,2400,3
1519,5,0.9805435755933338,3000,1
1520,0,1.4291583505759698e-08,0,3
1520,1,0.0014668704697170325,600,13
1520,2,2.4370910205055567e-06,1200,19
1520,3,0.006298145636395813,1800,14
1520,4,9.671828515754424e-10,2400,3
1520,5,0.9805435755933338,3000,2
1521,0,2.226371909966806e-08,0,6
1521,1,0.0014668704697170325,600,10
1521,2,2.4370910205055567e-06,1200,25
1521,3,0.008131916528623669,1800,9
1521,4,9.671828515754424e-10,2400,2
1521,5,0.9802119660773566,3000,2
1522,0,2.226371909966806e-08,0,0
1522,1,0.0012701564203467435,600,18
1522,2,2.1649749847305684e-06,1200,25
1522,3,0.008131916528623669,1800,9
1522,4,1.173885954262848e-09,2400,1
1522,5,0.9724300886740149,3000,1
1523,0,2.226371909966806e-08,0,2
1523,1,0.0012701564203467435,600,12
1523,2,2.1649749847305684e-06,1200,22
1523,3,0.009652765916015433,1800,13
1523,4,7.992036592761386e-10,2400,1
1523,5,0.9776306687172844,3000,4
1524,0,3.964776134466077e-08,0,1
1524,1,0.0014915622394967966,600,12
1524,2,1.296115257942341e-06,1200,22
1524,3,0.009652765916015433,1800,12
1524,4,7.992036592761386e-10,2400,2
1524,5,0.9776306687172844,3000,5
1525,0,3.964776134466077e-08,0,3
1525,1,0.0014915622394967966,600,10
1525,2,3.898565455495156e-07,1200,21
1525,3,0.009652765916015433,1800,11
1525,4,9.408255404036918e-10,2400,3
1525,5,0.9776306687172844,3000,6
1526,0,3.964776134466077e-08,0,5
1526,1,0.0011854946545327054,600,18
1526,2,2.0500314275230842e-07,1200,20
1526,3,0.009124186525703074,1800,8
1526,4,9.408255404036918e-10,2400,1
1526,5,0.9834898095618164,3000,2
1527,0,2.8463993488876792e-08,0,1
1527,1,0.0007515283989306734,600,15
1527,2,2.0500314275230842e-07,1200,20
1527,3,0.009124186525703074,1800,13
1527,4,1.479360794141199e-09,2400,3
1527,5,0.9857927559560269,3000,2
1528,0,2.8463993488876792e-08,0,3
1528,1,0.0007515283989306734,600,6
1528,2,2.0500314275230842e-07,1200,22
1528,3,0.009728566689309626,1800,21
1528,4,7.994365802944339e-10,2400,2
1528,5,0.9905463231167668,3000,0
1529,0,2.8463993488876792e-08,0,4
1529,1,0.0007515283989306734,600,11
1529,2,2.0500314275230842e-07,1200,17
1529,3,0.009728566689309626,1800,21
1529,4,6.104145902876443e-10,2400,1
1529,5,0.9938447578476525,3000,0
1530,0,2.8463993488876792e-08,0,2
1530,1,0.0007515283989306734,600,10
1530,2,1.1849150743325488e-07,1200,20
1530,3,0.009728566689309626,1800,16
1530,4,1.1378814288682833e-09,2400,4
1530,5,0.9938447578476525,3000,1
1531,0,2.771333537463561e-08,0,3
1531,1,0.0007515283989306734,600,17
1531,2,1.1849150743325488e-07,1200,20
1531,3,0.009728566689309626,1800,11
1531,4,2.0167494328272556e-09,2400,1
1531,5,0.9949940761703666,3000,2
1532,0,2.771333537463561e-08,0,1
1532,1,0.0007515283989306734,600,12
1532,2,1.1849150743325488e-07,1200,19
1532,3,0.009728566689309626,1800,18
1532,4,2.4964172003331514e-09,2400,3
1532,5,0.995649923339342,3000,1
1533,0,2.771333537463561e-08,0,1
1533,1,0.0008090197487283141,600,13
1533,2,1.1849150743325488e-07,1200,16
1533,3,0.009728566689309626,1800,18
1533,4,2.2937275728803304e-09,2400,4
1533,5,0.9944257821357925,3000,2
1534,0,3.01091249193812e-08,0,0
1534,1,0.0007499317330139515,600,14
1534,2,1.1849150743325488e-07,1200,23
1534,3,0.009728566689309626,1800,16
1534,4,2.2937275728803304e-09,2400,1
1534,5,0.9956581698785948,3000,0
1535,0,3.01091249193812e-08,0,3
1535,1,0.0007499317330139515,600,14
1535,2,1.1849150743325488e-07,1200,22
1535,3,0.008132098055327375,1800,10
1535,4,2.0444055258825564e-09,2400,2
1535,5,0.995059565749134,3000,3
1536,0,3.01091249193812e-08,0,3
1536,1,0.0005780374801339402,600,16
1536,2,1.1849150743325488e-07,1200,19
1536,3,0.011135381124422444,1800,15
1536,4,2.0444055258825564e-09,2400,1
1536,5,0.9907952320766199,3000,0
1537,0,4.8637694513222514e-08,0,2
1537,1,0.0005780374801339402,600,16
1537,2,1.1849150743325488e-07,1200,17
1537,3,0.009970021265657977,1800,14
1537,4,2.0444055258825564e-09,2400,3
1537,5,0.9931576368168823,3000,2
1538,0,4.8637694513222514e-08,0,1
1538,1,0.0005780374801339402,600,14
1538,2,2.9016917431692535e-07,1200,23
1538,3,0.009970021265657977,1800,12
1538,4,2.0444055258825564e-09,2400,2
1538,5,0.9968240506378928,3000,0
1539,0,4.8637694513222514e-08,0,1
1539,1,0.0007551190719472464,600,19
1539,2,7.741753409660764e-07,1200,22
1539,3,0.009970021265657977,1800,11
1539,4,2.0444055258825564e-09,2400,1
1539,5,0.9973060151046553,3000,0
1540,0,5.108440787588177e-08,0,2
1540,1,0.001429146320409142,600,16
1540,2,7.741753409660764e-07,1200,19
1540,3,0.009970021265657977,1800,14
1540,4,1.7035675993699237e-09,2400,1
1540,5,0.9973060151046553,3000,2
1541,0,4.204197812162498e-08,0,2
1541,1,0.001429146320409142,600,13
1541,2,7.741753409660764e-07,1200,19
1541,3,0.009970021265657977,1800,18
1541,4,6.967864880179554e-10,2400,1
1541,5,0.9973060151046553,3000,0
1542,0,5.290265549152708e-08,0,2
1542,1,0.001429146320409142,600,16
1542,2,7.741753409660764e-07,1200,24
1542,3,0.012028884589441397,1800,11
1542,4,7.520030890921696e-10,2400,1
1542,5,0.9973060151046553,3000,0
1543,0,5.290265549152708e-08,0,3
1543,1,0.001429146320409142,600,12
1543,2,5.190814169844373e-07,1200,21
1543,3,0.012028884589441397,1800,14
1543,4,1.8922305344524736e-09,2400,2
1543,5,0.9973060151046553,3000,1
1544,0,5.290265549152708e-08,0,1
1544,1,0.001429146320409142,600,20
1544,2,5.190814169844373e-07,1200,20
1544,3,0.01741517691020849,1800,11
1544,4,1.8922305344524736e-09,2400,2
1544,5,0.998320272978831,3000,0
1545,0,2.8872450892572032e-08,0,2
1545,1,0.0017238469945324239,600,15
1545,2,5.190814169844373e-07,1200,24
1545,3,0.01741517691020849,1800,11
1545,4,1.7652991727158055e-09,2400,2
1545,5,0.9988891813990295,3000,0
1546,0,2.8872450892572032e-08,0,2
1546,1,0.0013470234236403228,600,10
1546,2,5.190814169844373e-07,1200,24
1546,3,0.01741517691020849,1800,18
1546,4,1.3101986392876505e-09,2400,0
1546,5,0.9988891813990295,3000,0
1547,0,2.277891900710364e-08,0,2
1547,1,0.0013470234236403228,600,18
1547,2,3.6771100266547534e-07,1200,18
1547,3,0.01741517691020849,1800,14
1547,4,1.3101986392876505e-09,2400,2
1547,5,0.9974353492893939,3000,0
1548,0,2.277891900710364e-08,0,1
1548,1,0.0017476338012719665,600,13
1548,2,3.6771100266547534e-07,1200,22
1548,3,0.02316452439211346,1800,12
1548,4,1.4660240428842759e-09,2400,6
1548,5,0.9974353492893939,3000,0
1549,0,2.8356387257085114e-08,0,2
1549,1,0.0017476338012719665,600,17
1549,2,3.6771100266547534e-07,1200,16
1549,3,0.05375158089971242,1800,14
1549,4,1.4660240428842759e-09,2400,4
1549,5,0.9974353492893939,3000,1
1550,0,1.8309442085233832e-08,0,3
1550,1,0.0017476338012719665,600,11
1550,2,3.6771100266547534e-07,1200,26
1550,3,0.05375158089971242,1800,14
1550,4,1.4660240428842759e-09,2400,0
1550,5,0.9969863313759887,3000,0
1551,0,1.8309442085233832e-08,0,3
1551,1,0.0017476338012719665,600,19
1551,2,4.436504736989038e-07,1200,14
1551,3,0.057792268649278555,1800,11
1551,4,1.0387525086965666e-09,2400,5
1551,5,0.9969863313759887,3000,0
1552,0,2.655650410012518e-08,0,4
1552,1,0.0017476338012719665,600,18
1552,2,4.436504736989038e-07,1200,9
1552,3,0.057792268649278555,1800,21
1552,4,7.351244102055668e-10,2400,2
1552,5,0.9969508907577844,3000,0
1553,0,2.655650410012518e-08,0,0
1553,1,0.0017476338012719665,600,22
1553,2,4.436504736989038e-07,1200,23
1553,3,0.05394536366635535,1800,7
1553,4,4.4408647046824937e-10,2400,1
1553,5,0.9969508907577844,3000,1
1554,0,2.655650410012518e-08,0,3
1554,1,0.0024135982432360124,600,19
1554,2,4.436504736989038e-07,1200,13
1554,3,0.0957119515884751,1800,13
1554,4,4.3267016223222594e-10,2400,5
1554,5,0.9969508907577844,3000,0
1555,0,2.2212351981941228e-08,0,4
1555,1,0.0023657979954018254,600,10
1555,2,4.436504736989038e-07,1200,25
1555,3,0.0957119515884751,1800,11
1555,4,6.92138482493132e-10,2400,3
1555,5,0.9966279869331536,3000,0
1556,0,2.2212351981941228e-08,0,3
1556,1,0.0017555652421426796,600,20
1556,2,4.1356899329746856e-07,1200,11
1556,3,0.0957119515884751,1800,15
1556,4,6.92138482493132e-10,2400,2
1556,5,0.9934331178610789,3000,3
1557,0,2.2212351981941228e-08,0,3
1557,1,0.0017555652421426796,600,13
1557,2,4.140105346920973e-07,1200,17
1557,3,0.051753834278268074,1800,15
1557,4,5.741645531796814e-10,2400,3
1557,5,0.9934331178610789,3000,3
1558,0,3.6936483140826526e-08,0,2
1558,1,0.002025856082448214,600,14
1558,2,4.0204594572180954e-07,1200,17
1558,3,0.051753834278268074,1800,16
1558,4,4.994028469880054e-10,2400,3
1558,5,0.9934331178610789,3000,2
1559,0,3.6936483140826526e-08,0,4
1559,1,0.0013426108413035307,600,9
1559,2,3.587023563779319e-07,1200,15
1559,3,0.051753834278268074,1800,22
1559,4,6.387242889757692e-10,2400,3
1559,5,0.9946256908242023,3000,1
1560,0,1.688625724903921e-08,0,3
1560,1,0.0012772670896907719,600,15
1560,2,3.7286528677811483e-07,1200,23
1560,3,0.051753834278268074,1800,8
1560,4,6.387242889757692e-10,2400,3
1560,5,0.9946256908242023,3000,1
1561,0,1.9717859938736158e-08,0,3
1561,1,0.0012772670896907719,600,16
1561,2,3.409043288971762e-07,1200,14
1561,3,0.051753834278268074,1800,19
1561,4,6.387242889757692e-10,2400,2
1561,5,0.9961871778012883,3000,0
1562,0,1.9717859938736158e-08,0,2
1562,1,0.0012772670896907719,600,15
1562,2,3.409043288971762e-07,1200,17
1562,3,0.048577419566615467,1800,17
1562,4,4.698470119424488e-10,2400,3
1562,5,0.9938639794745479,3000,0
1563,0,1.9717859938736158e-08,0,0
1563,1,0.0012772670896907719,600,19
1563,2,3.409043288971762e-07,1200,23
1563,3,0.048577419566615467,1800,8
1563,4,2.2183683986450553e-10,2400,3
1563,5,0.9964979484405435,3000,0
1564,0,1.9717859938736158e-08,0,1
1564,1,0.0012772670896907719,600,14
1564,2,1.9560039061473786e-07,1200,24
1564,3,0.08498430445457203,1800,13
1564,4,2.2183683986450553e-10,2400,2
1564,5,0.9964979484405435,3000,0
1565,0,1.9717859938736158e-08,0,2
1565,1,0.0010010813459598673,600,21
1565,2,1.9560039061473786e-07,1200,15
1565,3,0.08498430445457203,1800,14
1565,4,6.814794116387739e-10,2400,2
1565,5,0.9967630623187244,3000,0
1566,0,1.5836639929470113e-08,0,2
1566,1,0.0009986188044586349,600,16
1566,2,2.0294195887837764e-07,1200,22
1566,3,0.0808691384727063,1800,11
1566,4,6.814794116387739e-10,2400,2
1566,5,0.9969846755006225,3000,1
1567,0,1.5836639929470113e-08,0,1
1567,1,0.0009986188044586349,600,17
1567,2,1.947892641714754e-07,1200,23
1567,3,0.0671596914046462,1800,12
1567,4,1.22889335628326e-09,2400,1
1567,5,0.9967211122789115,3000,0
1568,0,2.0634201616087898e-08,0,2
1568,1,0.0013624747966244663,600,12
1568,2,1.947892641714754e-07,1200,19
1568,3,0.0685100439706734,1800,15
1568,4,1.39167940266179e-09,2400,3
1568,5,0.9967211122789115,3000,2
1569,0,2.0634201616087898e-08,0,1
1569,1,0.0018271688251806787,600,16
1569,2,6.82424184026002e-08,1200,19
1569,3,0.0685100439706734,1800,17
1569,4,1.39167940266179e-09,2400,1
1569,5,0.9967211122789115,3000,0
1570,0,4.432890333515617e-08,0,3
1570,1,0.0015683015806208806,600,17
1570,2,6.82424184026002e-08,1200,22
1570,3,0.06026223661475019,1800,9
1570,4,1.39167940266179e-09,2400,2
1570,5,0.9967211122789115,3000,1
1571,0,4.432890333515617e-08,0,0
1571,1,0.0015683015806208806,600,23
1571,2,4.181367187545917e-08,1200,11
1571,3,0.06026223661475019,1800,16
1571,4,1.39167940266179e-09,2400,4
1571,5,0.9986038977266567,3000,0
1572,0,4.432890333515617e-08,0,2
1572,1,0.0015683015806208806,600,13
1572,2,7.931643279543916e-08,1200,15
1572,3,0.06026223661475019,1800,19
1572,4,1.39167940266179e-09,2400,5
1572,5,0.9987670051673697,3000,0
1573,0,4.432890333515617e-08,0,4
1573,1,0.0015683015806208806,600,11
1573,2,1.078894467659011e-07,1200,26
1573,3,0.05931140953121789,1800,10
1573,4,1.39167940266179e-09,2400,1
1573,5,0.9983231994419932,3000,2
1574,0,3.811730442002314e-08,0,5
1574,1,0.0015683015806208806,600,10
1574,2,1.078894467659011e-07,1200,19
1574,3,0.11158307563197484,1800,18
1574,4,1.5475418091235385e-09,2400,1
1574,5,0.9983231994419932,3000,1
1575,0,3.811730442002314e-08,0,2
1575,1,0.0007745865326744463,600,13
1575,2,1.4610000669794134e-07,1200,21
1575,3,0.11158307563197484,1800,14
1575,4,1.5475418091235385e-09,2400,4
1575,5,0.9984489040531581,3000,0
1576,0,2.843069546039686e-08,0,1
1576,1,0.0007745865326744463,600,15
1576,2,1.1792054137110879e-07,1200,15
1576,3,0.11158307563197484,1800,22
1576,4,1.816087062761421e-09,2400,1
1576,5,0.9984489040531581,3000,0
1577,0,2.3189280165882863e-08,0,2
1577,1,0.0007745865326744463,600,20
1577,2,1.258866616884641e-07,1200,21
1577,3,0.11158307563197484,1800,9
1577,4,1.816087062761421e-09,2400,2
1577,5,0.9984489040531581,3000,0
1578,0,2.40906340206119e-08,0,3
1578,1,0.0007745865326744463,600,11
1578,2,1.5430152952108986e-07,1200,21
1578,3,0.08300781176270886,1800,16
1578,4,1.816087062761421e-09,2400,2
1578,5,0.9984489040531581,3000,1
1579,0,2.087104908675862e-08,0,3
1579,1,0.0007745865326744463,600,17
1579,2,1.2901309255945466e-07,1200,20
1579,3,0.071461990477477,1800,11
1579,4,1.816087062761421e-09,2400,3
1579,5,0.9984489040531581,3000,0
1580,0,2.087104908675862e-08,0,2
1580,1,0.0007745865326744463,600,12
1580,2,1.2901309255945466e-07,1200,27
1580,3,0.07274011448076333,1800,12
1580,4,2.411544086851444e-09,2400,1
1580,5,0.9991618224319796,3000,0
1581,0,2.087104908675862e-08,0,1
1581,1,0.0007745865326744463,600,17
1581,2,1.2901309255945466e-07,1200,22
1581,3,0.07274011448076333,1800,14
1581,4,2.411544086851444e-09,2400,0
1581,5,0.998353601745492,3000,0
1582,0,2.0159729447825654e-08,0,2
1582,1,0.0007745865326744463,600,19
1582,2,1.2273892745799834e-07,1200,24
1582,3,0.09654838380425781,1800,9
1582,4,2.411544086851444e-09,2400,0
1582,5,0.9976950404249522,3000,0
1583,0,2.0159729447825654e-08,0,2
1583,1,0.0004378626681425174,600,16
1583,2,1.2273892745799834e-07,1200,24
1583,3,0.11266303930145143,1800,11
1583,4,2.411544086851444e-09,2400,1
1583,5,0.998387344431459,3000,0
1584,0,1.2236735055340638e-08,0,1
1584,1,0.0004378626681425174,600,16
1584,2,1.8021369813644554e-07,1200,19
1584,3,0.0723494656626096,1800,16
1584,4,2.411544086851444e-09,2400,2
1584,5,0.998387344431459,3000,0
1585,0,1.2236735055340638e-08,0,2
1585,1,0.0003312537485628854,600,14
1585,2,1.8021369813644554e-07,1200,20
1585,3,0.05731515447444923,1800,14
1585,4,9.445202421009107e-10,2400,4
1585,5,0.998387344431459,3000,0
1586,0,1.2236735055340638e-08,0,2
1586,1,0.0003312537485628854,600,13
1586,2,1.6736136323248167e-07,1200,26
1586,3,0.05731515447444923,1800,9
1586,4,9.445202421009107e-10,2400,2
1586,5,0.9978481905106482,3000,2
1587,0,1.2236735055340638e-08,0,1
1587,1,0.0003312537485628854,600,22
1587,2,1.3354798205028473e-07,1200,18
1587,3,0.10903363346179064,1800,11
1587,4,9.445202421009107e-10,2400,1
1587,5,0.997358393720732,3000,1
1588,0,1.2236735055340638e-08,0,4
1588,1,0.0003312537485628854,600,13
1588,2,1.3354798205028473e-07,1200,19
1588,3,0.10903363346179064,1800,14
1588,4,9.445202421009107e-10,2400,4
1588,5,0.9988552368095011,3000,0
1589,0,1.5679560091638798e-08,0,3
1589,1,0.0001954338606114994,600,11
1589,2,1.3354798205028473e-07,1200,26
1589,3,0.15023055455338669,1800,11
1589,4,9.445202421009107e-10,2400,3
1589,5,0.9988552368095011,3000,0
1590,0,1.5679560091638798e-08,0,2
1590,1,0.0006821074997841876,600,16
1590,2,1.3354798205028473e-07,1200,15
1590,3,0.15023055455338669,1800,15
1590,4,9.445202421009107e-10,2400,5
1590,5,0.9988552368095011,3000,1
1591,0,1.5679560091638798e-08,0,6
1591,1,0.0006821074997841876,600,13
1591,2,1.3354798205028473e-07,1200,20
1591,3,0.15023055455338669,1800,13
1591,4,7.375217774062728e-10,2400,2
1591,5,0.9988552368095011,3000,0
1592,0,1.5679560091638798e-08,0,1
1592,1,0.0006821074997841876,600,23
1592,2,1.3354798205028473e-07,1200,16
1592,3,0.15023055455338669,1800,12
1592,4,7.375217774062728e-10,2400,2
1592,5,0.9994534239264097,3000,0
1593,0,1.5679560091638798e-08,0,6
1593,1,0.0008601427111503669,600,19
1593,2,1.3354798205028473e-07,1200,19
1593,3,0.19551775490752732,1800,10
1593,4,7.375217774062728e-10,2400,0
1593,5,0.9995679863032112,3000,0
1594,0,2.9086721249138987e-08,0,1
1594,1,0.0005358909464726441,600,17
1594,2,1.3354798205028473e-07,1200,14
1594,3,0.18449887215236185,1800,20
1594,4,7.375217774062728e-10,2400,2
1594,5,0.9995679863032112,3000,0
1595,0,8.895451723478211e-09,0,0
1595,1,0.0004542354557249762,600,23
1595,2,1.3354798205028473e-07,1200,15
1595,3,0.18449887215236185,1800,13
1595,4,7.375217774062728e-10,2400,3
1595,5,0.9995679863032112,3000,0
1596,0,1.3878028751103906e-08,0,3
1596,1,0.0004542354557249762,600,21
1596,2,1.3354798205028473e-07,1200,11
1596,3,0.18449887215236185,1800,14
1596,4,9.322638819947028e-10,2400,4
1596,5,0.9990222120004578,3000,1
1597,0,1.3878028751103906e-08,0,2
1597,1,0.0004542354557249762,600,18
1597,2,1.740489191471123e-07,1200,14
1597,3,0.19579494722307667,1800,14
1597,4,7.27816783293356e-10,2400,4
1597,5,0.9990222120004578,3000,1
1598,0,1.3878028751103906e-08,0,2
1598,1,0.0005072998350323902,600,19
1598,2,1.740489191471123e-07,1200,19
1598,3,0.1178432897999713,1800,13
1598,4,7.27816783293356e-10,2400,1
1598,5,0.9990222120004578,3000,0
1599,0,1.3878028751103906e-08,0,3
1599,1,0.0005072998350323902,600,16
1599,2,1.740489191471123e-07,1200,21
1599,3,0.19234096879695445,1800,10
1599,4,1.927512989078012e-09,2400,4
1599,5,0.9990222120004578,3000,0
1600,0,1.7485104628447328e-08,0,9
1600,1,0.0005072998350323902,600,21
1600,2,1.5137427570496258e-07,1200,13
1600,3,0.2677943982396618,1800,10
1600,4,1.927512989078012e-09,2400,1
1600,5,0.9990222120004578,3000,0
1601,0,1.7485104628447328e-08,0,0
1601,1,0.0005072998350323902,600,15
1601,2,2.9230639782617297e-07,1200,21
1601,3,0.2677943982396618,1800,13
1601,4,1.927512989078012e-09,2400,5
1601,5,0.9987456354822332,3000,0
1602,0,1.0461471516293658e-08,0,3
1602,1,0.0005072998350323902,600,21
1602,2,8.795032978032112e-07,1200,10
1602,3,0.2677943982396618,1800,12
1602,4,1.927512989078012e-09,2400,5
1602,5,0.9987456354822332,3000,2
1603,0,1.0461471516293658e-08,0,6
1603,1,0.0005072998350323902,600,14
1603,2,1.5367487192118506e-06,1200,18
1603,3,0.2677943982396618,1800,13
1603,4,1.927512989078012e-09,2400,3
1603,5,0.9983511978645623,3000,0
1604,0,1.0461471516293658e-08,0,6
1604,1,0.0005072998350323902,600,21
1604,2,1.5367487192118506e-06,1200,9
1604,3,0.32381334780464033,1800,14
1604,4,1.927512989078012e-09,2400,4
1604,5,0.9983511978645623,3000,0
1605,0,1.0461471516293658e-08,0,2
1605,1,0.0003636930323095111,600,19
1605,2,1.5367487192118506e-06,1200,17
1605,3,0.22423661411415916,1800,12
1605,4,1.1815236856568423e-09,2400,4
1605,5,0.9983511978645623,3000,0
1606,0,1.0461471516293658e-08,0,3
1606,1,0.0002297732925881926,600,16
1606,2,1.5367487192118506e-06,1200,16
1606,3,0.22423661411415916,1800,14
1606,4,1.213335845368851e-09,2400,4
1606,5,0.9980116052469727,3000,0
1607,0,1.0461471516293658e-08,0,1
1607,1,0.0002297732925881926,600,10
1607,2,1.5367487192118506e-06,1200,16
1607,3,0.20035826233337423,1800,24
1607,4,1.213335845368851e-09,2400,3
1607,5,0.9964291291942152,3000,0
1608,0,1.0461471516293658e-08,0,5
1608,1,0.00021643738952014827,600,21
1608,2,3.6593365295609786e-06,1200,7
1608,3,0.20035826233337423,1800,18
1608,4,1.213335845368851e-09,2400,1
1608,5,0.9967493985450208,3000,1
1609,0,1.0461471516293658e-08,0,4
1609,1,0.00021643738952014827,600,12
1609,2,1.3308690792520173e-06,1200,18
1609,3,0.21530566756224181,1800,16
1609,4,1.213335845368851e-09,2400,4
1609,5,0.9967493985450208,3000,0
1610,0,1.0461471516293658e-08,0,1
1610,1,0.00017179731951308952,600,14
1610,2,1.3308690792520173e-06,1200,21
1610,3,0.21530566756224181,1800,14
1610,4,2.2842635568329213e-09,2400,3
1610,5,0.9967493985450208,3000,1
1611,0,1.1809592681801339e-08,0,2
1611,1,0.0003133215994149931,600,17
1611,2,1.3308690792520173e-06,1200,14
1611,3,0.21530566756224181,1800,20
1611,4,1.5970707590295523e-09,2400,1
1611,5,0.9965429050559846,3000,0
1612,0,1.1809592681801339e-08,0,2
1612,1,0.0003133215994149931,600,19
1612,2,1.127785948281423e-06,1200,17
1612,3,0.21530566756224181,1800,14
1612,4,1.2490509237602573e-09,2400,1
1612,5,0.9957680251742129,3000,1
1613,0,1.1809592681801339e-08,0,4
1613,1,0.00021051005344279608,600,19
1613,2,9.710690878878954e-07,1200,18
1613,3,0.21530566756224181,1800,10
1613,4,1.8946455894186205e-09,2400,2
1613,5,0.9957680251742129,3000,1
1614,0,1.1809592681801339e-08,0,5
1614,1,0.00020157289834954497,600,13
1614,2,9.314085213642895e-07,1200,7
1614,3,0.2828614545050594,1800,25
1614,4,1.8946455894186205e-09,2400,3
1614,5,0.9957680251742129,3000,0
1615,0,1.1809592681801339e-08,0,8
1615,1,0.00020157289834954497,600,16
1615,2,9.314085213642895e-07,1200,13
1615,3,0.3318678200069139,1800,12
1615,4,2.2403926504587213e-09,2400,3
1615,5,0.9964173401256086,3000,2
1616,0,1.8272533336751548e-08,0,3
1616,1,0.00020157289834954497,600,17
1616,2,7.015407335714302e-07,1200,20
1616,3,0.3318678200069139,1800,11
1616,4,2.2403926504587213e-09,2400,3
1616,5,0.9947689510330063,3000,0
1617,0,1.8272533336751548e-08,0,4
1617,1,0.0001886320650276595,600,9
1617,2,7.015407335714302e-07,1200,15
1617,3,0.31212009509822575,1800,23
1617,4,2.2403926504587213e-09,2400,2
1617,5,0.9947689510330063,3000,1
1618,0,1.8272533336751548e-08,0,1
1618,1,0.0001886320650276595,600,25
1618,2,8.04927399873629e-07,1200,9
1618,3,0.33914100864067404,1800,13
1618,4,2.2403926504587213e-09,2400,4
1618,5,0.9957013691527722,3000,1
1619,0,1.8050674114477928e-08,0,2
1619,1,0.0001886320650276595,600,17
1619,2,8.04927399873629e-07,1200,20
1619,3,0.19112348969599155,1800,11
1619,4,2.2403926504587213e-09,2400,3
1619,5,0.9945493701722602,3000,1
1620,0,1.8050674114477928e-08,0,3
1620,1,0.0003033523076731127,600,20
1620,2,8.04927399873629e-07,1200,16
1620,3,0.22881065860430994,1800,14
1620,4,3.6040578143233972e-09,2400,1
1620,5,0.9945493701722602,3000,0
1621,0,1.8050674114477928e-08,0,1
1621,1,0.0002396670278214108,600,14
1621,2,8.04927399873629e-07,1200,24
1621,3,0.4147312816704827,1800,11
1621,4,3.6040578143233972e-09,2400,4
1621,5,0.9946979322828273,3000,0
1622,0,2.1261098048581273e-08,0,7
1622,1,0.0002396670278214108,600,16
1622,2,8.212686524546771e-07,1200,9
1622,3,0.4147312816704827,1800,18
1622,4,3.6040578143233972e-09,2400,4
1622,5,0.9962759478561616,3000,0
1623,0,2.1261098048581273e-08,0,2
1623,1,0.0003135263310167543,600,20
1623,2,5.898583867671482e-07,1200,10
1623,3,0.4147312816704827,1800,17
1623,4,3.6040578143233972e-09,2400,3
1623,5,0.994464984214029,3000,1
1624,0,2.1261098048581273e-08,0,6
1624,1,0.0003286496737828633,600,13
1624,2,5.898583867671482e-07,1200,16
1624,3,0.4147312816704827,1800,17
1624,4,3.6040578143233972e-09,2400,1
1624,5,0.9864527595706033,3000,0
1625,0,2.1261098048581273e-08,0,4
1625,1,0.0003286496737828633,600,15
1625,2,5.898583867671482e-07,1200,17
1625,3,0.21674590959910703,1800,13
1625,4,3.6040578143233972e-09,2400,2
1625,5,0.9864527595706033,3000,2
1626,0,2.1261098048581273e-08,0,2
1626,1,0.0003204113795583316,600,19
1626,2,7.386988904352017e-07,1200,12
1626,3,0.21674590959910703,1800,19
1626,4,3.6040578143233972e-09,2400,2
1626,5,0.9870941503604677,3000,0
1627,0,2.1261098048581273e-08,0,3
1627,1,0.0003204113795583316,600,14
1627,2,7.386988904352017e-07,1200,16
1627,3,0.21674590959910703,1800,18
1627,4,1.995897893498274e-09,2400,1
1627,5,0.9867977334410455,3000,2
1628,0,2.1261098048581273e-08,0,1
1628,1,0.0004018019405054552,600,14
1628,2,3.2858978061858435e-07,1200,21
1628,3,0.24228937192045097,1800,12
1628,4,1.995897893498274e-09,2400,4
1628,5,0.9867977334410455,3000,2
1629,0,2.1261098048581273e-08,0,2
1629,1,0.0004018019405054552,600,19
1629,2,2.654233129978867e-07,1200,21
1629,3,0.15185400088813975,1800,10
1629,4,1.7654113416921203e-09,2400,0
1629,5,0.9867977334410455,3000,2
1630,0,2.1261098048581273e-08,0,3
1630,1,0.0004018019405054552,600,22
1630,2,1.9667416130267312e-07,1200,18
1630,3,0.15185400088813975,1800,10
1630,4,1.714840386703891e-09,2400,0
1630,5,0.9915885764647515,3000,1
1631,0,2.1261098048581273e-08,0,3
1631,1,0.00047694732666428804,600,18
1631,2,1.9667416130267312e-07,1200,15
1631,3,0.15185400088813975,1800,15
1631,4,1.3267290016183533e-09,2400,3
1631,5,0.9934879852491212,3000,0
1632,0,2.1261098048581273e-08,0,1
1632,1,0.0006237192927784435,600,18
1632,2,1.9667416130267312e-07,1200,16
1632,3,0.14631524862012688,1800,16
1632,4,1.3267290016183533e-09,2400,3
1632,5,0.9973635957307561,3000,0
1633,0,2.1261098048581273e-08,0,3
1633,1,0.000984139794647669,600,13
1633,2,1.9399479755301697e-07,1200,16
1633,3,0.14631524862012688,1800,16
1633,4,1.0886389065955452e-09,2400,6
1633,5,0.9973635957307561,3000,0
1634,0,2.219222292661795e-08,0,0
1634,1,0.0008480114432323446,600,23
1634,2,2.424844119333977e-07,1200,16
1634,3,0.14631524862012688,1800,14
1634,4,1.0886389065955452e-09,2400,1
1634,5,0.9971711638940918,3000,0
1635,0,2.219222292661795e-08,0,2
1635,1,0.0008480114432323446,600,15
1635,2,4.772891489708764e-07,1200,21
1635,3,0.14367402112545768,1800,14
1635,4,1.4338625460869607e-09,2400,1
1635,5,0.9971711638940918,3000,0
1636,0,2.219222292661795e-08,0,3
1636,1,0.0008480114432323446,600,17
1636,2,4.772891489708764e-07,1200,16
1636,3,0.14367402112545768,1800,17
1636,4,1.0933137276504707e-09,2400,0
1636,5,0.993420277904598,3000,1
1637,0,2.219222292661795e-08,0,1
1637,1,0.0005339466114971952,600,12
1637,2,4.772891489708764e-07,1200,18
1637,3,0.1406228934630234,1800,20
1637,4,9.86199068104269e-10,2400,1
1637,5,0.993420277904598,3000,0
1638,0,2.219222292661795e-08,0,4
1638,1,0.0003421500299690275,600,20
1638,2,6.232428786687136e-07,1200,17
1638,3,0.11111916008684318,1800,8
1638,4,9.86199068104269e-10,2400,4
1638,5,0.993420277904598,3000,1
1639,0,8.311696169956343e-09,0,2
1639,1,0.0005702314184001141,600,16
1639,2,6.232428786687136e-07,1200,16
1639,3,0.11111916008684318,1800,16
1639,4,9.86199068104269e-10,2400,1
1639,5,0.9909052552404413,3000,2
1640,0,8.311696169956343e-09,0,1
1640,1,0.0005702314184001141,600,19
1640,2,6.232428786687136e-07,1200,17
1640,3,0.07788618934207894,1800,15
1640,4,5.944723374873376e-10,2400,1
1640,5,0.9956391446603953,3000,1
1641,0,8.311696169956343e-09,0,2
1641,1,0.0005873467591618321,600,10
1641,2,9.093865986233182e-07,1200,18
1641,3,0.07788618934207894,1800,23
1641,4,5.944723374873376e-10,2400,0
1641,5,0.992752048504751,3000,1
1642,0,1.0931997493216372e-08,0,3
1642,1,0.0003835134838913316,600,15
1642,2,9.093865986233182e-07,1200,16
1642,3,0.07788618934207894,1800,17
1642,4,7.465808268945427e-10,2400,3
1642,5,0.992752048504751,3000,0
1643,0,1.0931997493216372e-08,0,2
1643,1,0.0003835134838913316,600,18
1643,2,1.0477821765636173e-06,1200,14
1643,3,0.052088007756422895,1800,14
1643,4,7.465808268945427e-10,2400,4
1643,5,0.994251038433909,3000,2
1644,0,1.0931997493216372e-08,0,2
1644,1,0.0003835134838913316,600,18
1644,2,1.0477821765636173e-06,1200,16
1644,3,0.05104126004554153,1800,11
1644,4,6.34843617498499e-10,2400,4
1644,5,0.9932446225997132,3000,2
1645,0,1.0931997493216372e-08,0,2
1645,1,0.0003835134838913316,600,19
1645,2,7.166769602023084e-07,1200,18
1645,3,0.05104126004554153,1800,12
1645,4,2.2783841322686369e-10,2400,3
1645,5,0.9936899864675806,3000,0
1646,0,1.0931997493216372e-08,0,3
1646,1,0.00033171570511614625,600,10
1646,2,7.166769602023084e-07,1200,22
1646,3,0.04446748391620173,1800,16
1646,4,2.2783841322686369e-10,2400,2
1646,5,0.9917056252572131,3000,1
1647,0,1.0931997493216372e-08,0,5
1647,1,0.00033171570511614625,600,13
1647,2,4.6811267304164266e-07,1200,21
1647,3,0.01659992421988738,1800,11
1647,4,2.2783841322686369e-10,2400,0
1647,5,0.9881923228063426,3000,4
1648,0,1.0931997493216372e-08,0,1
1648,1,0.00033171570511614625,600,13
1648,2,2.134078036062304e-07,1200,23
1648,3,0.01659992421988738,1800,15
1648,4,2.2783841322686369e-10,2400,2
1648,5,0.9882223225073797,3000,0
1649,0,1.271419690336213e-08,0,1
1649,1,0.00033171570511614625,600,18
1649,2,2.134078036062304e-07,1200,16
1649,3,0.014779304780758775,1800,13
1649,4,2.2783841322686369e-10,2400,6
1649,5,0.9882223225073797,3000,0
1650,0,8.334320906511395e-09,0,2
1650,1,0.000699780798198561,600,9
1650,2,2.679313957166043e-07,1200,25
1650,3,0.014779304780758775,1800,14
1650,4,2.2783841322686369e-10,2400,3
1650,5,0.9882223225073797,3000,1
1651,0,8.334320906511395e-09,0,0
1651,1,0.00034840754667697557,600,14
1651,2,1.309273465306869e-07,1200,19
1651,3,0.014779304780758775,1800,17
1651,4,2.2783841322686369e-10,2400,2
1651,5,0.9838239103777708,3000,2
1652,0,5.122593719018674e-09,0,3
1652,1,0.00034865234585768084,600,13
1652,2,1.5268101604682646e-07,1200,20
1652,3,0.016909162325553503,1800,10
1652,4,2.1543163845391885e-10,2400,2
1652,5,0.9838239103777708,3000,5
1653,0,3.2837198684244616e-09,0,0
1653,1,0.00034865234585768084,600,17
1653,2,1.5268101604682646e-07,1200,21
1653,3,0.02731333918159415,1800,15
1653,4,2.1543163845391885e-10,2400,0
1653,5,0.979293584282504,3000,1
1654,0,3.2837198684244616e-09,0,0
1654,1,0.00040274040219147827,600,14
1654,2,1.5268101604682646e-07,1200,15
1654,3,0.022839579526091346,1800,21
1654,4,2.1543163845391885e-10,2400,2
1654,5,0.979293584282504,3000,2
1655,0,3.2837198684244616e-09,0,1
1655,1,0.00034022692870343935,600,11
1655,2,1.4273238595135692e-07,1200,17
1655,3,0.012453352963932813,1800,18
1655,4,2.2740499879474504e-10,2400,3
1655,5,0.979293584282504,3000,4
1656,0,2.5324619447348837e-09,0,1
1656,1,0.00034022692870343935,600,19
1656,2,1.4273238595135692e-07,1200,13
1656,3,0.012453352963932813,1800,15
1656,4,2.2740499879474504e-10,2400,1
1656,5,0.9742885280259379,3000,5
1657,0,3.9019074698930264e-09,0,0
1657,1,0.00034022692870343935,600,13
1657,2,1.7103634765278816e-07,1200,22
1657,3,0.012453352963932813,1800,14
1657,4,2.2740499879474504e-10,2400,2
1657,5,0.9742885280259379,3000,3
1658,0,4.626120903778207e-09,0,0
1658,1,0.00034022692870343935,600,18
1658,2,1.5620219324659207e-07,1200,11
1658,3,0.008413041553286836,1800,17
1658,4,2.2740499879474504e-10,2400,2
1658,5,0.9742885280259379,3000,2
1659,0,4.626120903778207e-09,0,1
1659,1,0.00034022692870343935,600,14
1659,2,1.5620219324659207e-07,1200,21
1659,3,0.01747519377405861,1800,12
1659,4,2.2740499879474504e-10,2400,2
1659,5,0.9837221230294081,3000,4
1660,0,4.626120903778207e-09,0,2
1660,1,0.000856571753301695,600,14
1660,2,1.3037087708119422e-07,1200,24
1660,3,0.01747519377405861,1800,9
1660,4,2.0206151244828747e-10,2400,2
1660,5,0.9837221230294081,3000,3
1661,0,3.773583585012287e-09,0,2
1661,1,0.0007620024261711276,600,14
1661,2,1.3037087708119422e-07,1200,21
1661,3,0.01747519377405861,1800,12
1661,4,1.1329179235267194e-10,2400,1
1661,5,0.9837221230294081,3000,3
1662,0,3.773583585012287e-09,0,2
1662,1,0.001014871053135547,600,17
1662,2,1.999333460990497e-07,1200,18
1662,3,0.01747519377405861,1800,15
1662,4,1.1329179235267194e-10,2400,0
1662,5,0.9799738861981729,3000,2
1663,0,3.773583585012287e-09,0,1
1663,1,0.001014871053135547,600,10
1663,2,2.8752117608081007e-07,1200,22
1663,3,0.016786598582731405,1800,15
1663,4,1.1329179235267194e-10,2400,4
1663,5,0.9887677466317923,3000,2
1664,0,3.400845195662537e-09,0,4
1664,1,0.001014871053135547,600,16
1664,2,2.8752117608081007e-07,1200,21
1664,3,0.014719790361177827,1800,6
1664,4,2.158312270293352e-10,2400,4
1664,5,0.9887677466317923,3000,2
1665,0,3.400845195662537e-09,0,2
1665,1,0.001014871053135547,600,16
1665,2,2.8752117608081007e-07,1200,16
1665,3,0.004718151881892509,1800,15
1665,4,2.158312270293352e-10,2400,4
1665,5,0.9830227588074228,3000,0
1666,0,2.546914381824057e-09,0,1
1666,1,0.001014871053135547,600,17
1666,2,2.8752117608081007e-07,1200,16
1666,3,0.0055268799867909365,1800,16
1666,4,1.8795555087033568e-10,2400,2
1666,5,0.9830227588074228,3000,2
1667,0,2.2705268840142605e-09,0,0
1667,1,0.001014871053135547,600,11
1667,2,4.0718541151012656e-07,1200,22
1667,3,0.005161173053375598,1800,15
1667,4,1.8795555087033568e-10,2400,3
1667,5,0.9830227588074228,3000,3
1668,0,2.577810844803901e-09,0,3
1668,1,0.00093464398566158,600,10
1668,2,5.630846390110439e-07,1200,22
1668,3,0.007117023923214965,1800,16
1668,4,1.7118047846983704e-10,2400,0
1668,5,0.9830227588074228,3000,3
1669,0,2.577810844803901e-09,0,1
1669,1,0.00093464398566158,600,14
1669,2,6.65374180207094e-07,1200,19
1669,3,0.006227953566971585,1800,14
1669,4,8.642190055988201e-11,2400,5
1669,5,0.9830227588074228,3000,1
1670,0,2.577810844803901e-09,0,0
1670,1,0.00093464398566158,600,15
1670,2,9.936176574342176e-07,1200,20
1670,3,0.006156994239054923,1800,12
1670,4,8.642190055988201e-11,2400,2
1670,5,0.9829296915773628,3000,5
1671,0,2.432057743708591e-09,0,2
1671,1,0.00093464398566158,600,12
1671,2,9.936176574342176e-07,1200,21
1671,3,0.006156994239054923,1800,12
1671,4,8.642190055988201e-11,2400,4
1671,5,0.9778109927019083,3000,3
1672,0,2.432057743708591e-09,0,6
1672,1,0.00093464398566158,600,22
1672,2,2.3354534293574304e-06,1200,15
1672,3,0.006156994239054923,1800,8
1672,4,8.642190055988201e-11,2400,2
1672,5,0.9540270909832524,3000,1
1673,0,2.432057743708591e-09,0,1
1673,1,0.0006689490194440297,600,15
1673,2,4.1682442154075585e-06,1200,20
1673,3,0.006156994239054923,1800,10
1673,4,8.141984587267615e-11,2400,4
1673,5,0.9540270909832524,3000,4
1674,0,1.7794967246713836e-09,0,3
1674,1,0.0006689490194440297,600,13
1674,2,4.1682442154075585e-06,1200,20
1674,3,0.02137665977693359,1800,13
1674,4,1.1093544965895597e-10,2400,2
1674,5,0.9540270909832524,3000,3
1675,0,1.7794967246713836e-09,0,3
1675,1,0.0004062685976065977,600,14
1675,2,4.202484832156613e-06,1200,12
1675,3,0.02137665977693359,1800,13
1675,4,8.621052981740133e-11,2400,5
1675,5,0.9184664291293364,3000,6
1676,0,1.7713215846221255e-09,0,2
1676,1,0.0004062685976065977,600,6
1676,2,1.615807045940146e-06,1200,18
1676,3,0.02137665977693359,1800,16
1676,4,8.621052981740133e-11,2400,1
1676,5,0.9184664291293364,3000,11
1677,0,1.7713215846221255e-09,0,1
1677,1,0.00015291888469120464,600,9
1677,2,1.615807045940146e-06,1200,23
1677,3,0.02137665977693359,1800,9
1677,4,6.241737859746165e-11,2400,2
1677,5,0.9089899826427011,3000,9
1678,0,2.7147561278155634e-09,0,2
1678,1,0.00015291888469120464,600,12
1678,2,1.615807045940146e-06,1200,20
1678,3,0.052114335250826746,1800,14
1678,4,6.241737859746165e-11,2400,1
1678,5,0.9089899826427011,3000,5
1679,0,2.7147561278155634e-09,0,4
1679,1,0.00015291888469120464,600,12
1679,2,1.615807045940146e-06,1200,15
1679,3,0.06133148980103303,1800,12
1679,4,1.6158504280815073e-10,2400,2
1679,5,0.9089899826427011,3000,9
1680,0,2.7147561278155634e-09,0,1
1680,1,9.471786786118817e-05,600,17
1680,2,1.615807045940146e-06,1200,13
1680,3,0.08051581253377092,1800,16
1680,4,1.6158504280815073e-10,2400,2
1680,5,0.9194463128002232,3000,4
1681,0,2.967056967109344e-09,0,2
1681,1,9.471786786118817e-05,600,9
1681,2,1.8345435934910428e-06,1200,17
1681,3,0.08051581253377092,1800,19
1681,4,1.6158504280815073e-10,2400,1
1681,5,0.9194463128002232,3000,6
1682,0,2.967056967109344e-09,0,7
1682,1,9.471786786118817e-05,600,12
1682,2,1.4320069313313263e-06,1200,19
1682,3,0.0717076624242694,1800,12
1682,4,1.6158504280815073e-10,2400,2
1682,5,0.9194463128002232,3000,2
1683,0,2.967056967109344e-09,0,7
1683,1,9.471786786118817e-05,600,15
1683,2,1.4320069313313263e-06,1200,8
1683,3,0.05663444439188446,1800,17
1683,4,1.6158504280815073e-10,2400,0
1683,5,0.9086242273002658,3000,7
1684,0,3.6034803611917448e-09,0,2
1684,1,8.196411281700758e-05,600,14
1684,2,1.5984018740198153e-06,1200,12
1684,3,0.05663444439188446,1800,18
1684,4,1.313280260035704e-10,2400,1
1684,5,0.9086242273002658,3000,7
1685,0,3.6034803611917448e-09,0,0
1685,1,5.890998510301527e-05,600,17
1685,2,1.5984018740198153e-06,1200,8
1685,3,0.05663444439188446,1800,21
1685,4,8.457508781747654e-11,2400,3
1685,5,0.937714446688379,3000,5
1686,0,4.004790352075103e-09,0,3
1686,1,3.550381964614707e-05,600,13
1686,2,1.5984018740198153e-06,1200,19
1686,3,0.05162289454060945,1800,13
1686,4,9.01062303040794e-11,2400,2
1686,5,0.937714446688379,3000,4
1687,0,4.004790352075103e-09,0,1
1687,1,3.0326417044976184e-05,600,16
1687,2,1.488855915588738e-06,1200,14
1687,3,0.08258874857965583,1800,16
1687,4,9.01062303040794e-11,2400,2
1687,5,0.9430207158068293,3000,5
1688,0,3.7106266783696317e-09,0,2
1688,1,3.0326417044976184e-05,600,14
1688,2,1.488855915588738e-06,1200,10
1688,3,0.05711530814938853,1800,13
1688,4,1.4366520629319868e-10,2400,4
1688,5,0.9430207158068293,3000,11
1689,0,6.180802286382088e-09,0,3
1689,1,3.0326417044976184e-05,600,16
1689,2,1.779316988764737e-06,1200,14
1689,3,0.05711530814938853,1800,13
1689,4,1.4366520629319868e-10,2400,1
1689,5,0.9382206230041213,3000,7
1690,0,6.180802286382088e-09,0,4
1690,1,3.0326417044976184e-05,600,8
1690,2,2.5177271127757764e-06,1200,15
1690,3,0.05014913101161699,1800,8
1690,4,1.2999968180579407e-10,2400,10
1690,5,0.9061242361832372,3000,9
1691,0,5.306880171995999e-09,0,4
1691,1,2.266967803900361e-05,600,11
1691,2,4.194329082274282e-06,1200,11
1691,3,0.05014913101161699,1800,16
1691,4,1.1715555511479676e-10,2400,2
1691,5,0.9061242361832372,3000,10
1692,0,5.306880171995999e-09,0,1
1692,1,2.266967803900361e-05,600,13
1692,2,3.392817310544684e-06,1200,11
1692,3,0.05014913101161699,1800,21
1692,4,1.1715555511479676e-10,2400,4
1692,5,0.9061242361832372,3000,4
1693,0,6.338009590971416e-09,0,2
1693,1,2.266967803900361e-05,600,13
1693,2,3.392817310544684e-06,1200,17
1693,3,0.045487258110460345,1800,12
1693,4,8.265190977272085e-11,2400,2
1693,5,0.8653225768088002,3000,8
1694,0,6.338009590971416e-09,0,4
1694,1,2.266967803900361e-05,600,14
1694,2,5.27401136884374e-06,1200,15
1694,3,0.045487258110460345,1800,14
1694,4,1.0045665770985901e-10,2400,0
1694,5,0.9072743324249137,3000,7
1695,0,6.338009590971416e-09,0,2
1695,1,2.266967803900361e-05,600,15
1695,2,8.1083193373836e-06,1200,11
1695,3,0.05645305428075626,1800,18
1695,4,1.0045665770985901e-10,2400,0
1695,5,0.9246009560455475,3000,8
1696,0,4.93149892580237e-09,0,1
1696,1,1.8590025513184047e-05,600,12
1696,2,8.1083193373836e-06,1200,15
1696,3,0.0471504586322962,1800,14
1696,4,1.0045665770985901e-10,2400,3
1696,5,0.9167557815109779,3000,9
1697,0,4.93149892580237e-09,0,0
1697,1,3.0147625386946342e-05,600,14
1697,2,1.2992837694990492e-05,1200,20
1697,3,0.05148405993811339,1800,12
1697,4,1.0045665770985901e-10,2400,1
1697,5,0.9167557815109779,3000,7
1698,0,4.93149892580237e-09,0,2
1698,1,3.0147625386946342e-05,600,17
1698,2,8.827156677698358e-06,1200,16
1698,3,0.07547262686363616,1800,8
1698,4,1.0191753584605411e-10,2400,5
1698,5,0.9167557815109779,3000,6
1699,0,2.757331932323811e-09,0,0
1699,1,3.0147625386946342e-05,600,14
1699,2,8.827156677698358e-06,1200,13
1699,3,0.07547262686363616,1800,14
1699,4,1.3268864887122698e-10,2400,2
1699,5,0.8901960248540801,3000,11
1700,0,2.0834016840963747e-09,0,2
1700,1,5.2152446083057806e-05,600,15
1700,2,8.827156677698358e-06,1200,13
1700,3,0.07547262686363616,1800,19
1700,4,1.3268864887122698e-10,2400,1
1700,5,0.8821348960315948,3000,4
1701,0,2.4152846294834076e-09,0,2
1701,1,4.807986674077234e-05,600,18
1701,2,8.827156677698358e-06,1200,11
1701,3,0.07547262686363616,1800,16
1701,4,6.889970998442866e-11,2400,1
1701,5,0.8821348960315948,3000,6
1702,0,1.6231588190409675e-09,0,2
1702,1,6.160266905109508e-05,600,13
1702,2,8.827156677698358e-06,1200,14
1702,3,0.1274953821024787,1800,15
1702,4,6.889970998442866e-11,2400,4
1702,5,0.8821348960315948,3000,6
1703,0,8.044496406529271e-10,0,4
1703,1,6.160266905109508e-05,600,13
1703,2,8.827156677698358e-06,1200,12
1703,3,0.19261077368176927,1800,10
1703,4,6.889970998442866e-11,2400,2
1703,5,0.8821348960315948,3000,13
1704,0,8.044496406529271e-10,0,0
1704,1,6.751632510083992e-05,600,22
1704,2,1.1713419486008183e-05,1200,8
1704,3,0.19261077368176927,1800,13
1704,4,6.889970998442866e-11,2400,1
1704,5,0.8821348960315948,3000,10
1705,0,8.044496406529271e-10,0,2
1705,1,6.751632510083992e-05,600,15
1705,2,1.8878745304656493e-05,1200,11
1705,3,0.19261077368176927,1800,14
1705,4,6.889970998442866e-11,2400,2
1705,5,0.8961829166654135,3000,10
1706,0,8.044496406529271e-10,0,3
1706,1,6.751632510083992e-05,600,14
1706,2,3.1111839320883385e-05,1200,13
1706,3,0.10847126281316159,1800,11
1706,4,6.889970998442866e-11,2400,4
1706,5,0.8961829166654135,3000,9
1707,0,5.861823172713412e-10,0,3
1707,1,6.751632510083992e-05,600,11
1707,2,3.1111839320883385e-05,1200,17
1707,3,0.0874070160016218,1800,16
1707,4,6.889970998442866e-11,2400,1
1707,5,0.9409674315339787,3000,6
1708,0,1.0101053278349327e-09,0,0
1708,1,6.751632510083992e-05,600,10
1708,2,3.1111839320883385e-05,1200,13
1708,3,0.0874070160016218,1800,21
1708,4,1.3724380074301535e-10,2400,3
1708,5,0.9409674315339787,3000,7
1709,0,1.0101053278349327e-09,0,2
1709,1,4.8176501040030016e-05,600,15
1709,2,7.645786531331269e-05,1200,18
1709,3,0.0874070160016218,1800,11
1709,4,1.3724380074301535e-10,2400,2
1709,5,0.9409674315339787,3000,6
1710,0,1.0101053278349327e-09,0,0
1710,1,4.8176501040030016e-05,600,11
1710,2,0.00019784405574444029,1200,11
1710,3,0.0874070160016218,1800,17
1710,4,7.577723092493746e-11,2400,2
1710,5,0.9409674315339787,3000,13
1711,0,1.910216674851547e-09,0,0
1711,1,5.961876045037406e-05,600,14
1711,2,0.00019784405574444029,1200,21
1711,3,0.0874070160016218,1800,10
1711,4,7.577723092493746e-11,2400,5
1711,5,0.9409674315339787,3000,4
1712,0,3.0014004553429876e-09,0,2
1712,1,5.961876045037406e-05,600,18
1712,2,0.00019784405574444029,1200,13
1712,3,0.0874070160016218,1800,11
1712,4,4.392304544716787e-11,2400,2
1712,5,0.9641408677096976,3000,8
1713,0,3.0014004553429876e-09,0,3
1713,1,5.961876045037406e-05,600,15
1713,2,0.00014058717300035516,1200,17
1713,3,0.07216475283952402,1800,12
1713,4,4.392304544716787e-11,2400,4
1713,5,0.9426359730194227,3000,3
1714,0,2.91543543465729e-09,0,1
1714,1,5.961876045037406e-05,600,20
1714,2,0.00010355915880343698,1200,14
1714,3,0.07586352815256227,1800,12
1714,4,5.503903584162416e-11,2400,3
1714,5,0.9426359730194227,3000,4
1715,0,5.2693481021707536e-09,0,3
1715,1,8.361341311040666e-05,600,14
1715,2,0.00010355915880343698,1200,11
1715,3,0.07586352815256227,1800,17
1715,4,5.503903584162416e-11,2400,2
1715,5,0.9426359730194227,3000,6
1716,0,5.2693481021707536e-09,0,1
1716,1,4.2088661963768354e-05,600,15
1716,2,0.00010355915880343698,1200,17
1716,3,0.07586352815256227,1800,13
1716,4,2.2247066140992493e-11,2400,2
1716,5,0.9426359730194227,3000,6
1717,0,3.0858759728405148e-09,0,1
1717,1,4.2088661963768354e-05,600,15
1717,2,0.00010355915880343698,1200,12
1717,3,0.04239559977735355,1800,17
1717,4,2.705926816165578e-11,2400,0
1717,5,0.9426359730194227,3000,9
1718,0,3.0858759728405148e-09,0,4
1718,1,4.2088661963768354e-05,600,14
1718,2,8.134133071006845e-05,1200,16
1718,3,0.09720377932662275,1800,12
1718,4,2.705926816165578e-11,2400,3
1718,5,0.9426359730194227,3000,5
1719,0,4.0470164496744946e-09,0,2
1719,1,4.2088661963768354e-05,600,12
1719,2,8.134133071006845e-05,1200,17
1719,3,0.07040503857425946,1800,12
1719,4,2.791059133136902e-11,2400,2
1719,5,0.9510452008978952,3000,9
1720,0,5.572345923639991e-09,0,2
1720,1,4.2088661963768354e-05,600,21
1720,2,0.0001871811044586127,1200,15
1720,3,0.07040503857425946,1800,14
1720,4,2.791059133136902e-11,2400,1
1720,5,0.9609377157522313,3000,1
1721,0,5.572345923639991e-09,0,0
1721,1,1.729961297534213e-05,600,18
1721,2,0.00015392519576546286,1200,15
1721,3,0.0860865150043369,1800,14
1721,4,2.791059133136902e-11,2400,1
1721,5,0.9609377157522313,3000,5
1722,0,3.443333109402928e-09,0,2
1722,1,1.729961297534213e-05,600,7
1722,2,0.00014639005303851766,1200,15
1722,3,0.0860865150043369,1800,22
1722,4,2.791059133136902e-11,2400,1
1722,5,0.9609377157522313,3000,7
1723,0,1.3773025344208667e-09,0,0
1723,1,1.5566096570380202e-05,600,16
1723,2,0.00014639005303851766,1200,12
1723,3,0.0860865150043369,1800,16
1723,4,1.962822111932054e-11,2400,3
1723,5,0.9609377157522313,3000,7
1724,0,1.3773025344208667e-09,0,1
1724,1,1.5566096570380202e-05,600,14
1724,2,0.0001945339318603356,1200,16
1724,3,0.05768897241053659,1800,15
1724,4,2.09320898789732e-11,2400,3
1724,5,0.9609377157522313,3000,5
1725,0,4.249903783173563e-09,0,2
1725,1,1.2890271982369142e-05,600,15
1725,2,0.0002249865377325833,1200,18
1725,3,0.05768897241053659,1800,13
1725,4,2.09320898789732e-11,2400,1
1725,5,0.9609377157522313,3000,5
1726,0,2.9444109929075608e-09,0,1
1726,1,9.632313102776293e-06,600,11
1726,2,0.00013731208002137823,1200,22
1726,3,0.05768897241053659,1800,14
1726,4,2.09320898789732e-11,2400,2
1726,5,0.9609377157522313,3000,4
1727,0,2.9444109929075608e-09,0,0
1727,1,2.6405986590079884e-06,600,9
1727,2,0.00013731208002137823,1200,24
1727,3,0.05768897241053659,1800,13
1727,4,2.09320898789732e-11,2400,1
1727,5,0.9520444885972073,3000,7
1728,0,2.9444109929075608e-09,0,5
1728,1,3.2956698015938447e-06,600,11
1728,2,0.00013731208002137823,1200,15
1728,3,0.05768897241053659,1800,12
1728,4,2.09320898789732e-11,2400,3
1728,5,0.9322352891885972,3000,8
1729,0,3.858944534235129e-09,0,1
1729,1,3.2956698015938447e-06,600,17
1729,2,0.00013731208002137823,1200,14
1729,3,0.038801702556763434,1800,12
1729,4,2.09320898789732e-11,2400,4
1729,5,0.9171984506518215,3000,6
1730,0,3.858944534235129e-09,0,3
1730,1,1.2549151143835772e-06,600,11
1730,2,0.00013731208002137823,1200,14
1730,3,0.038801702556763434,1800,20
1730,4,1.574109664834362e-11,2400,2
1730,5,0.9171984506518215,3000,4
1731,0,2.15886650268776e-09,0,0
1731,1,9.703116054541478e-07,600,18
1731,2,0.00013731208002137823,1200,11
1731,3,0.038801702556763434,1800,15
1731,4,1.574109664834362e-11,2400,2
1731,5,0.9137545162650191,3000,8
1732,0,2.298773764286948e-09,0,0
1732,1,9.703116054541478e-07,600,20
1732,2,0.0001230583719106797,1200,17
1732,3,0.038801702556763434,1800,9
1732,4,1.1985526367659096e-11,2400,1
1732,5,0.9137545162650191,3000,7
1733,0,2.298773764286948e-09,0,1
1733,1,7.829829996234969e-07,600,13
1733,2,0.0001230583719106797,1200,20
1733,3,0.031448109255019244,1800,11
1733,4,1.4188858920741296e-11,2400,1
1733,5,0.9137545162650191,3000,8
1734,0,2.298773764286948e-09,0,2
1734,1,1.5210751925006502e-06,600,15
1734,2,9.220761041372696e-05,1200,18
1734,3,0.031448109255019244,1800,11
1734,4,1.4188858920741296e-11,2400,2
1734,5,0.911143024931068,3000,6
1735,0,2.298773764286948e-09,0,0
1735,1,1.5210751925006502e-06,600,9
1735,2,4.7357951209475736e-05,1200,27
1735,3,0.06811401182128586,1800,10
1735,4,1.4188858920741296e-11,2400,2
1735,5,0.9157475592196765,3000,6
1736,0,2.298773764286948e-09,0,2
1736,1,1.436966475538789e-06,600,17
1736,2,4.7357951209475736e-05,1200,11
1736,3,0.05791179395823366,1800,14
1736,4,2.5999888556779413e-11,2400,2
1736,5,0.9157475592196765,3000,8
1737,0,2.298773764286948e-09,0,0
1737,1,9.505089046337054e-07,600,17
1737,2,4.7357951209475736e-05,1200,14
1737,3,0.05789961644183405,1800,12
1737,4,2.586401957315218e-11,2400,1
1737,5,0.8741641690019941,3000,10
1738,0,1.3862614696705925e-09,0,2
1738,1,9.505089046337054e-07,600,14
1738,2,4.7357951209475736e-05,1200,15
1738,3,0.043298533266216216,1800,16
1738,4,3.202335017180953e-11,2400,2
1738,5,0.8741641690019941,3000,5
1739,0,1.416527186909776e-09,0,4
1739,1,9.505089046337054e-07,600,13
1739,2,9.901423359602119e-05,1200,18
1739,3,0.043298533266216216,1800,11
1739,4,3.202335017180953e-11,2400,2
1739,5,0.8741641690019941,3000,6
1740,0,1.416527186909776e-09,0,4
1740,1,7.000635312028556e-07,600,15
1740,2,9.901423359602119e-05,1200,10
1740,3,0.02364718301342465,1800,17
1740,4,3.1807996304214926e-11,2400,1
1740,5,0.8741641690019941,3000,7
1741,0,1.416527186909776e-09,0,4
1741,1,9.457202422144905e-07,600,15
1741,2,9.901423359602119e-05,1200,15
1741,3,0.02364718301342465,1800,9
1741,4,4.760784675274338e-11,2400,3
1741,5,0.8850970813864982,3000,7
1742,0,1.416527186909776e-09,0,5
1742,1,9.361518380925097e-07,600,5
1742,2,0.00011468769244722228,1200,21
1742,3,0.02364718301342465,1800,13
1742,4,5.969679350987084e-11,2400,6
1742,5,0.8913265487116869,3000,4
1743,0,1.5423347856817876e-09,0,3
1743,1,3.718327053266432e-07,600,15
1743,2,0.00011468769244722228,1200,14
1743,3,0.02364718301342465,1800,7
1743,4,5.969679350987084e-11,2400,1
1743,5,0.8913265487116869,3000,14
1744,0,1.5423347856817876e-09,0,3
1744,1,3.718327053266432e-07,600,8
1744,2,0.00011468769244722228,1200,21
1744,3,0.018912111928922073,1800,12
1744,4,5.969679350987084e-11,2400,2
1744,5,0.9456418375513682,3000,8
1745,0,1.5423347856817876e-09,0,2
1745,1,7.058059526709071e-07,600,20
1745,2,0.00011468769244722228,1200,15
1745,3,0.018912111928922073,1800,11
1745,4,6.939337841109717e-11,2400,2
1745,5,0.9456418375513682,3000,4
1746,0,8.399243506543168e-10,0,3
1746,1,5.415852384120177e-07,600,11
1746,2,0.00011468769244722228,1200,15
1746,3,0.020194639264784868,1800,14
1746,4,6.939337841109717e-11,2400,2
1746,5,0.9339162580845896,3000,9
1747,0,8.399243506543168e-10,0,0
1747,1,5.034100392606967e-07,600,20
1747,2,0.00011468769244722228,1200,16
1747,3,0.020194639264784868,1800,12
1747,4,6.18477468696511e-11,2400,1
1747,5,0.9339162580845896,3000,5
1748,0,4.114537924760516e-10,0,2
1748,1,5.034100392606967e-07,600,15
1748,2,9.187538766179051e-05,1200,21
1748,3,0.0171357292874088,1800,10
1748,4,6.18477468696511e-11,2400,1
1748,5,0.9339162580845896,3000,5
1749,0,4.114537924760516e-10,0,1
1749,1,5.034100392606967e-07,600,15
1749,2,5.95825813454056e-05,1200,15
1749,3,0.0171357292874088,1800,15
1749,4,5.612389000641899e-11,2400,1
1749,5,0.9142860359818908,3000,7
1750,0,4.114537924760516e-10,0,1
1750,1,1.9385131894619602e-07,600,14
1750,2,5.133273663672336e-05,1200,13
1750,3,0.0171357292874088,1800,13
1750,4,5.612389000641899e-11,2400,1
1750,5,0.9142860359818908,3000,12
1751,0,3.0897090572390294e-10,0,2
1751,1,1.9385131894619602e-07,600,11
1751,2,5.133273663672336e-05,1200,15
1751,3,0.012923790241356686,1800,15
1751,4,5.1688207384940463e-11,2400,4
1751,5,0.9142860359818908,3000,6
1752,0,4.0144527903388154e-10,0,3
1752,1,1.9385131894619602e-07,600,11
1752,2,5.133273663672336e-05,1200,17
1752,3,0.01066924080982606,1800,11
1752,4,7.440247507426033e-11,2400,5
1752,5,0.9142860359818908,3000,7
1753,0,4.0144527903388154e-10,0,1
1753,1,1.9385131894619602e-07,600,13
1753,2,5.133273663672336e-05,1200,12
1753,3,0.01570178626060861,1800,17
1753,4,8.27815886332321e-11,2400,2
1753,5,0.9142860359818908,3000,9
1754,0,4.0144527903388154e-10,0,1
1754,1,2.0665648105276954e-07,600,14
1754,2,8.135608745774483e-05,1200,18
1754,3,0.01570178626060861,1800,11
1754,4,8.27815886332321e-11,2400,1
1754,5,0.9436514002881803,3000,9
1755,0,4.0144527903388154e-10,0,1
1755,1,1.7158468062781734e-07,600,14
1755,2,5.822344546818763e-05,1200,16
1755,3,0.01570178626060861,1800,15
1755,4,8.27815886332321e-11,2400,0
1755,5,0.9211207054743571,3000,8
1756,0,4.0144527903388154e-10,0,2
1756,1,1.592448790248568e-07,600,11
1756,2,5.822344546818763e-05,1200,12
1756,3,0.01570178626060861,1800,17
1756,4,4.9412245041485425e-11,2400,0
1756,5,0.9211207054743571,3000,12
1757,0,4.0144527903388154e-10,0,4
1757,1,1.592448790248568e-07,600,15
1757,2,9.436892275235008e-05,1200,12
1757,3,0.01570178626060861,1800,12
1757,4,5.960174419948085e-11,2400,2
1757,5,0.91647760561675,3000,9
1758,0,4.0144527903388154e-10,0,1
1758,1,1.592448790248568e-07,600,12
1758,2,7.520065873838064e-05,1200,15
1758,3,0.0159508407656111,1800,15
1758,4,5.960174419948085e-11,2400,0
1758,5,0.8745240487061315,3000,11
1759,0,4.0144527903388154e-10,0,3
1759,1,1.592448790248568e-07,600,13
1759,2,7.520065873838064e-05,1200,10
1759,3,0.03307443996150032,1800,17
1759,4,1.2651207864436006e-10,2400,3
1759,5,0.8745240487061315,3000,8
1760,0,4.0144527903388154e-10,0,3
1760,1,1.817792130522803e-07,600,11
1760,2,0.00010569100286667904,1200,11
1760,3,0.03307443996150032,1800,14
1760,4,1.2651207864436006e-10,2400,5
1760,5,0.8745240487061315,3000,10
1761,0,2.0434748518014408e-10,0,1
1761,1,1.817792130522803e-07,600,11
1761,2,0.00010569100286667904,1200,15
1761,3,0.03307443996150032,1800,10
1761,4,8.110483130590248e-11,2400,2
1761,5,0.842907636019159,3000,15
1762,0,2.0434748518014408e-10,0,1
1762,1,1.1894342753531929e-07,600,10
1762,2,9.236810268750255e-05,1200,18
1762,3,0.03307443996150032,1800,9
1762,4,7.896021118184068e-11,2400,3
1762,5,0.8349970494691686,3000,13
1763,0,2.0508367902877654e-10,0,1
1763,1,1.1894342753531929e-07,600,13
1763,2,9.236810268750255e-05,1200,18
1763,3,0.03307443996150032,1800,11
1763,4,7.896021118184068e-11,2400,3
1763,5,0.7548487654877076,3000,8
1764,0,2.30757900457516e-10,0,3
1764,1,1.1894342753531929e-07,600,15
1764,2,9.236810268750255e-05,1200,17
1764,3,0.03307443996150032,1800,6
1764,4,8.33224732051165e-11,2400,3
1764,5,0.8128855139353081,3000,10
1765,0,2.30757900457516e-10,0,3
1765,1,1.1894342753531929e-07,600,12
1765,2,9.236810268750255e-05,1200,16
1765,3,0.03307443996150032,1800,14
1765,4,1.1391171381499581e-10,2400,3
1765,5,0.9351035715741295,3000,6
1766,0,2.940443073867582e-10,0,4
1766,1,1.1452658014849781e-07,600,14
1766,2,9.236810268750255e-05,1200,14
1766,3,0.06753472710708032,1800,16
1766,4,1.1391171381499581e-10,2400,4
1766,5,0.9351035715741295,3000,2
1767,0,4.5395319409068576e-10,0,1
1767,1,6.965974265317555e-08,600,15
1767,2,0.00012356649302709084,1200,18
1767,3,0.06753472710708032,1800,13
1767,4,1.1391171381499581e-10,2400,1
1767,5,0.9351035715741295,3000,6
1768,0,2.6967358618621097e-10,0,7
1768,1,6.965974265317555e-08,600,12
1768,2,0.00012356649302709084,1200,13
1768,3,0.15784115159760076,1800,12
1768,4,1.1391171381499581e-10,2400,0
1768,5,0.9351035715741295,3000,9
1769,0,2.6967358618621097e-10,0,5
1769,1,3.755194599152453e-08,600,17
1769,2,0.00011853851195061452,1200,9
1769,3,0.15784115159760076,1800,14
1769,4,1.1391171381499581e-10,2400,3
1769,5,0.9116258640744509,3000,6
1770,0,2.6967358618621097e-10,0,0
1770,1,3.755194599152453e-08,600,13
1770,2,5.932957994935014e-05,1200,18
1770,3,0.15370410401265436,1800,11
1770,4,1.1391171381499581e-10,2400,2
1770,5,0.9116258640744509,3000,10
1771,0,2.6967358618621097e-10,0,3
1771,1,4.638679894042085e-08,600,12
1771,2,4.418480139368906e-05,1200,20
1771,3,0.15370410401265436,1800,13
1771,4,1.0168806567987236e-10,2400,2
1771,5,0.9478607586893355,3000,4
1772,0,1.7091825332915136e-10,0,1
1772,1,4.753870914900981e-08,600,16
1772,2,4.418480139368906e-05,1200,21
1772,3,0.15370410401265436,1800,9
1772,4,1.0168806567987236e-10,2400,1
1772,5,0.9478607586893355,3000,6
1773,0,1.548790016791126e-10,0,3
1773,1,4.753870914900981e-08,600,17
1773,2,4.418480139368906e-05,1200,17
1773,3,0.103855686078163,1800,11
1773,4,1.0168806567987236e-10,2400,0
1773,5,0.9099051259774649,3000,6
1774,0,1.548790016791126e-10,0,4
1774,1,7.171784458813038e-08,600,20
1774,2,0.00011536352567874671,1200,10
1774,3,0.103855686078163,1800,9
1774,4,1.0168806567987236e-10,2400,3
1774,5,0.9099051259774649,3000,8
1775,0,3.625721248632972e-10,0,1
1775,1,7.171784458813038e-08,600,13
1775,2,9.620903328504368e-05,1200,20
1775,3,0.103855686078163,1800,11
1775,4,1.1563115463934772e-10,2400,2
1775,5,0.9099051259774649,3000,7
1776,0,3.625721248632972e-10,0,5
1776,1,7.171784458813038e-08,600,15
1776,2,9.620903328504368e-05,1200,11
1776,3,0.2891510343491079,1800,11
1776,4,1.1563115463934772e-10,2400,2
1776,5,0.9334760617466621,3000,10
1777,0,5.66826283398213e-10,0,3
1777,1,1.539882854071392e-07,600,18
1777,2,9.620903328504368e-05,1200,13
1777,3,0.2725628189819968,1800,18
1777,4,1.1563115463934772e-10,2400,0
1777,5,0.9334760617466621,3000,2
1778,0,5.66826283398213e-10,0,4
1778,1,2.491554522498979e-07,600,17
1778,2,9.620903328504368e-05,1200,18
1778,3,0.10592231943906263,1800,8
1778,4,1.1563115463934772e-10,2400,0
1778,5,0.9334760617466621,3000,7
1779,0,5.66826283398213e-10,0,2
1779,1,2.491554522498979e-07,600,11
1779,2,9.620903328504368e-05,1200,20
1779,3,0.20845587429712048,1800,11
1779,4,2.0612716883650346e-10,2400,2
1779,5,0.9334760617466621,3000,7
1780,0,5.66826283398213e-10,0,3
1780,1,1.627609605114654e-07,600,15
1780,2,9.14258900803946e-05,1200,10
1780,3,0.20845587429712048,1800,16
1780,4,2.0612716883650346e-10,2400,1
1780,5,0.9387205421422621,3000,9
1781,0,5.66826283398213e-10,0,4
1781,1,1.9978950364924217e-07,600,16
1781,2,5.163602509597671e-05,1200,15
1781,3,0.17601278622118158,1800,13
1781,4,2.0612716883650346e-10,2400,3
1781,5,0.9387205421422621,3000,3
1782,0,5.66826283398213e-10,0,3
1782,1,2.2201293702171933e-07,600,15
1782,2,4.9172531748101764e-05,1200,14
1782,3,0.17601278622118158,1800,19
1782,4,5.135572193477523e-10,2400,0
1782,5,0.9387205421422621,3000,3
1783,0,5.66826283398213e-10,0,5
1783,1,1.6376630345557315e-07,600,13
1783,2,4.670881380480502e-05,1200,10
1783,3,0.23742999068488352,1800,17
1783,4,6.153746407257934e-10,2400,3
1783,5,0.9387205421422621,3000,6
1784,0,5.21536825495513e-10,0,3
1784,1,1.5235591629246672e-07,600,8
1784,2,4.670881380480502e-05,1200,11
1784,3,0.23742999068488352,1800,19
1784,4,6.153746407257934e-10,2400,4
1784,5,0.9223402757046361,3000,9
1785,0,5.21536825495513e-10,0,1
1785,1,2.5262579760693215e-07,600,16
1785,2,4.670881380480502e-05,1200,6
1785,3,0.23742999068488352,1800,24
1785,4,7.23111609412476e-10,2400,1
1785,5,0.9223402757046361,3000,6
1786,0,5.21536825495513e-10,0,2
1786,1,2.3084566894284425e-07,600,16
1786,2,0.00014145259838869973,1200,12
1786,3,0.23742999068488352,1800,15
1786,4,7.23111609412476e-10,2400,1
1786,5,0.9223402757046361,3000,8
1787,0,4.2143483268100106e-10,0,4
1787,1,2.3084566894284425e-07,600,7
1787,2,0.00014145259838869973,1200,17
1787,3,0.23742999068488352,1800,17
1787,4,7.23111609412476e-10,2400,3
1787,5,0.9558716084370856,3000,6
1788,0,4.511684276781794e-10,0,1
1788,1,2.3084566894284425e-07,600,15
1788,2,0.00014145259838869973,1200,12
1788,3,0.23742999068488352,1800,22
1788,4,7.23111609412476e-10,2400,3
1788,5,0.9891065697377851,3000,1
1789,0,4.511684276781794e-10,0,2
1789,1,2.3084566894284425e-07,600,15
1789,2,0.00013155293843976107,1200,16
1789,3,0.23742999068488352,1800,17
1789,4,7.23111609412476e-10,2400,3
1789,5,0.9835946717466106,3000,1
1790,0,3.5960657251522493e-10,0,2
1790,1,2.327183495378523e-07,600,14
1790,2,0.0003386745512711275,1200,16
1790,3,0.23742999068488352,1800,19
1790,4,7.23111609412476e-10,2400,1
1790,5,0.9835946717466106,3000,2
1791,0,4.934162267566571e-10,0,7
1791,1,1.8587760843749572e-07,600,14
1791,2,0.0003386745512711275,1200,14
1791,3,0.23556248676343067,1800,14
1791,4,1.3519957720204609e-09,2400,4
1791,5,0.9835946717466106,3000,0
1792,0,4.934162267566571e-10,0,5
1792,1,2.895178400290688e-07,600,21
1792,2,0.00023130365359644317,1200,8
1792,3,0.26293712150025256,1800,20
1792,4,1.3519957720204609e-09,2400,0
1792,5,0.9835946717466106,3000,0
1793,0,4.934162267566571e-10,0,4
1793,1,2.2610102946064293e-07,600,20
1793,2,0.00023130365359644317,1200,12
1793,3,0.26293712150025256,1800,9
1793,4,1.0527767284043114e-09,2400,4
1793,5,0.9777333157904498,3000,5
1794,0,4.934162267566571e-10,0,5
1794,1,1.0237155356919527e-07,600,16
1794,2,0.00019368792949423633,1200,11
1794,3,0.26293712150025256,1800,17
1794,4,1.0527767284043114e-09,2400,3
1794,5,0.9777333157904498,3000,2
1795,0,4.934162267566571e-10,0,6
1795,1,1.0237155356919527e-07,600,12
1795,2,0.00022065163637898302,1200,15
1795,3,0.26293712150025256,1800,13
1795,4,1.0527767284043114e-09,2400,3
1795,5,0.9460876248046619,3000,5
1796,0,4.277209404702049e-10,0,3
1796,1,7.543035236869641e-08,600,17
1796,2,0.00022065163637898302,1200,11
1796,3,0.26293712150025256,1800,15
1796,4,7.458693738051145e-10,2400,4
1796,5,0.9460876248046619,3000,4
1797,0,4.277209404702049e-10,0,3
1797,1,5.9044148219401104e-08,600,20
1797,2,0.00023396148825068893,1200,11
1797,3,0.2451916788972548,1800,13
1797,4,7.458693738051145e-10,2400,2
1797,5,0.9477015920797025,3000,5
1798,0,4.277209404702049e-10,0,5
1798,1,5.9044148219401104e-08,600,11
1798,2,0.00024915258623347695,1200,10
1798,3,0.21524360910032397,1800,17
1798,4,8.286007506907437e-10,2400,2
1798,5,0.9477015920797025,3000,9
1799,0,8.063543541292697e-10,0,5
1799,1,5.9044148219401104e-08,600,16
1799,2,0.00024915258623347695,1200,14
1799,3,0.21524360910032397,1800,14
1799,4,3.661486833027537e-10,2400,0
1799,5,0.9477015920797025,3000,5
1800,0,1.2660776489793438e-09,0,3
1800,1,5.9044148219401104e-08,600,11
1800,2,0.0003261152171211564,1200,6
1800,3,0.25038322371050753,1800,20
1800,4,3.661486833027537e-10,2400,2
1800,5,0.9363894773420708,3000,12
1801,0,1.2660776489793438e-09,0,2
1801,1,5.9044148219401104e-08,600,16
1801,2,0.00030236416027558307,1200,16
1801,3,0.25038322371050753,1800,13
1801,4,4.2234061043348435e-10,2400,2
1801,5,0.9479764191112443,3000,5
1802,0,1.2660776489793438e-09,0,9
1802,1,5.9044148219401104e-08,600,15
1802,2,0.00040134638229103207,1200,10
1802,3,0.32324967100232893,1800,15
1802,4,4.2234061043348435e-10,2400,3
1802,5,0.9580057758843191,3000,2
1803,0,4.813727144435117e-10,0,5
1803,1,6.153723989709294e-08,600,19
1803,2,0.00040134638229103207,1200,8
1803,3,0.32324967100232893,1800,16
1803,4,4.2234061043348435e-10,2400,4
1803,5,0.9615413467409973,3000,2
1804,0,4.813727144435117e-10,0,2
1804,1,6.153723989709294e-08,600,19
1804,2,0.00021110455161883255,1200,14
1804,3,0.32324967100232893,1800,13
1804,4,3.862457115348103e-10,2400,1
1804,5,0.9334928935413145,3000,4
1805,0,4.813727144435117e-10,0,4
1805,1,6.153723989709294e-08,600,21
1805,2,0.00021110455161883255,1200,7
1805,3,0.32324967100232893,1800,14
1805,4,2.1893971118564638e-10,2400,3
1805,5,0.9334928935413145,3000,4
1806,0,4.813727144435117e-10,0,1
1806,1,6.153723989709294e-08,600,17
1806,2,0.00021110455161883255,1200,10
1806,3,0.38279584006083034,1800,15
1806,4,1.613000376915631e-10,2400,1
1806,5,0.9334928935413145,3000,10
1807,0,4.813727144435117e-10,0,4
1807,1,5.77857101160024e-08,600,15
1807,2,0.00021110455161883255,1200,5
1807,3,0.4785541110738799,1800,14
1807,4,2.1209668608590023e-10,2400,4
1807,5,0.9334928935413145,3000,12
1808,0,1.2536802534690694e-09,0,3
1808,1,4.7331575641097476e-08,600,11
1808,2,0.00021110455161883255,1200,14
1808,3,0.4785541110738799,1800,14
1808,4,2.1608987088184173e-10,2400,2
1808,5,0.9334928935413145,3000,9
1809,0,7.566564620652789e-10,0,3
1809,1,3.525753150993885e-08,600,17
1809,2,0.00021110455161883255,1200,4
1809,3,0.4785541110738799,1800,22
1809,4,2.4499786664156927e-10,2400,1
1809,5,0.9199265734861305,3000,7
1810,0,7.566564620652789e-10,0,7
1810,1,3.525753150993885e-08,600,18
1810,2,0.00024709459589205077,1200,5
1810,3,0.3523506132662319,1800,11
1810,4,2.4499786664156927e-10,2400,3
1810,5,0.9199265734861305,3000,10
1811,0,1.4667175285739146e-09,0,0
1811,1,3.525753150993885e-08,600,22
1811,2,0.00028120550962689134,1200,7
1811,3,0.3523506132662319,1800,20
1811,4,2.4499786664156927e-10,2400,1
1811,5,0.9474289546252816,3000,3
1812,0,1.4667175285739146e-09,0,4
1812,1,3.525753150993885e-08,600,22
1812,2,0.00028120550962689134,1200,12
1812,3,0.20561180826117542,1800,11
1812,4,8.117081960683402e-11,2400,0
1812,5,0.9474289546252816,3000,5
1813,0,1.4667175285739146e-09,0,0
1813,1,2.301411528557755e-08,600,18
1813,2,0.00028120550962689134,1200,12
1813,3,0.2132911829324972,1800,11
1813,4,7.246754093214943e-11,2400,7
1813,5,0.9474289546252816,3000,6
1814,0,1.767045510080672e-09,0,2
1814,1,2.301411528557755e-08,600,16
1814,2,0.00028120550962689134,1200,10
1814,3,0.2132911829324972,1800,19
1814,4,3.347820334962695e-11,2400,0
1814,5,0.942973279372384,3000,6
1815,0,1.767045510080672e-09,0,3
1815,1,2.301411528557755e-08,600,14
1815,2,0.00028120550962689134,1200,11
1815,3,0.2132911829324972,1800,15
1815,4,2.7132048739256946e-11,2400,6
1815,5,0.942973279372384,3000,4
1816,0,8.181620892790918e-10,0,4
1816,1,2.301411528557755e-08,600,15
1816,2,0.00028120550962689134,1200,15
1816,3,0.2132911829324972,1800,11
1816,4,2.5942011019455424e-11,2400,1
1816,5,0.942973279372384,3000,8
1817,0,8.181620892790918e-10,0,3
1817,1,2.301411528557755e-08,600,15
1817,2,0.00016795816097330514,1200,15
1817,3,0.2122851351071327,1800,15
1817,4,2.5942011019455424e-11,2400,1
1817,5,0.942973279372384,3000,5
1818,0,2.863845125858347e-09,0,3
1818,1,2.301411528557755e-08,600,19
1818,2,0.00016795816097330514,1200,13
1818,3,0.2122851351071327,1800,11
1818,4,2.5942011019455424e-11,2400,4
1818,5,0.9441158894459897,3000,4
1819,0,2.863845125858347e-09,0,3
1819,1,2.301411528557755e-08,600,18
1819,2,0.00016068454115305953,1200,13
1819,3,0.2122851351071327,1800,11
1819,4,3.4657020992373995e-11,2400,3
1819,5,0.9441158894459897,3000,6
1820,0,6.110976412683833e-09,0,2
1820,1,2.2842237884765992e-08,600,19
1820,2,0.0001195196344032754,1200,12
1820,3,0.2122851351071327,1800,10
1820,4,3.4657020992373995e-11,2400,5
1820,5,0.9441158894459897,3000,6
1821,0,6.110976412683833e-09,0,2
1821,1,2.2842237884765992e-08,600,20
1821,2,0.0001195196344032754,1200,14
1821,3,0.2122851351071327,1800,13
1821,4,4.027017360990027e-11,2400,2
1821,5,0.9682878068720582,3000,3
1822,0,6.110976412683833e-09,0,2
1822,1,1.6248664360421986e-08,600,17
1822,2,0.00014635438111418843,1200,18
1822,3,0.22673013207765924,1800,12
1822,4,4.027017360990027e-11,2400,0
1822,5,0.9828464486271032,3000,5
1823,0,6.0169596398667155e-09,0,3
1823,1,1.6248664360421986e-08,600,14
1823,2,0.0001498970498310242,1200,11
1823,3,0.22673013207765924,1800,26
1823,4,4.027017360990027e-11,2400,0
1823,5,0.9909385226912678,3000,0
1824,0,6.0169596398667155e-09,0,2
1824,1,3.2024235535248743e-08,600,22
1824,2,0.0001498970498310242,1200,15
1824,3,0.22673013207765924,1800,11
1824,4,4.027017360990027e-11,2400,3
1824,5,0.9909385226912678,3000,1
1825,0,6.0169596398667155e-09,0,2
1825,1,3.0826400079980487e-08,600,21
1825,2,0.0001498970498310242,1200,18
1825,3,0.22673013207765924,1800,11
1825,4,9.921141888071028e-11,2400,2
1825,5,0.9932628097871967,3000,0
1826,0,6.0169596398667155e-09,0,0
1826,1,3.0826400079980487e-08,600,20
1826,2,4.0378040016705185e-05,1200,22
1826,3,0.2305202585916344,1800,9
1826,4,9.921141888071028e-11,2400,1
1826,5,0.9932628097871967,3000,2
1827,0,6.0169596398667155e-09,0,7
1827,1,4.9708199816046707e-08,600,12
1827,2,4.2720636308252695e-05,1200,20
1827,3,0.2305202585916344,1800,14
1827,4,1.3436749609983773e-10,2400,0
1827,5,0.9932628097871967,3000,1
1828,0,5.693300614622509e-09,0,3
1828,1,5.8467623514062966e-08,600,18
1828,2,2.861788366656206e-05,1200,15
1828,3,0.2305202585916344,1800,16
1828,4,8.577863093941255e-11,2400,0
1828,5,0.9932628097871967,3000,1
1829,0,5.693300614622509e-09,0,6
1829,1,5.8467623514062966e-08,600,18
1829,2,2.861788366656206e-05,1200,11
1829,3,0.3295249275269356,1800,19
1829,4,5.204110174136775e-11,2400,0
1829,5,0.9974191685187054,3000,0
1830,0,5.693300614622509e-09,0,3
1830,1,6.390592948187029e-08,600,16
1830,2,3.0278601270645317e-05,1200,13
1830,3,0.48119785128109743,1800,19
1830,4,4.1052170007332124e-11,2400,3
1830,5,0.9974191685187054,3000,0
1831,0,2.978698390104987e-09,0,4
1831,1,6.390592948187029e-08,600,20
1831,2,3.0278601270645317e-05,1200,11
1831,3,0.48119785128109743,1800,12
1831,4,2.794350586275604e-11,2400,5
1831,5,0.9974191685187054,3000,1
1832,0,2.978698390104987e-09,0,4
1832,1,6.390592948187029e-08,600,14
1832,2,5.224742297770243e-05,1200,14
1832,3,0.470335022644572,1800,20
1832,4,2.794350586275604e-11,2400,2
1832,5,0.9961767175706899,3000,0
1833,0,3.118114656651321e-09,0,5
1833,1,6.390592948187029e-08,600,22
1833,2,5.224742297770243e-05,1200,11
1833,3,0.7289880702224794,1800,14
1833,4,2.794350586275604e-11,2400,1
1833,5,0.9961767175706899,3000,0
1834,0,2.5103781511227426e-09,0,8
1834,1,6.390592948187029e-08,600,20
1834,2,5.224742297770243e-05,1200,15
1834,3,0.7847918039608103,1800,7
1834,4,2.794350586275604e-11,2400,3
1834,5,0.9961767175706899,3000,1
1835,0,2.2687909677961054e-09,0,3
1835,1,6.390592948187029e-08,600,21
1835,2,6.738320697608409e-05,1200,14
1835,3,0.7847918039608103,1800,11
1835,4,2.794350586275604e-11,2400,5
1835,5,0.9976310003875785,3000,0
1836,0,2.2687909677961054e-09,0,3
1836,1,6.390592948187029e-08,600,20
1836,2,6.738320697608409e-05,1200,6
1836,3,0.7847918039608103,1800,19
1836,4,2.794350586275604e-11,2400,5
1836,5,0.9986414181318203,3000,1
1837,0,2.2687909677961054e-09,0,4
1837,1,6.390592948187029e-08,600,23
1837,2,6.738320697608409e-05,1200,14
1837,3,0.5708898025798292,1800,10
1837,4,1.680279282545831e-11,2400,2
1837,5,0.9986414181318203,3000,0
1838,0,2.2687909677961054e-09,0,3
1838,1,6.390592948187029e-08,600,17
1838,2,6.0459569995235166e-05,1200,15
1838,3,0.5708898025798292,1800,17
1838,4,1.680279282545831e-11,2400,1
1838,5,0.9956493518447914,3000,1
1839,0,2.2687909677961054e-09,0,2
1839,1,5.676483703997212e-08,600,18
1839,2,0.00021405193361231852,1200,12
1839,3,0.5880905505668657,1800,17
1839,4,1.680279282545831e-11,2400,5
1839,5,0.9956493518447914,3000,0
1840,0,2.2687909677961054e-09,0,6
1840,1,9.631680953904626e-08,600,18
1840,2,0.00013802686739637784,1200,14
1840,3,0.6424746873097864,1800,13
1840,4,1.5860176085115924e-11,2400,3
1840,5,0.9956493518447914,3000,0
1841,0,2.2687909677961054e-09,0,6
1841,1,7.742594436448372e-08,600,20
1841,2,0.00013802686739637784,1200,14
1841,3,0.6424746873097864,1800,11
1841,4,1.5257714706961655e-11,2400,1
1841,5,0.9944334378685832,3000,2
1842,0,5.775358483778179e-09,0,2
1842,1,8.727746419796032e-08,600,17
1842,2,0.00013802686739637784,1200,14
1842,3,0.6424746873097864,1800,15
1842,4,1.5257714706961655e-11,2400,6
1842,5,0.9944334378685832,3000,0
1843,0,5.775358483778179e-09,0,1
1843,1,6.296057624729259e-08,600,19
1843,2,0.00015450241511070825,1200,10
1843,3,0.6424746873097864,1800,15
1843,4,1.5257714706961655e-11,2400,6
1843,5,0.9912042443990776,3000,1
1844,0,5.775358483778179e-09,0,5
1844,1,6.296057624729259e-08,600,21
1844,2,0.00010754401374153467,1200,15
1844,3,0.6424746873097864,1800,9
1844,4,1.5257714706961655e-11,2400,3
1844,5,0.9971935473158058,3000,1
1845,0,5.775358483778179e-09,0,3
1845,1,6.296057624729259e-08,600,26
1845,2,0.00015588648261584807,1200,15
1845,3,0.6255191086039869,1800,9
1845,4,2.8314306413075035e-11,2400,1
1845,5,0.9971935473158058,3000,0
1846,0,1.4396938406445333e-08,0,9
1846,1,6.296057624729259e-08,600,23
1846,2,0.00015592487952574246,1200,12
1846,3,0.5913779707471539,1800,10
1846,4,2.8314306413075035e-11,2400,0
1846,5,0.9971935473158058,3000,0
1847,0,1.4396938406445333e-08,0,9
1847,1,6.296057624729259e-08,600,17
1847,2,0.00015592487952574246,1200,10
1847,3,0.5913779707471539,1800,18
1847,4,2.4713418654898188e-11,2400,0
1847,5,0.9992903679737569,3000,0
1848,0,1.4396938406445333e-08,0,2
1848,1,3.410661868951549e-08,600,16
1848,2,0.00015592487952574246,1200,19
1848,3,0.6056368345937148,1800,11
1848,4,2.4713418654898188e-11,2400,5
1848,5,0.9990975388970368,3000,0
1849,0,1.5178440087417254e-08,0,2
1849,1,2.013123925463117e-08,600,28
1849,2,0.00029411598788415643,1200,11
1849,3,0.6056368345937148,1800,12
1849,4,2.4713418654898188e-11,2400,1
1849,5,0.9990975388970368,3000,0
1850,0,8.884408324721498e-09,0,8
1850,1,2.013123925463117e-08,600,14
1850,2,0.00029411598788415643,1200,4
1850,3,0.5419737660713297,1800,24
1850,4,2.5984682930167486e-11,2400,4
1850,5,0.9990975388970368,3000,0
1851,0,8.884408324721498e-09,0,5
1851,1,2.013123925463117e-08,600,11
1851,2,0.00022974266963077692,1200,19
1851,3,0.5419737660713297,1800,13
1851,4,1.817932346515162e-11,2400,5
1851,5,0.999369695021386,3000,0
1852,0,8.884408324721498e-09,0,7
1852,1,2.013123925463117e-08,600,15
1852,2,0.00022974266963077692,1200,16
1852,3,0.595295080818581,1800,13
1852,4,1.817932346515162e-11,2400,2
1852,5,0.9989565787150191,3000,0
1853,0,8.884408324721498e-09,0,4
1853,1,3.23992968600278e-08,600,18
1853,2,0.00022974266963077692,1200,18
1853,3,0.4888860139971983,1800,11
1853,4,1.1966736401651899e-11,2400,2
1853,5,0.9989565787150191,3000,0
1854,0,3.86535663681688e-09,0,7
1854,1,3.23992968600278e-08,600,17
1854,2,0.00022974266963077692,1200,14
1854,3,0.4627890648158448,1800,15
1854,4,1.1966736401651899e-11,2400,1
1854,5,0.9989439658847503,3000,0
1855,0,4.118594356397664e-09,0,5
1855,1,4.324295149305239e-08,600,12
1855,2,0.00022974266963077692,1200,13
1855,3,0.4627890648158448,1800,23
1855,4,1.1966736401651899e-11,2400,1
1855,5,0.9993182208718222,3000,0
1856,0,4.118594356397664e-09,0,4
1856,1,4.324295149305239e-08,600,18
1856,2,0.00021218467168241515,1200,12
1856,3,0.4516914351981586,1800,15
1856,4,8.861801269061311e-12,2400,5
1856,5,0.9995660121705905,3000,0
1857,0,3.906606447072549e-09,0,5
1857,1,4.324295149305239e-08,600,17
1857,2,0.00014802831320189785,1200,15
1857,3,0.4672435036587638,1800,11
1857,4,8.861801269061311e-12,2400,5
1857,5,0.9995660121705905,3000,0
1858,0,5.40786721948171e-09,0,5
1858,1,2.181485787007189e-08,600,18
1858,2,0.00014802831320189785,1200,16
1858,3,0.49103808978741803,1800,12
1858,4,8.861801269061311e-12,2400,2
1858,5,0.9995660121705905,3000,0
1859,0,2.8402606154941157e-09,0,2
1859,1,2.181485787007189e-08,600,23
1859,2,0.00014802831320189785,1200,15
1859,3,0.49103808978741803,1800,13
1859,4,6.7707694548510745e-12,2400,0
1859,5,0.9992799065677642,3000,0
1860,0,2.8402606154941157e-09,0,2
1860,1,2.181485787007189e-08,600,16
1860,2,0.00013643519164564257,1200,18
1860,3,0.30678873121611816,1800,17
1860,4,6.7707694548510745e-12,2400,1
1860,5,0.9992799065677642,3000,0
1861,0,2.8402606154941157e-09,0,3
1861,1,6.413741414468474e-08,600,17
1861,2,0.00015573642769220624,1200,16
1861,3,0.30678873121611816,1800,14
1861,4,6.7707694548510745e-12,2400,4
1861,5,0.9992799065677642,3000,0
1862,0,2.8402606154941157e-09,0,3
1862,1,5.4431777930998495e-08,600,16
1862,2,0.0001834859990939366,1200,14
1862,3,0.30678873121611816,1800,18
1862,4,6.824329091826344e-12,2400,3
1862,5,0.9992799065677642,3000,0
1863,0,2.959096752656209e-09,0,4
1863,1,5.364628239708521e-08,600,16
1863,2,0.0001834859990939366,1200,9
1863,3,0.3563528877618467,1800,21
1863,4,1.0044662186883043e-11,2400,3
1863,5,0.9993512586685094,3000,0
1864,0,3.172656984060249e-09,0,1
1864,1,5.364628239708521e-08,600,18
1864,2,0.0001834859990939366,1200,18
1864,3,0.3563528877618467,1800,14
1864,4,7.919236978183306e-12,2400,3
1864,5,0.9987048589513869,3000,0
1865,0,3.172656984060249e-09,0,8
1865,1,8.596279264585087e-08,600,12
1865,2,0.00019353597440719948,1200,16
1865,3,0.3563528877618467,1800,11
1865,4,7.919236978183306e-12,2400,6
1865,5,0.997845699738244,3000,0
1866,0,2.918739943002037e-09,0,6
1866,1,8.596279264585087e-08,600,12
1866,2,0.00019353597440719948,1200,15
1866,3,0.26417306705413385,1800,13
1866,4,7.919236978183306e-12,2400,7
1866,5,0.9972088828561743,3000,1
1867,0,3.141132732762514e-09,0,4
1867,1,8.596279264585087e-08,600,21
1867,2,0.00024298525853111617,1200,7
1867,3,0.30334931174631846,1800,18
1867,4,7.919236978183306e-12,2400,1
1867,5,0.9972088828561743,3000,2
1868,0,4.395949935610535e-09,0,4
1868,1,9.63068800946682e-08,600,4
1868,2,0.00024298525853111617,1200,20
1868,3,0.3517424401034387,1800,23
1868,4,7.919236978183306e-12,2400,3
1868,5,0.9970585613856793,3000,0
1869,0,5.258986790901388e-09,0,3
1869,1,9.63068800946682e-08,600,17
1869,2,0.0002845224794771726,1200,11
1869,3,0.40193734786075447,1800,22
1869,4,7.919236978183306e-12,2400,0
1869,5,0.9970585613856793,3000,1
1870,0,5.258986790901388e-09,0,4
1870,1,9.63068800946682e-08,600,21
1870,2,0.00025216280670379757,1200,17
1870,3,0.40193734786075447,1800,10
1870,4,7.919236978183306e-12,2400,1
1870,5,0.9964994426619981,3000,1
1871,0,4.328638098729851e-09,0,6
1871,1,7.817994623848416e-08,600,21
1871,2,0.00025216280670379757,1200,7
1871,3,0.40193734786075447,1800,16
1871,4,9.078608671475823e-12,2400,0
1871,5,0.9923884896265707,3000,3
1872,0,4.328638098729851e-09,0,6
1872,1,7.817994623848416e-08,600,23
1872,2,0.0004931958611447902,1200,9
1872,3,0.40193734786075447,1800,13
1872,4,9.078608671475823e-12,2400,3
1872,5,0.9931069306611385,3000,0
1873,0,4.328638098729851e-09,0,6
1873,1,7.817994623848416e-08,600,19
1873,2,0.0004931958611447902,1200,7
1873,3,0.6792952112203854,1800,16
1873,4,9.47278406350475e-12,2400,4
1873,5,0.9944028446278254,3000,0
1874,0,4.5524998215794685e-09,0,2
1874,1,7.817994623848416e-08,600,16
1874,2,0.000549136024501392,1200,18
1874,3,0.6792952112203854,1800,15
1874,4,9.47278406350475e-12,2400,3
1874,5,0.9956659210033995,3000,0
1875,0,4.5524998215794685e-09,0,3
1875,1,7.817994623848416e-08,600,17
1875,2,0.000549136024501392,1200,9
1875,3,0.6792952112203854,1800,22
1875,4,3.646029652328821e-12,2400,3
1875,5,0.9962638758023318,3000,0
1876,0,4.5524998215794685e-09,0,2
1876,1,6.886897220869016e-08,600,21
1876,2,0.0007042109704400836,1200,13
1876,3,0.604391797474848,1800,13
1876,4,3.646029652328821e-12,2400,3
1876,5,0.9962638758023318,3000,1
1877,0,4.5524998215794685e-09,0,5
1877,1,8.768462049919259e-08,600,18
1877,2,0.0007042109704400836,1200,13
1877,3,0.604391797474848,1800,15
1877,4,4.8211157547244884e-12,2400,2
1877,5,0.9962638758023318,3000,0
1878,0,4.5524998215794685e-09,0,4
1878,1,7.220209267087731e-08,600,19
1878,2,0.0007042109704400836,1200,6
1878,3,0.604391797474848,1800,23
1878,4,3.692222495266688e-12,2400,2
1878,5,0.9962638758023318,3000,0
1879,0,4.5524998215794685e-09,0,5
1879,1,3.281849119233398e-08,600,25
1879,2,0.0009087871585522574,1200,9
1879,3,0.6964467208607084,1800,11
1879,4,3.692222495266688e-12,2400,1
1879,5,0.9962638758023318,3000,2
1880,0,4.397488076671046e-09,0,9
1880,1,4.700693856968954e-08,600,24
1880,2,0.0009087871585522574,1200,12
1880,3,0.6964467208607084,1800,7
1880,4,6.48474549516785e-12,2400,1
1880,5,0.9962638758023318,3000,1
1881,0,4.397488076671046e-09,0,5
1881,1,4.778280322129669e-08,600,24
1881,2,0.0009087871585522574,1200,12
1881,3,0.6547109612252264,1800,12
1881,4,4.357196003367838e-12,2400,1
1881,5,0.9967590862836847,3000,0
1882,0,4.397488076671046e-09,0,3
1882,1,4.778280322129669e-08,600,18
1882,2,0.0009087871585522574,1200,20
1882,3,0.6547109612252264,1800,8
1882,4,2.2800213917043504e-12,2400,5
1882,5,0.9967590862836847,3000,0
1883,0,4.397488076671046e-09,0,5
1883,1,2.9350341680429853e-08,600,22
1883,2,0.0009087871585522574,1200,11
1883,3,0.6547109612252264,1800,10
1883,4,2.2800213917043504e-12,2400,6
1883,5,0.9926461888034508,3000,0
1884,0,4.397488076671046e-09,0,3
1884,1,1.5886233229295418e-08,600,23
1884,2,0.0009087871585522574,1200,10
1884,3,0.6547109612252264,1800,14
1884,4,3.962763434933195e-12,2400,4
1884,5,0.9920802088335037,3000,0
1885,0,4.2047318482228264e-09,0,7
1885,1,1.5886233229295418e-08,600,13
1885,2,0.0009087871585522574,1200,16
1885,3,0.6547109612252264,1800,13
1885,4,3.962763434933195e-12,2400,1
1885,5,0.9811193283780096,3000,4
1886,0,4.478514960255583e-09,0,5
1886,1,1.5886233229295418e-08,600,20
1886,2,0.0009087871585522574,1200,14
1886,3,0.7934704432974949,1800,11
1886,4,3.962763434933195e-12,2400,2
1886,5,0.9811193283780096,3000,2
1887,0,5.049781931259829e-09,0,9
1887,1,1.5886233229295418e-08,600,20
1887,2,0.0009087871585522574,1200,3
1887,3,0.7934704432974949,1800,14
1887,4,1.0967783137245407e-12,2400,4
1887,5,0.9811193283780096,3000,4
1888,0,5.8350911882537465e-09,0,5
1888,1,1.5886233229295418e-08,600,24
1888,2,0.0009087871585522574,1200,5
1888,3,0.8126177536862337,1800,14
1888,4,6.209925798170746e-13,2400,4
1888,5,0.97875316624331,3000,2
1889,0,5.8350911882537465e-09,0,1
1889,1,3.1154335692193736e-08,600,25
1889,2,0.0009087871585522574,1200,12
1889,3,0.8126177536862337,1800,10
1889,4,8.312353267661498e-13,2400,2
1889,5,0.97875316624331,3000,4
1890,0,4.9600915324592675e-09,0,5
1890,1,4.7069563192724196e-08,600,24
1890,2,0.0009087871585522574,1200,11
1890,3,0.8126177536862337,1800,9
1890,4,1.5876226696722165e-12,2400,2
1890,5,0.97875316624331,3000,2
1891,0,4.9600915324592675e-09,0,4
1891,1,3.0652003750537815e-08,600,17
1891,2,0.0009121502255905642,1200,13
1891,3,0.8308983303088973,1800,13
1891,4,1.5876226696722165e-12,2400,4
1891,5,0.9847437855212615,3000,3
1892,0,4.9600915324592675e-09,0,5
1892,1,3.0652003750537815e-08,600,21
1892,2,0.0009121502255905642,1200,12
1892,3,0.5969823504594552,1800,14
1892,4,1.5876226696722165e-12,2400,1
1892,5,0.9807185137368262,3000,1
1893,0,2.827496097680367e-09,0,3
1893,1,3.0652003750537815e-08,600,12
1893,2,0.0009121502255905642,1200,18
1893,3,0.5969823504594552,1800,15
1893,4,1.5876226696722165e-12,2400,4
1893,5,0.9698715037304424,3000,2
1894,0,2.7193208799581747e-09,0,4
1894,1,3.303967784211657e-08,600,23
1894,2,0.0009121502255905642,1200,5
1894,3,0.5969823504594552,1800,17
1894,4,1.5876226696722165e-12,2400,3
1894,5,0.9854347736242709,3000,2
1895,0,2.2174090283752648e-09,0,4
1895,1,2.3245255892131217e-08,600,13
1895,2,0.0009121502255905642,1200,17
1895,3,0.5845872226791181,1800,16
1895,4,1.5876226696722165e-12,2400,4
1895,5,0.9909008643119139,3000,0
1896,0,2.2174090283752648e-09,0,6
1896,1,2.0740714951868973e-08,600,21
1896,2,0.0009121502255905642,1200,15
1896,3,0.8384936565947091,1800,9
1896,4,1.5876226696722165e-12,2400,2
1896,5,0.9909008643119139,3000,1
1897,0,2.2174090283752648e-09,0,13
1897,1,2.0740714951868973e-08,600,22
1897,2,0.0009121502255905642,1200,12
1897,3,0.8384936565947091,1800,3
1897,4,9.145889466831898e-13,2400,3
1897,5,0.9873557087620625,3000,0
1898,0,2.2174090283752648e-09,0,7
1898,1,1.1416487458565598e-08,600,19
1898,2,0.0009121502255905642,1200,12
1898,3,0.8873695668859443,1800,10
1898,4,6.594159624033174e-13,2400,1
1898,5,0.9873557087620625,3000,4
1899,0,2.2174090283752648e-09,0,9
1899,1,1.1416487458565598e-08,600,13
1899,2,0.0006339557581173942,1200,22
1899,3,0.909157815122797,1800,7
1899,4,5.687550519626927e-13,2400,2
1899,5,0.9873557087620625,3000,1
1900,0,2.7722716033558098e-09,0,10
1900,1,1.1416487458565598e-08,600,20
1900,2,0.000848027409552692,1200,11
1900,3,0.909157815122797,1800,9
1900,4,5.527824216518651e-13,2400,3
1900,5,0.9873557087620625,3000,1
1901,0,2.3594210356943766e-09,0,10
1901,1,1.1416487458565598e-08,600,26
1901,2,0.000848027409552692,1200,7
1901,3,0.9460804728120842,1800,5
1901,4,5.527824216518651e-13,2400,3
1901,5,0.9934547050864944,3000,2
1902,0,2.3594210356943766e-09,0,8
1902,1,7.010453937909393e-09,600,22
1902,2,0.0007670266554226009,1200,14
1902,3,0.9460804728120842,1800,3
1902,4,5.527824216518651e-13,2400,5
1902,5,0.9867380993348588,3000,2
1903,0,3.646112565754725e-09,0,6
1903,1,7.010453937909393e-09,600,25
1903,2,0.0010520161948113364,1200,8
1903,3,0.9460804728120842,1800,7
1903,4,2.9094339395129677e-13,2400,2
1903,5,0.9867380993348588,3000,4
1904,0,6.028024034089496e-09,0,11
1904,1,7.010453937909393e-09,600,23
1904,2,0.0010520161948113364,1200,11
1904,3,0.9460804728120842,1800,4
1904,4,7.093086522535322e-13,2400,4
1904,5,0.9867380993348588,3000,0
1905,0,6.028024034089496e-09,0,8
1905,1,5.959105222944169e-09,600,22
1905,2,0.0010520161948113364,1200,11
1905,3,0.9460804728120842,1800,7
1905,4,4.254709569798602e-13,2400,3
1905,5,0.9903862896181218,3000,3
1906,0,4.7492422981511996e-09,0,12
1906,1,5.959105222944169e-09,600,20
1906,2,0.0022918934198018956,1200,13
1906,3,0.9460804728120842,1800,3
1906,4,4.254709569798602e-13,2400,4
1906,5,0.9903862896181218,3000,2
1907,0,4.8584023712708035e-09,0,7
1907,1,5.959105222944169e-09,600,23
1907,2,0.002638610038671545,1200,11
1907,3,0.9391566191683565,1800,8
1907,4,4.254709569798602e-13,2400,2
1907,5,0.9903862896181218,3000,3
1908,0,6.641529113985999e-09,0,9
1908,1,6.499985305838359e-09,600,22
1908,2,0.0013062843462552994,1200,9
1908,3,0.9391566191683565,1800,5
1908,4,4.254709569798602e-13,2400,3
1908,5,0.9903862896181218,3000,5
1909,0,6.641529113985999e-09,0,7
1909,1,6.499985305838359e-09,600,23
1909,2,0.0013062843462552994,1200,12
1909,3,0.8214282287523659,1800,8
1909,4,4.254709569798602e-13,2400,4
1909,5,0.9903862896181218,3000,0
1910,0,6.641529113985999e-09,0,11
1910,1,5.249058358669736e-09,600,22
1910,2,0.0014709581137550636,1200,7
1910,3,0.8214282287523659,1800,9
1910,4,2.2088228022697028e-13,2400,3
1910,5,0.9895509277501434,3000,0
1911,0,6.641529113985999e-09,0,5
1911,1,6.905913292916732e-09,600,18
1911,2,0.0014709581137550636,1200,14
1911,3,0.6524148141845977,1800,12
1911,4,2.2088228022697028e-13,2400,5
1911,5,0.9913669588882755,3000,0
1912,0,6.641529113985999e-09,0,6
1912,1,4.644745015998783e-09,600,21
1912,2,0.0014709581137550636,1200,11
1912,3,0.6524148141845977,1800,12
1912,4,1.7213600458951505e-13,2400,3
1912,5,0.9888375472949152,3000,1
1913,0,9.276636463488075e-09,0,7
1913,1,6.695078847742197e-09,600,18
1913,2,0.0014709581137550636,1200,11
1913,3,0.6524148141845977,1800,12
1913,4,1.7213600458951505e-13,2400,4
1913,5,0.992054358483808,3000,1
1914,0,1.015685461957275e-08,0,5
1914,1,6.310563387369732e-09,600,25
1914,2,0.0014709581137550636,1200,11
1914,3,0.6524148141845977,1800,11
1914,4,2.000491955686085e-13,2400,2
1914,5,0.9924742859033906,3000,0
1915,0,1.015685461957275e-08,0,5
1915,1,6.310563387369732e-09,600,17
1915,2,0.0013790029155262861,1200,10
1915,3,0.6524148141845977,1800,15
1915,4,2.0824156534466865e-13,2400,2
1915,5,0.9924742859033906,3000,3
1916,0,1.015685461957275e-08,0,9
1916,1,6.111981374484165e-09,600,19
1916,2,0.0008205168196658504,1200,12
1916,3,0.6169157211216331,1800,9
1916,4,2.0824156534466865e-13,2400,5
1916,5,0.9924742859033906,3000,0
1917,0,6.916565778262658e-09,0,7
1917,1,8.708335098137772e-09,600,19
1917,2,0.0008205168196658504,1200,9
1917,3,0.6391349519193228,1800,13
1917,4,2.0824156534466865e-13,2400,4
1917,5,0.9924742859033906,3000,0
1918,0,6.916565778262658e-09,0,4
1918,1,8.708335098137772e-09,600,19
1918,2,0.0008205168196658504,1200,17
1918,3,0.5658922770390764,1800,11
1918,4,2.5060611041763446e-13,2400,2
1918,5,0.9909832497683033,3000,1
1919,0,6.916565778262658e-09,0,5
1919,1,8.708335098137772e-09,600,18
1919,2,0.0008205168196658504,1200,9
1919,3,0.4746987395017023,1800,22
1919,4,1.2429976316760637e-13,2400,0
1919,5,0.9902376003101074,3000,0
1920,0,6.916565778262658e-09,0,3
1920,1,8.708335098137772e-09,600,16
1920,2,0.0008205168196658504,1200,14
1920,3,0.4746987395017023,1800,17
1920,4,1.682682158765557e-13,2400,1
1920,5,0.9879503195550589,3000,3
1921,0,6.916565778262658e-09,0,6
1921,1,4.5152464124171425e-09,600,17
1921,2,0.0008205168196658504,1200,17
1921,3,0.44496046445209586,1800,8
1921,4,1.5202038391765993e-13,2400,4
1921,5,0.9879503195550589,3000,2
1922,0,2.638500610670144e-09,0,3
1922,1,3.730351485657532e-09,600,9
1922,2,0.0011085760028983953,1200,24
1922,3,0.44496046445209586,1800,12
1922,4,1.5202038391765993e-13,2400,4
1922,5,0.9879503195550589,3000,2
1923,0,2.638500610670144e-09,0,2
1923,1,3.730351485657532e-09,600,17
1923,2,0.0009409056879700352,1200,13
1923,3,0.42346791431585407,1800,15
1923,4,1.5202038391765993e-13,2400,1
1923,5,0.9879503195550589,3000,6
1924,0,2.638500610670144e-09,0,8
1924,1,2.9302641082208702e-09,600,20
1924,2,0.0005952967380598822,1200,7
1924,3,0.42346791431585407,1800,15
1924,4,2.0689870977297451e-13,2400,2
1924,5,0.9879503195550589,3000,2
1925,0,2.638500610670144e-09,0,4
1925,1,2.9302641082208702e-09,600,19
1925,2,0.00048320522540914903,1200,14
1925,3,0.42346791431585407,1800,13
1925,4,7.947460304606724e-14,2400,2
1925,5,0.9879503195550589,3000,1
1926,0,2.638500610670144e-09,0,5
1926,1,1.6174829112644016e-09,600,26
1926,2,0.0004887863651734861,1200,7
1926,3,0.42346791431585407,1800,13
1926,4,7.947460304606724e-14,2400,1
1926,5,0.9879503195550589,3000,1
1927,0,4.797417735821286e-09,0,4
1927,1,1.6174829112644016e-09,600,17
1927,2,0.0005144946780181373,1200,11
1927,3,0.42346791431585407,1800,15
1927,4,7.947460304606724e-14,2400,3
1927,5,0.9830825280124491,3000,3
1928,0,4.797417735821286e-09,0,1
1928,1,1.4136275278476816e-09,600,18
1928,2,0.0005144946780181373,1200,14
1928,3,0.31673171956009694,1800,16
1928,4,5.0458093571185665e-14,2400,1
1928,5,0.9830825280124491,3000,3
1929,0,5.526013605313636e-09,0,3
1929,1,1.4136275278476816e-09,600,18
1929,2,0.000222801643368192,1200,14
1929,3,0.31673171956009694,1800,14
1929,4,5.0458093571185665e-14,2400,5
1929,5,0.9777586518187966,3000,0
1930,0,8.068532557888621e-09,0,1
1930,1,1.4136275278476816e-09,600,18
1930,2,0.0004146457996648849,1200,17
1930,3,0.31673171956009694,1800,11
1930,4,5.0458093571185665e-14,2400,5
1930,5,0.9836901972507784,3000,2
1931,0,6.5753386621303015e-09,0,3
1931,1,1.3701964746260507e-09,600,19
1931,2,0.0003539805701013853,1200,8
1931,3,0.2699097867197818,1800,18
1931,4,5.0458093571185665e-14,2400,2
1931,5,0.9836901972507784,3000,4
1932,0,6.5753386621303015e-09,0,1
1932,1,6.819923554260653e-10,600,20
1932,2,0.0003539805701013853,1200,11
1932,3,0.1459138397898507,1800,16
1932,4,5.0458093571185665e-14,2400,2
1932,5,0.9836901972507784,3000,4
1933,0,5.618530975816679e-09,0,2
1933,1,4.119719876647215e-10,600,19
1933,2,0.0002552619876332367,1200,20
1933,3,0.1459138397898507,1800,9
1933,4,3.117957156516862e-14,2400,1
1933,5,0.9836901972507784,3000,2
1934,0,2.9403002335854597e-09,0,3
1934,1,4.119719876647215e-10,600,11
1934,2,0.00013913747136282925,1200,18
1934,3,0.1459138397898507,1800,11
1934,4,3.117957156516862e-14,2400,5
1934,5,0.9815774645112065,3000,5
1935,0,1.7053016460182857e-09,0,2
1935,1,4.119719876647215e-10,600,14
1935,2,0.00013913747136282925,1200,21
1935,3,0.1459138397898507,1800,11
1935,4,3.117957156516862e-14,2400,2
1935,5,0.9755743471473305,3000,4
1936,0,1.6583784465235432e-09,0,3
1936,1,5.842240393719345e-10,600,25
1936,2,0.00013913747136282925,1200,12
1936,3,0.21475405778397352,1800,9
1936,4,3.117957156516862e-14,2400,3
1936,5,0.9755743471473305,3000,2
1937,0,1.6583784465235432e-09,0,1
1937,1,5.842240393719345e-10,600,14
1937,2,0.00013913747136282925,1200,15
1937,3,0.20680874250102846,1800,14
1937,4,3.117957156516862e-14,2400,3
1937,5,0.9633785239381261,3000,7
1938,0,1.8229483173437408e-09,0,2
1938,1,5.436493261755374e-10,600,18
1938,2,0.00013913747136282925,1200,19
1938,3,0.20680874250102846,1800,8
1938,4,5.1512313657696106e-14,2400,1
1938,5,0.9535148660563912,3000,6
1939,0,1.8229483173437408e-09,0,3
1939,1,5.436493261755374e-10,600,21
1939,2,0.00039516041176142664,1200,8
1939,3,0.20680874250102846,1800,9
1939,4,5.1512313657696106e-14,2400,5
1939,5,0.9343694412034689,3000,8
1940,0,1.8229483173437408e-09,0,3
1940,1,5.79938965179908e-10,600,16
1940,2,0.0005822417818674953,1200,18
1940,3,0.17010922503558193,1800,14
1940,4,5.1512313657696106e-14,2400,1
1940,5,0.9529833706454058,3000,2
1941,0,1.8229483173437408e-09,0,4
1941,1,5.342930670224312e-10,600,19
1941,2,0.0004540067899648993,1200,4
1941,3,0.15632440360482058,1800,16
1941,4,5.1512313657696106e-14,2400,5
1941,5,0.9529833706454058,3000,6
1942,0,5.843231549534901e-09,0,2
1942,1,5.602231208250346e-10,600,16
1942,2,0.0004540067899648993,1200,13
1942,3,0.15632440360482058,1800,16
1942,4,5.1512313657696106e-14,2400,4
1942,5,0.9529833706454058,3000,3
1943,0,5.843231549534901e-09,0,2
1943,1,5.222338991125245e-10,600,17
1943,2,0.0004540067899648993,1200,19
1943,3,0.0984945854277618,1800,8
1943,4,5.1512313657696106e-14,2400,4
1943,5,0.9554119341366939,3000,4
1944,0,5.843231549534901e-09,0,2
1944,1,5.222338991125245e-10,600,8
1944,2,0.0004540067899648993,1200,18
1944,3,0.0984945854277618,1800,16
1944,4,1.456881493036043e-13,2400,3
1944,5,0.9554119341366939,3000,7
1945,0,4.484849984981526e-09,0,3
1945,1,5.709741674682658e-10,600,14
1945,2,0.0004540067899648993,1200,19
1945,3,0.09534127043978863,1800,10
1945,4,1.456881493036043e-13,2400,3
1945,5,0.9531884875866595,3000,5
1946,0,4.484849984981526e-09,0,1
1946,1,5.709741674682658e-10,600,11
1946,2,0.0014903226134678827,1200,15
1946,3,0.09534127043978863,1800,20
1946,4,1.456881493036043e-13,2400,1
1946,5,0.9530085699404838,3000,6
1947,0,4.484849984981526e-09,0,1
1947,1,5.709741674682658e-10,600,14
1947,2,0.001999018298939639,1200,15
1947,3,0.09534127043978863,1800,13
1947,4,1.0024065524663344e-13,2400,2
1947,5,0.9530085699404838,3000,9
1948,0,4.484849984981526e-09,0,2
1948,1,7.459911866791035e-10,600,15
1948,2,0.001999018298939639,1200,16
1948,3,0.1102329388939265,1800,14
1948,4,1.0024065524663344e-13,2400,3
1948,5,0.9834639536729902,3000,4
1949,0,4.484849984981526e-09,0,1
1949,1,9.062307932424778e-10,600,14
1949,2,0.001999018298939639,1200,13
1949,3,0.1102329388939265,1800,18
1949,4,1.0024065524663344e-13,2400,0
1949,5,0.9603052448232173,3000,7
1950,0,4.484849984981526e-09,0,2
1950,1,7.929188540241474e-10,600,20
1950,2,0.001999018298939639,1200,13
1950,3,0.07046057421346187,1800,14
1950,4,2.0470219361355077e-13,2400,3
1950,5,0.9603052448232173,3000,2
1951,0,4.484849984981526e-09,0,1
1951,1,7.929188540241474e-10,600,20
1951,2,0.001999018298939639,1200,15
1951,3,0.0660703043574502,1800,13
1951,4,2.0470219361355077e-13,2400,2
1951,5,0.9740384828397549,3000,3
1952,0,4.484849984981526e-09,0,4
1952,1,7.929188540241474e-10,600,16
1952,2,0.001999018298939639,1200,18
1952,3,0.057535093381649034,1800,16
1952,4,2.0470219361355077e-13,2400,0
1952,5,0.9877080561531164,3000,0
1953,0,1.7412970943119323e-09,0,1
1953,1,7.929188540241474e-10,600,12
1953,2,0.001999018298939639,1200,16
1953,3,0.057535093381649034,1800,22
1953,4,1.483430529995192e-13,2400,1
1953,5,0.991607897726384,3000,2
1954,0,8.07574253533978e-10,0,2
1954,1,7.929188540241474e-10,600,12
1954,2,0.001999018298939639,1200,17
1954,3,0.05745415170791628,1800,18
1954,4,1.3358447487791306e-13,2400,3
1954,5,0.991607897726384,3000,2
1955,0,8.07574253533978e-10,0,4
1955,1,7.929188540241474e-10,600,14
1955,2,0.001999018298939639,1200,20
1955,3,0.12509630921670903,1800,13
1955,4,1.1097913765032297e-13,2400,3
1955,5,0.991607897726384,3000,0
1956,0,8.269815187884096e-10,0,2
1956,1,1.4661208590511498e-09,600,20
1956,2,0.001999018298939639,1200,19
1956,3,0.12509630921670903,1800,12
1956,4,1.1097913765032297e-13,2400,1
1956,5,0.9894063600902039,3000,0
1957,0,7.182455507309815e-10,0,2
1957,1,1.4661208590511498e-09,600,15
1957,2,0.001999018298939639,1200,18
1957,3,0.10032817823692022,1800,14
1957,4,1.1097913765032297e-13,2400,3
1957,5,0.9895083627270999,3000,2
1958,0,7.182455507309815e-10,0,4
1958,1,1.6192549249747413e-09,600,16
1958,2,0.001999018298939639,1200,20
1958,3,0.10032817823692022,1800,12
1958,4,1.1097913765032297e-13,2400,0
1958,5,0.9895083627270999,3000,2
1959,0,7.182455507309815e-10,0,2
1959,1,1.6192549249747413e-09,600,11
1959,2,0.001999018298939639,1200,22
1959,3,0.09026077827717241,1800,17
1959,4,8.529745055479927e-14,2400,2
1959,5,0.9895083627270999,3000,0
1960,0,7.182455507309815e-10,0,2
1960,1,2.107508913511281e-09,600,18
1960,2,0.001999018298939639,1200,13
1960,3,0.07453405100873021,1800,15
1960,4,1.8878410406938235e-13,2400,3
1960,5,0.9895083627270999,3000,3
1961,0,7.182455507309815e-10,0,0
1961,1,2.055960912087206e-09,600,18
1961,2,0.0014611303302536779,1200,23
1961,3,0.07453405100873021,1800,10
1961,4,1.8878410406938235e-13,2400,3
1961,5,0.9934102626752024,3000,0
1962,0,1.1065029522966494e-09,0,7
1962,1,3.3016785450669187e-09,600,9
1962,2,0.0014611303302536779,1200,17
1962,3,0.07453405100873021,1800,20
1962,4,2.097367258667171e-13,2400,1
1962,5,0.9934102626752024,3000,0
1963,0,7.31207549754799e-10,0,4
1963,1,4.549299401147031e-09,600,12
1963,2,0.0014611303302536779,1200,14
1963,3,0.07453405100873021,1800,21
1963,4,2.097367258667171e-13,2400,1
1963,5,0.9934102626752024,3000,2
1964,0,4.461165050857305e-10,0,0
1964,1,4.787031624613775e-09,600,16
1964,2,0.0019655926556451813,1200,24
1964,3,0.07453405100873021,1800,12
1964,4,1.7183912224410257e-13,2400,2
1964,5,0.9934102626752024,3000,0
1965,0,4.461165050857305e-10,0,3
1965,1,4.787031624613775e-09,600,13
1965,2,0.0019655926556451813,1200,23
1965,3,0.06616736905529529,1800,13
1965,4,1.2955084669223875e-13,2400,1
1965,5,0.9868701401858099,3000,1
1966,0,4.461165050857305e-10,0,3
1966,1,4.787031624613775e-09,600,13
1966,2,0.0005499026368481696,1200,23
1966,3,0.06616736905529529,1800,11
1966,4,1.2955084669223875e-13,2400,2
1966,5,0.9868701401858099,3000,2
1967,0,4.74438255108065e-10,0,1
1967,1,4.787031624613775e-09,600,14
1967,2,0.0008720225140885121,1200,20
1967,3,0.06616736905529529,1800,16
1967,4,1.7392358741155966e-13,2400,1
1967,5,0.9851360575831842,3000,2
1968,0,4.2432173732817936e-10,0,1
1968,1,3.7109441848746155e-09,600,15
1968,2,0.0008720225140885121,1200,14
1968,3,0.06616736905529529,1800,21
1968,4,3.5780468062788074e-13,2400,0
1968,5,0.9851360575831842,3000,3
1969,0,4.2432173732817936e-10,0,3
1969,1,3.023090990533155e-09,600,20
1969,2,0.0007138568308529814,1200,16
1969,3,0.06616736905529529,1800,11
1969,4,3.5780468062788074e-13,2400,0
1969,5,0.9851360575831842,3000,3
1970,0,4.2432173732817936e-10,0,2
1970,1,3.023090990533155e-09,600,16
1970,2,0.0008062929123566007,1200,20
1970,3,0.06616736905529529,1800,10
1970,4,3.5780468062788074e-13,2400,2
1970,5,0.9813512224833084,3000,4
1971,0,1.3803935785472646e-10,0,2
1971,1,3.023090990533155e-09,600,10
1971,2,0.0008062929123566007,1200,21
1971,3,0.06616736905529529,1800,20
1971,4,3.5780468062788074e-13,2400,0
1971,5,0.9843564048911522,3000,1
1972,0,1.3803935785472646e-10,0,2
1972,1,3.023090990533155e-09,600,14
1972,2,0.000839996842126005,1200,18
1972,3,0.11952413506690963,1800,19
1972,4,3.5780468062788074e-13,2400,0
1972,5,0.9843564048911522,3000,1
1973,0,1.1657251982955765e-10,0,3
1973,1,3.023090990533155e-09,600,16
1973,2,0.000839996842126005,1200,15
1973,3,0.11952413506690963,1800,14
1973,4,3.5780468062788074e-13,2400,4
1973,5,0.9592189843802507,3000,2
1974,0,1.1657251982955765e-10,0,4
1974,1,1.337242352047996e-09,600,8
1974,2,0.0004132294191374793,1200,23
1974,3,0.11952413506690963,1800,11
1974,4,3.5780468062788074e-13,2400,1
1974,5,0.9592189843802507,3000,7
1975,0,1.1657251982955765e-10,0,2
1975,1,1.2455205172018197e-09,600,13
1975,2,0.000428936687693764,1200,18
1975,3,0.07941518805335557,1800,14
1975,4,3.5780468062788074e-13,2400,0
1975,5,0.9592189843802507,3000,7
1976,0,1.1657251982955765e-10,0,5
1976,1,1.2455205172018197e-09,600,15
1976,2,0.00045770238651966045,1200,11
1976,3,0.07941518805335557,1800,15
1976,4,3.248376464571803e-13,2400,3
1976,5,0.9592189843802507,3000,5
1977,0,1.1657251982955765e-10,0,3
1977,1,1.2455205172018197e-09,600,18
1977,2,0.0008506564108355858,1200,19
1977,3,0.07941518805335557,1800,7
1977,4,4.872719453520585e-13,2400,3
1977,5,0.9704324534982821,3000,4
1978,0,1.2406313151651335e-10,0,1
1978,1,1.2455205172018197e-09,600,10
1978,2,0.0008506564108355858,1200,22
1978,3,0.11869695641765583,1800,14
1978,4,4.872719453520585e-13,2400,4
1978,5,0.9704324534982821,3000,2
1979,0,1.2406313151651335e-10,0,0
1979,1,1.0983574071025163e-09,600,19
1979,2,0.0008506564108355858,1200,20
1979,3,0.11869695641765583,1800,13
1979,4,4.872719453520585e-13,2400,0
1979,5,0.9643681919838709,3000,2
1980,0,1.2406313151651335e-10,0,1
1980,1,1.0983574071025163e-09,600,9
1980,2,0.0008506564108355858,1200,21
1980,3,0.04523730993510568,1800,11
1980,4,4.872719453520585e-13,2400,4
1980,5,0.9643681919838709,3000,8
1981,0,1.0329044577767926e-10,0,1
1981,1,1.0269827874153376e-09,600,19
1981,2,0.0008506564108355858,1200,20
1981,3,0.04523730993510568,1800,11
1981,4,4.872719453520585e-13,2400,0
1981,5,0.9616598748451272,3000,3
1982,0,9.166569171757621e-11,0,3
1982,1,7.894774609837072e-10,600,15
1982,2,0.0008506564108355858,1200,13
1982,3,0.04523730993510568,1800,15
1982,4,5.451308413576762e-13,2400,0
1982,5,0.9603483865180837,3000,7
1983,0,4.439598857060169e-11,0,2
1983,1,7.894774609837072e-10,600,12
1983,2,0.0008506564108355858,1200,25
1983,3,0.04523730993510568,1800,6
1983,4,3.2396263393707887e-13,2400,2
1983,5,0.9603483865180837,3000,7
1984,0,4.439598857060169e-11,0,1
1984,1,7.894774609837072e-10,600,17
1984,2,0.0010423939443228736,1200,15
1984,3,0.033627636965471254,1800,15
1984,4,3.2869843347360947e-13,2400,2
1984,5,0.9653219720178379,3000,4
1985,0,4.439598857060169e-11,0,1
1985,1,7.894774609837072e-10,600,23
1985,2,0.0008326189787071568,1200,11
1985,3,0.045572955554561104,1800,14
1985,4,3.2869843347360947e-13,2400,1
1985,5,0.9653219720178379,3000,4
1986,0,4.439598857060169e-11,0,2
1986,1,7.894774609837072e-10,600,14
1986,2,0.0009255340479345948,1200,21
1986,3,0.045572955554561104,1800,10
1986,4,6.388497361510309e-13,2400,2
1986,5,0.9708537959000221,3000,5
1987,0,4.439598857060169e-11,0,1
1987,1,7.894774609837072e-10,600,18
1987,2,0.0009255340479345948,1200,8
1987,3,0.12592378872775473,1800,24
1987,4,6.395581012915231e-13,2400,2
1987,5,0.9755720207557192,3000,1
1988,0,3.7454436327136994e-11,0,1
1988,1,7.894774609837072e-10,600,20
1988,2,0.000704294917158751,1200,15
1988,3,0.18478763139409793,1800,11
1988,4,6.395581012915231e-13,2400,3
1988,5,0.9755720207557192,3000,4
1989,0,3.7454436327136994e-11,0,8
1989,1,1.2748417071167818e-09,600,17
1989,2,0.000704294917158751,1200,13
1989,3,0.1730948010070116,1800,10
1989,4,4.887187465860845e-13,2400,3
1989,5,0.9755720207557192,3000,3
1990,0,3.7454436327136994e-11,0,4
1990,1,2.6889883329626814e-09,600,17
1990,2,0.000704294917158751,1200,17
1990,3,0.1730948010070116,1800,12
1990,4,9.843945814047171e-13,2400,3
1990,5,0.9755720207557192,3000,1
1991,0,3.7454436327136994e-11,0,1
1991,1,1.4423365493769824e-09,600,15
1991,2,0.0009338806281398563,1200,10
1991,3,0.1730948010070116,1800,21
1991,4,9.843945814047171e-13,2400,6
1991,5,0.9755720207557192,3000,1
1992,0,4.2628953114875556e-11,0,3
1992,1,6.031557522355811e-10,600,19
1992,2,0.0009338806281398563,1200,14
1992,3,0.1730948010070116,1800,12
1992,4,9.843945814047171e-13,2400,3
1992,5,0.9755720207557192,3000,3
1993,0,5.1094715553980695e-11,0,2
1993,1,6.031557522355811e-10,600,20
1993,2,0.0009338806281398563,1200,11
1993,3,0.1730948010070116,1800,10
1993,4,6.76159867344091e-13,2400,5
1993,5,0.9706656663936999,3000,5
1994,0,6.761996338525595e-11,0,2
1994,1,6.031557522355811e-10,600,11
1994,2,0.0009338806281398563,1200,15
1994,3,0.1730948010070116,1800,21
1994,4,6.76159867344091e-13,2400,2
1994,5,0.9874754275182434,3000,2
1995,0,6.761996338525595e-11,0,2
1995,1,6.031557522355811e-10,600,11
1995,2,0.0009338806281398563,1200,18
1995,3,0.16868365039666228,1800,13
1995,4,8.700844189298482e-13,2400,7
1995,5,0.9874754275182434,3000,2
1996,0,6.761996338525595e-11,0,2
1996,1,6.031557522355811e-10,600,21
1996,2,0.0004803491580990936,1200,15
1996,3,0.16868365039666228,1800,13
1996,4,8.292262152818064e-13,2400,2
1996,5,0.9874754275182434,3000,1
1997,0,6.761996338525595e-11,0,1
1997,1,6.031557522355811e-10,600,13
1997,2,0.00020313481195007203,1200,15
1997,3,0.16868365039666228,1800,20
1997,4,5.522291821538181e-13,2400,3
1997,5,0.9903085896481921,3000,2
1998,0,6.761996338525595e-11,0,6
1998,1,6.031557522355811e-10,600,15
1998,2,0.00020313481195007203,1200,8
1998,3,0.3211874729593075,1800,23
1998,4,5.522291821538181e-13,2400,2
1998,5,0.9903085896481921,3000,0
1999,0,6.761996338525595e-11,0,1
1999,1,8.777886758831826e-10,600,19
1999,2,0.00020313481195007203,1200,13
1999,3,0.272777616400982,1800,17
1999,4,5.522291821538181e-13,2400,4
1999,5,0.9961632013991623,3000,0
